2 0.29947999999999997 0.532715 0.03906000000000004 0.043950000000000045
2 0.39258 0.532715 0.037760000000000016 0.043950000000000045
2 0.29817499999999997 0.6401349999999999 0.044269999999999976 0.05567
2 0.392575 0.6401349999999999 0.04297000000000001 0.05567
4 0.28841 0.600585 0.09766 0.035150000000000015
2 0.48828 0.532225 0.039059999999999984 0.042970000000000064
2 0.5833349999999999 0.532225 0.041669999999999985 0.042970000000000064
2 0.582035 0.6401349999999999 0.04427000000000003 0.05567
2 0.48567499999999997 0.6401349999999999 0.044269999999999976 0.05567
4 0.5735699999999999 0.59961 0.08984000000000003 0.03320000000000001
4 0.746095 0.57959 0.17709000000000008 0.04393999999999998
2 0.70182 0.52832 0.023439999999999905 0.04492000000000007
2 0.75065 0.52881 0.045580000000000065 0.04394000000000009
2 0.79948 0.52832 0.023440000000000016 0.04492000000000007
2 0.707035 0.63965 0.01822999999999997 0.0527399999999999
2 0.75586 0.63965 0.04296 0.0527399999999999
2 0.803385 0.63916 0.020830000000000015 0.05371999999999999
2 0.7083349999999999 0.75488 0.01823000000000008 0.0625
2 0.7578149999999999 0.7543949999999999 0.041669999999999985 0.06347000000000003
2 0.805335 0.7543949999999999 0.019530000000000047 0.06347000000000003
2 0.5833349999999999 0.753905 0.04426999999999992 0.06445000000000001
2 0.490235 0.753905 0.04816999999999999 0.06445000000000001
4 0.57422 0.7050799999999999 0.09114 0.039059999999999984
4 0.47916499999999995 0.706055 0.09374999999999994 0.04100999999999999
4 0.384765 0.706055 0.08985000000000004 0.04100999999999999
4 0.289715 0.706545 0.09765000000000001 0.04198999999999997
2 0.299475 0.753905 0.04427000000000003 0.06445000000000001
2 0.393225 0.753905 0.04427000000000003 0.06445000000000001
1 0.501955 0.667965 0.76693 0.58789
4 0.19596 0.59961 0.08723999999999998 0.03515999999999997
4 0.38802 0.6001000000000001 0.09636 0.03417999999999999
4 0.48177000000000003 0.600585 0.08593999999999996 0.03320999999999996
2 0.20507999999999998 0.532225 0.03775999999999999 0.042970000000000064
2 0.205075 0.6411150000000001 0.04297000000000001 0.05567
2 0.20573000000000002 0.75391 0.04166 0.0625
4 0.746745 0.69922 0.17839000000000005 0.029299999999999993
4 0.197265 0.7050799999999999 0.08462999999999998 0.041019999999999945
5 0.29102 0.674805 0.08723999999999998 0.02149000000000001
5 0.38802000000000003 0.675295 0.08593999999999996 0.018550000000000066
5 0.48177000000000003 0.674805 0.08593999999999996 0.017570000000000086
5 0.57943 0.674805 0.0859399999999999 0.017570000000000086
5 0.578775 0.79297 0.07683000000000006 0.01758000000000004
5 0.485025 0.793945 0.08202999999999994 0.017570000000000086
5 0.39388 0.795895 0.08204 0.019530000000000047
5 0.29557500000000003 0.795895 0.08073000000000002 0.019530000000000047
8 0.63802 0.52295 0.039059999999999984 0.04590000000000005
8 0.85547 0.52295 0.039059999999999984 0.04590000000000005
2 0.759765 0.426755 0.04037000000000002 0.04297000000000001
7 0.7506550000000001 0.42725 0.019529999999999936 0.04004000000000002
7 0.7701849999999999 0.42725 0.01693 0.04004000000000002
9 0.501955 0.485355 0.7591100000000001 0.04882999999999993
9 0.503255 0.56055 0.75911 0.02733999999999992
9 0.503255 0.80664 0.7539100000000001 0.05078000000000005
10 0.627605 0.61914 0.015630000000000033 0.08008000000000004
10 0.652345 0.61914 0.01562999999999992 0.08008000000000004
10 0.871095 0.61914 0.01562999999999992 0.08008000000000004
10 0.8444 0.6186499999999999 0.01432 0.08106000000000002
10 0.816405 0.63428 0.01040999999999992 0.049799999999999955
10 0.7799499999999999 0.63428 0.010419999999999985 0.049799999999999955
10 0.721355 0.634765 0.01041000000000003 0.04883000000000004
10 0.6796899999999999 0.63428 0.010419999999999985 0.049799999999999955
10 0.55013 0.5268550000000001 0.009120000000000017 0.04785000000000006
10 0.60482 0.52734 0.009120000000000017 0.05078000000000005
10 0.509115 0.526365 0.01041000000000003 0.04883000000000004
10 0.453125 0.525875 0.01041000000000003 0.04784999999999995
10 0.41341 0.527345 0.011719999999999953 0.04883000000000004
10 0.35872000000000004 0.5268550000000001 0.011720000000000008 0.04785000000000006
10 0.31901 0.5268550000000001 0.010419999999999985 0.04785000000000006
10 0.265625 0.5268550000000001 0.01041000000000003 0.04785000000000006
10 0.22655999999999998 0.527345 0.010420000000000013 0.04883000000000004
10 0.6796899999999999 0.52295 0.010419999999999985 0.049799999999999955
10 0.7181 0.522465 0.009120000000000017 0.04883000000000004
10 0.776695 0.52295 0.009109999999999951 0.049799999999999955
10 0.815755 0.523435 0.009109999999999951 0.04882999999999993
10 0.6796899999999999 0.549315 0.010419999999999985 0.002930000000000099
10 0.7174499999999999 0.54883 0.010419999999999985 0.0039000000000000146
10 0.817055 0.549315 0.009109999999999951 0.002930000000000099
10 0.776695 0.549315 0.009109999999999951 0.002930000000000099
10 0.54948 0.551755 0.010419999999999985 0.0019500000000000073
10 0.509115 0.5522450000000001 0.01041000000000003 0.002929999999999988
10 0.45377500000000004 0.551755 0.009110000000000007 0.00391000000000008
10 0.41406 0.552735 0.010419999999999985 0.0019500000000000073
10 0.359375 0.552735 0.01041000000000003 0.0019500000000000073
10 0.32031 0.551755 0.010419999999999985 0.0019500000000000073
10 0.26627500000000004 0.551755 0.009110000000000007 0.0019500000000000073
10 0.227215 0.552735 0.009110000000000007 0.0019500000000000073
10 0.17382999999999998 0.552735 0.00911999999999999 0.0019500000000000073
10 0.13280999999999998 0.552735 0.010420000000000013 0.0019500000000000073
10 0.17382999999999998 0.5268550000000001 0.01171999999999998 0.04785000000000006
10 0.13216 0.527835 0.011720000000000008 0.04785000000000006
10 0.872395 0.739255 0.015630000000000033 0.07617000000000007
10 0.8457049999999999 0.73877 0.01693 0.07713999999999999
10 0.6556 0.740235 0.016919999999999935 0.07616999999999996
10 0.628255 0.739745 0.01693 0.07715000000000005
10 0.68294 0.75 0.011719999999999953 0.056640000000000024
10 0.81901 0.74902 0.013020000000000032 0.056640000000000024
10 0.7832 0.748535 0.011719999999999953 0.05761000000000005
10 0.72461 0.75 0.011719999999999953 0.056640000000000024
10 0.6523399999999999 0.66162 0.023440000000000016 0.0048799999999999955
10 0.626955 0.66162 0.022129999999999983 0.0048799999999999955
10 0.68099 0.67334 0.015619999999999967 0.028320000000000012
10 0.721355 0.67285 0.015630000000000033 0.02734000000000003
10 0.77995 0.6723600000000001 0.015619999999999967 0.028320000000000012
10 0.8177099999999999 0.67334 0.015620000000000078 0.028320000000000012
10 0.8444 0.661135 0.022139999999999938 0.003909999999999969
10 0.870445 0.661135 0.022129999999999983 0.003909999999999969
10 0.873045 0.78076 0.022129999999999983 0.006839999999999957
10 0.846355 0.78076 0.020830000000000015 0.006839999999999957
10 0.81966 0.790525 0.01432 0.026370000000000005
10 0.78255 0.790525 0.015619999999999967 0.026370000000000005
10 0.7233050000000001 0.791505 0.01693 0.024410000000000043
10 0.684245 0.790525 0.01693 0.024410000000000043
10 0.6556 0.78125 0.022139999999999938 0.005859999999999976
10 0.628255 0.78076 0.022129999999999983 0.0048799999999999955
10 0.22461 0.49511499999999997 0.019540000000000002 0.015629999999999977
10 0.26627500000000004 0.49511499999999997 0.019529999999999992 0.015629999999999977
10 0.319665 0.49414 0.019529999999999992 0.015620000000000023
10 0.35872499999999996 0.49511499999999997 0.019529999999999992 0.015629999999999977
10 0.413415 0.49511499999999997 0.019529999999999992 0.015629999999999977
10 0.453125 0.49414 0.020830000000000015 0.015620000000000023
10 0.509115 0.49414 0.02083000000000007 0.015620000000000023
10 0.54948 0.49511499999999997 0.02083999999999997 0.015629999999999977
10 0.603515 0.49414 0.019530000000000047 0.015620000000000023
10 0.815755 0.49072499999999997 0.014329999999999954 0.014649999999999996
10 0.7766900000000001 0.49072499999999997 0.01432 0.014649999999999996
10 0.71875 0.49072499999999997 0.015619999999999967 0.014649999999999996
10 0.67969 0.49121000000000004 0.015619999999999967 0.015620000000000023
10 0.816405 0.60303 0.01562999999999992 0.012700000000000045
10 0.7806 0.6040049999999999 0.01432 0.012689999999999979
10 0.721355 0.6040049999999999 0.015630000000000033 0.012689999999999979
10 0.67969 0.60303 0.015619999999999967 0.012700000000000045
10 0.81901 0.7143550000000001 0.015619999999999967 0.012689999999999979
10 0.78255 0.7143550000000001 0.015619999999999967 0.012689999999999979
10 0.722655 0.71533 0.01562999999999992 0.012699999999999934
10 0.6822900000000001 0.71533 0.015620000000000078 0.012699999999999934
10 0.626955 0.5717749999999999 0.022129999999999983 0.01464999999999994
10 0.652345 0.5717749999999999 0.020830000000000015 0.01464999999999994
10 0.870445 0.5717749999999999 0.022129999999999983 0.01464999999999994
10 0.84375 0.5708 0.02083999999999997 0.014639999999999986
10 0.873045 0.69531 0.022129999999999983 0.011719999999999953
10 0.845705 0.69531 0.022129999999999983 0.011719999999999953
10 0.6556 0.69678 0.022139999999999938 0.010740000000000083
10 0.628905 0.6958 0.020830000000000015 0.010739999999999972
11 0.29752500000000004 0.879885 0.06641000000000002 0.07030999999999998
11 0.39127500000000004 0.88086 0.06641000000000002 0.07031999999999994
11 0.485025 0.879885 0.06640999999999997 0.07030999999999998
11 0.585285 0.88086 0.06640999999999997 0.07031999999999994
11 0.7552099999999999 0.878905 0.14062000000000008 0.07030999999999998
11 0.75065 0.8193349999999999 0.19922000000000006 0.009769999999999945
