1 0.59961 0.525301 0.5039 0.944078
2 0.782715 0.14048 0.043950000000000045 0.05460000000000001
2 0.685545 0.14048 0.037109999999999976 0.05460000000000001
2 0.604495 0.14114500000000002 0.037109999999999976 0.05593000000000001
2 0.521975 0.14048 0.03808999999999996 0.05460000000000001
2 0.425295 0.14114500000000002 0.04394999999999999 0.05593000000000001
2 0.9379850000000001 0.12649749999999998 0.020509999999999917 0.05592499999999999
2 0.912595 0.12716349999999998 0.020509999999999917 0.05459299999999999
2 0.754885 0.25766 0.037109999999999976 0.07855999999999999
2 0.6015600000000001 0.265645 0.03515999999999997 0.08388999999999996
2 0.447265 0.256325 0.03711000000000003 0.07856999999999997
2 0.75342 0.42210000000000003 0.04590000000000005 0.10120000000000001
2 0.450195 0.420105 0.044930000000000025 0.10253000000000001
2 0.60205 0.58855 0.049799999999999955 0.09854000000000007
2 0.27051000000000003 0.1071905 0.03319999999999995 0.075899
2 0.11377000000000001 0.103198 0.03418 0.075904
2 0.902345 0.267645 0.03321000000000007 0.07988999999999996
2 0.950195 0.267645 0.03320999999999996 0.07988999999999996
2 0.899905 0.43342 0.03809000000000007 0.09188000000000002
2 0.94678 0.43342 0.040039999999999965 0.09188000000000002
2 0.899905 0.579225 0.03809000000000007 0.09321000000000002
2 0.9462900000000001 0.577895 0.039059999999999984 0.09321000000000002
2 0.75293 0.57923 0.04492000000000007 0.08255999999999997
2 0.452145 0.57856 0.04297000000000001 0.08121999999999996
2 0.27197 0.28961000000000003 0.045900000000000024 0.09454000000000001
2 0.271485 0.4747 0.050789999999999974 0.11318000000000006
2 0.11523349999999999 0.297605 0.046872999999999984 0.11851
2 0.117185 0.48934500000000003 0.046869999999999995 0.13981000000000005
2 0.271485 0.68309 0.05468999999999999 0.13848000000000005
2 0.11474700000000002 0.703065 0.05566600000000001 0.18109000000000008
2 0.9003950000000001 0.7523299999999999 0.03711000000000009 0.09320000000000006
2 0.60205 0.76631 0.07909999999999995 0.11584000000000005
2 0.75439 0.776965 0.10254000000000008 0.13981
2 0.44775 0.77763 0.10254000000000002 0.13848000000000005
3 0.60547 0.93808 0.041019999999999945 0.11051999999999995
3 0.91797 0.91944 0.06836000000000009 0.14780000000000004
3 0.15088 0.92277 0.05761999999999999 0.14647999999999994
4 0.1123045 0.22836 0.076171 0.027960000000000013
4 0.272465 0.23369 0.07616999999999999 0.027960000000000013
5 0.27002000000000004 0.35353 0.08300000000000002 0.04127999999999998
5 0.270995 0.5479350000000001 0.09276999999999999 0.03860999999999992
6 0.1098645 0.15446 0.07715099999999998 0.03462000000000001
6 0.268065 0.15846 0.07715000000000002 0.03462000000000001
6 0.105469 0.35019999999999996 0.10742199999999999 0.08522000000000002
6 0.102539 0.5479350000000001 0.10742199999999999 0.08123000000000002
6 0.109377 0.78695 0.10742600000000002 0.08521999999999996
6 0.26709 0.7743 0.08886000000000002 0.05459999999999998
6 0.44823999999999997 0.48735000000000006 0.10156000000000004 0.04528000000000004
6 0.5991200000000001 0.47936500000000004 0.10643999999999998 0.06125000000000003
6 0.753905 0.49068 0.10350999999999999 0.043940000000000035
6 0.899415 0.494675 0.04100999999999999 0.033289999999999986
6 0.9458 0.49600500000000003 0.04200000000000004 0.03329000000000004
6 0.92822 0.6404799999999999 0.12988 0.05060000000000009
6 0.75098 0.645805 0.19921999999999995 0.05859000000000003
6 0.450195 0.6424749999999999 0.20117000000000007 0.06791000000000003
6 0.59912 0.836215 0.50098 0.06125000000000003
7 0.28418 0.4747 0.023440000000000016 0.11052000000000001
7 0.255375 0.4747 0.014649999999999996 0.11052000000000001
7 0.899415 0.597205 0.037109999999999976 0.06525000000000003
7 0.946285 0.59787 0.037109999999999976 0.06391999999999998
8 0.5083 0.251 0.06347999999999998 0.09187999999999999
8 0.38086 0.24700499999999997 0.0625 0.09186999999999998
8 0.69141 0.25566 0.0625 0.08521999999999999
8 0.81836 0.24900499999999998 0.0625 0.09320999999999999
9 0.6001 0.201065 0.49901999999999996 0.05593000000000001
9 0.59961 0.32023999999999997 0.4961 0.06258000000000002
9 0.59961 0.66711 0.49413999999999997 0.026639999999999997
9 0.601075 0.866845 0.5009699999999999 0.037290000000000045
10 0.51172 0.476695 0.015620000000000078 0.21039000000000002
10 0.53418 0.476695 0.015619999999999967 0.21039000000000002
10 0.387695 0.475365 0.015629999999999977 0.21038999999999997
10 0.36621000000000004 0.476695 0.015620000000000023 0.21039000000000002
10 0.6699200000000001 0.476695 0.015620000000000078 0.21039000000000002
10 0.692385 0.476695 0.015630000000000033 0.21039000000000002
10 0.81543 0.476695 0.015619999999999967 0.21039000000000002
10 0.836915 0.47802999999999995 0.015630000000000033 0.21037999999999996
10 0.19189499999999998 0.288945 0.01075000000000001 0.09321000000000002
10 0.036133 0.287615 0.009765999999999997 0.09321000000000002
10 0.146485 0.480695 0.009770000000000001 0.09321000000000002
10 0.081055 0.47936500000000004 0.009765999999999997 0.09321000000000007
10 0.19091999999999998 0.47204 0.01074 0.11052000000000001
10 0.148925 0.719705 0.010749999999999982 0.08389000000000002
10 0.0839845 0.71904 0.009764999999999996 0.08522000000000007
10 0.18115 0.719705 0.0048799999999999955 0.08389000000000002
10 0.18994 0.671105 0.012699999999999989 0.11185
10 0.23095500000000002 0.67177 0.012690000000000007 0.11318000000000006
10 0.30810499999999996 0.67177 0.012690000000000035 0.11318000000000006
10 0.414555 0.400135 0.014649999999999996 0.10785
10 0.484375 0.40080000000000005 0.01366999999999996 0.10652
10 0.42383 0.262985 0.009759999999999991 0.06524999999999997
10 0.47119 0.262985 0.010739999999999972 0.06524999999999997
10 0.62451 0.27097499999999997 0.010739999999999972 0.06524999999999997
10 0.5786100000000001 0.27164 0.010740000000000083 0.06657999999999997
10 0.66992 0.25299499999999997 0.009759999999999991 0.04526999999999998
10 0.731445 0.26498 0.009770000000000056 0.06657999999999997
10 0.77832 0.26498 0.009759999999999991 0.06657999999999997
10 0.84082 0.254325 0.009759999999999991 0.04526999999999998
10 0.868655 0.26498 0.01464999999999994 0.08255999999999997
10 0.98584 0.26498 0.014640000000000097 0.08255999999999997
10 0.868165 0.47137 0.015630000000000033 0.15180000000000005
10 0.923825 0.46404999999999996 0.007810000000000095 0.07590000000000002
10 0.878905 0.5965400000000001 0.003909999999999969 0.04793999999999998
10 0.92334 0.598535 0.006840000000000068 0.05193000000000003
10 0.64941 0.78695 0.01758000000000004 0.08788000000000007
10 0.5537099999999999 0.787615 0.01758000000000004 0.08655000000000002
10 0.0361325 0.35153 0.011719 0.034619999999999984
10 0.19189499999999998 0.35286 0.012690000000000007 0.034619999999999984
10 0.19092 0.54594 0.012699999999999989 0.03727999999999998
10 0.189945 0.762315 0.014649999999999996 0.07057000000000002
10 0.231445 0.76298 0.013669999999999988 0.06923999999999997
10 0.30761499999999997 0.76298 0.013670000000000015 0.06923999999999997
10 0.41455 0.57723 0.010740000000000027 0.07323999999999997
10 0.4834 0.57723 0.009759999999999991 0.07323999999999997
10 0.71924 0.57856 0.010739999999999972 0.07589999999999997
10 0.79004 0.57856 0.009759999999999991 0.07323999999999997
10 0.56543 0.585885 0.011719999999999953 0.09055000000000002
10 0.63818 0.58655 0.010739999999999972 0.08922000000000008
10 0.56543 0.647805 0.013679999999999914 0.03328999999999993
10 0.638675 0.647805 0.013670000000000071 0.03328999999999993
10 0.484865 0.46338 0.012689999999999979 0.015979999999999994
10 0.41455 0.46205 0.012699999999999989 0.015979999999999994
10 0.71875 0.46404500000000004 0.013679999999999914 0.017309999999999992
10 0.788575 0.46338 0.012689999999999979 0.015979999999999994
10 0.71875 0.40213 0.011719999999999953 0.10652
10 0.78906 0.40213 0.011719999999999953 0.10652
10 0.923825 0.50466 0.013670000000000071 0.005319999999999991
10 0.868655 0.581225 0.020509999999999917 0.07057000000000002
10 0.92285 0.64048 0.009760000000000102 0.03195999999999999
10 0.8793949999999999 0.63782 0.00488999999999995 0.034619999999999984
10 0.88037 0.503325 0.006839999999999957 0.007989999999999997
10 0.87842 0.462715 0.0048799999999999955 0.07323000000000002
10 0.17870999999999998 0.779625 0.005860000000000004 0.03329000000000004
10 0.0361325 0.232355 0.015624999999999997 0.017309999999999992
10 0.191405 0.23302 0.015630000000000005 0.015979999999999994
10 0.191405 0.41078499999999996 0.015630000000000005 0.014649999999999996
10 0.0805665 0.418775 0.016601000000000005 0.027969999999999995
10 0.14648499999999998 0.418775 0.015630000000000005 0.03062999999999999
10 0.18945499999999998 0.607855 0.01953000000000002 0.01464999999999994
10 0.083496 0.6704399999999999 0.014647999999999994 0.01197999999999999
10 0.14843499999999998 0.6704399999999999 0.015630000000000005 0.01197999999999999
10 0.180175 0.669775 0.006830000000000003 0.013309999999999933
10 0.23047 0.60852 0.015619999999999995 0.013319999999999999
10 0.30761499999999997 0.60852 0.015629999999999977 0.013319999999999999
10 0.36475 0.35752 0.02245999999999998 0.027959999999999985
10 0.38721 0.35619 0.022460000000000035 0.02529999999999999
10 0.5112300000000001 0.358185 0.022460000000000035 0.026629999999999987
10 0.53369 0.358185 0.022459999999999924 0.026629999999999987
10 0.66943 0.358185 0.022460000000000035 0.026629999999999987
10 0.69287 0.35885500000000004 0.022459999999999924 0.02528999999999998
10 0.81592 0.358185 0.022460000000000035 0.026629999999999987
10 0.83643 0.359525 0.022459999999999924 0.026629999999999987
10 0.86768 0.38082499999999997 0.022459999999999924 0.029289999999999983
10 0.553225 0.7376849999999999 0.020510000000000028 0.013310000000000044
10 0.648435 0.7356849999999999 0.019530000000000047 0.01464999999999994
10 0.56494 0.52796 0.012699999999999934 0.02529999999999999
10 0.6386700000000001 0.52929 0.011720000000000064 0.02529999999999999
10 0.7192350000000001 0.53329 0.01464999999999994 0.014639999999999986
10 0.789555 0.53462 0.014650000000000052 0.014639999999999986
10 0.87988 0.420775 0.005859999999999976 0.010649999999999993
10 0.92432 0.420775 0.010739999999999972 0.010649999999999993
10 0.92334 0.5665800000000001 0.012700000000000045 0.01197999999999999
10 0.87988 0.5665800000000001 0.005859999999999976 0.01197999999999999
10 0.41455 0.531955 0.016600000000000004 0.017310000000000048
10 0.484375 0.5326200000000001 0.017569999999999975 0.015979999999999994
10 0.8696299999999999 0.217045 0.01856000000000002 0.013310000000000016
10 0.98584 0.217045 0.01856000000000002 0.013310000000000016
10 0.84082 0.224365 0.015619999999999967 0.014649999999999996
10 0.778805 0.2237 0.01464999999999994 0.015979999999999994
10 0.731445 0.2237 0.015630000000000033 0.015979999999999994
10 0.669435 0.223035 0.014650000000000052 0.014649999999999996
10 0.6245149999999999 0.23036 0.01464999999999994 0.015979999999999994
10 0.578615 0.23036 0.014650000000000052 0.015979999999999994
10 0.532225 0.2237 0.01562999999999992 0.015979999999999994
10 0.47168 0.22237 0.015620000000000023 0.015980000000000022
10 0.424315 0.2237 0.014649999999999996 0.015979999999999994
10 0.532715 0.254325 0.010749999999999926 0.04526999999999998
10 0.362795 0.22237 0.014649999999999996 0.015980000000000022
11 0.5981449999999999 0.702395 0.11817 0.049269999999999925
11 0.7568349999999999 0.70306 0.11719000000000002 0.05059999999999998
11 0.43994 0.70439 0.11816000000000004 0.05059999999999998
11 0.7583 0.93875 0.10253999999999996 0.11451999999999996
11 0.8261700000000001 0.9820249999999999 0.01758000000000004 0.02796999999999994
11 0.46386499999999997 0.9334199999999999 0.23046999999999995 0.11717999999999995
11 0.21337899999999999 0.920105 0.26074200000000003 0.1491300000000001
6 0.15869 0.0439413 0.12988 0.0852194
2 0.6025400000000001 0.432755 0.050779999999999936 0.12251000000000001
