1 0.4988925 0.5009755 0.906875 0.957029
2 0.353655 0.14893 0.05764999999999998 0.0791
2 0.49778500000000003 0.14893 0.057650000000000035 0.0791
2 0.6441250000000001 0.14893 0.05765000000000009 0.0791
2 0.352 0.32764 0.05653999999999998 0.09082000000000001
2 0.49722999999999995 0.32764 0.05653999999999998 0.09082000000000001
2 0.64357 0.32666 0.056540000000000035 0.09082000000000001
2 0.35255000000000003 0.49463 0.05543999999999999 0.09471999999999997
2 0.211195 0.32764 0.04988999999999999 0.09082000000000001
2 0.14412 0.32764 0.04877999999999999 0.09082000000000001
2 0.78381 0.32764 0.050999999999999934 0.09082000000000001
2 0.8519950000000001 0.32715 0.05210999999999999 0.09179999999999999
2 0.21064 0.49463 0.04877999999999999 0.09471999999999997
2 0.14468 0.49463 0.052099999999999994 0.09667999999999993
2 0.497785 0.49414 0.05542999999999998 0.09569999999999995
2 0.643015 0.49414 0.05543000000000009 0.09569999999999995
2 0.7854749999999999 0.492675 0.05210999999999999 0.09472999999999998
2 0.8525499999999999 0.49365499999999995 0.051000000000000045 0.09472999999999993
2 0.35531999999999997 0.66455 0.05875999999999998 0.09863999999999995
2 0.645235 0.664065 0.05764999999999998 0.09960999999999998
2 0.14357 0.6650400000000001 0.052099999999999994 0.10155999999999998
2 0.210645 0.66455 0.05320999999999998 0.10058
2 0.787695 0.6650400000000001 0.04988999999999999 0.10155999999999998
2 0.85643 0.6640600000000001 0.052100000000000035 0.10155999999999998
2 0.35309999999999997 0.85107 0.05653999999999998 0.09667999999999999
2 0.49834 0.85205 0.056540000000000035 0.09667999999999999
2 0.643015 0.850585 0.05543000000000009 0.09765000000000001
2 0.17461 0.14941500000000002 0.09202000000000002 0.08007
2 0.8198449999999999 0.15039 0.09201000000000004 0.08007999999999998
3 0.179045 0.884765 0.13415 0.18359000000000003
2 0.499445 0.6806650000000001 0.05874999999999997 0.13476999999999995
4 0.354215 0.430175 0.11419000000000001 0.07519000000000003
4 0.500555 0.430175 0.11418999999999996 0.07519000000000003
4 0.64357 0.42969 0.11419999999999997 0.07422000000000001
4 0.1795995 0.43799 0.17738099999999996 0.09667999999999999
4 0.8253900000000001 0.436525 0.18957999999999997 0.09765000000000001
4 0.1818195 0.58545 0.18182099999999995 0.14746000000000004
4 0.82151 0.5834999999999999 0.18181999999999998 0.15332
4 0.50554 0.5942350000000001 0.11752000000000001 0.07714999999999994
4 0.17848999999999998 0.277345 0.14856 0.07226999999999997
4 0.35255000000000003 0.27881 0.09090000000000004 0.045899999999999996
4 0.49944500000000003 0.27881 0.09200999999999998 0.045899999999999996
4 0.64468 0.2793 0.09201999999999999 0.04491999999999996
4 0.820955 0.275875 0.14966999999999997 0.07129000000000002
5 0.35421 0.558105 0.09202000000000005 0.036129999999999995
5 0.49944500000000003 0.558595 0.09644999999999998 0.035150000000000015
5 0.64357 0.55713 0.09201999999999999 0.03614000000000006
5 0.17905 0.558595 0.15632000000000001 0.03711000000000009
5 0.82095 0.558105 0.15632000000000001 0.036129999999999995
6 0.506095 0.743655 0.11862999999999996 0.08300999999999992
8 0.18625350000000002 0.76123 0.203993 0.11621999999999999
8 0.832595 0.7666 0.21065 0.1308600000000001
9 0.5005525 0.22998000000000002 0.894675 0.09082000000000001
9 0.49778449999999996 0.57617 0.895791 0.07225999999999999
9 0.49999899999999997 0.754395 0.898002 0.08496999999999999
9 0.4988895 0.09765750000000001 0.898001 0.107425
11 0.82428 0.882325 0.13413999999999993 0.18652999999999997
11 0.9235 0.84961 0.046559999999999935 0.023440000000000016
8 0.01662965 0.17529 0.0288247 0.05176
4 0.355875 0.5893550000000001 0.10199000000000003 0.06738999999999995
4 0.64579 0.59033 0.10309999999999997 0.06738
