1 0.476297 0.518323 0.790066 0.884814
2 0.264105 0.23691 0.045149999999999996 0.08638000000000001
2 0.26185 0.383505 0.04514000000000001 0.08639000000000002
2 0.679455 0.23167500000000002 0.04515000000000002 0.08639
2 0.679455 0.384815 0.04515000000000002 0.08900999999999998
2 0.259595 0.53403 0.04514999999999997 0.08899999999999997
2 0.679455 0.53403 0.04515000000000002 0.08899999999999997
2 0.12867 0.38088999999999995 0.03159999999999999 0.09686
2 0.12641 0.5327200000000001 0.0316 0.09686000000000006
2 0.12867 0.23822 0.03159999999999999 0.09423999999999999
2 0.81941 0.2212 0.03159999999999996 0.09685999999999997
2 0.82054 0.37041999999999997 0.029340000000000033 0.09686
2 0.82167 0.530105 0.03160000000000007 0.09684999999999999
2 0.353275 0.23691 0.02483000000000002 0.08638000000000001
2 0.42438 0.234295 0.02257999999999999 0.08639000000000002
2 0.5158050000000001 0.232985 0.02483000000000002 0.08377000000000001
2 0.5891649999999999 0.230365 0.02257000000000009 0.08376999999999998
2 0.5857749999999999 0.383505 0.02483000000000002 0.08639000000000002
2 0.5158050000000001 0.38089 0.02483000000000002 0.08638000000000001
2 0.423255 0.383505 0.02483000000000002 0.08639000000000002
2 0.35101499999999997 0.384815 0.024829999999999963 0.08377000000000001
2 0.35101499999999997 0.53534 0.024829999999999963 0.09162000000000003
2 0.422125 0.53534 0.022570000000000034 0.09162000000000003
2 0.514675 0.53534 0.02256999999999998 0.09162000000000003
2 0.5891649999999999 0.53534 0.02257000000000009 0.09162000000000003
2 0.38826 0.234295 0.03612000000000004 0.08639000000000002
2 0.55192 0.229055 0.03386 0.08639
2 0.386005 0.383505 0.036109999999999975 0.08639000000000002
2 0.54853 0.383505 0.03612000000000004 0.08639000000000002
2 0.38713 0.53534 0.03386 0.09162000000000003
2 0.55192 0.53403 0.03386 0.08899999999999997
2 0.260725 0.6976450000000001 0.060950000000000004 0.08639000000000008
2 0.680585 0.695025 0.06095000000000006 0.08638999999999997
2 0.386005 0.696335 0.11287000000000003 0.08901000000000003
2 0.55079 0.696335 0.11285999999999996 0.08901000000000003
2 0.095938 0.24345499999999998 0.015804 0.08901
2 0.095938 0.387435 0.015804 0.08900999999999998
2 0.09706300000000001 0.53403 0.018054 0.09424000000000005
2 0.15801500000000002 0.22905999999999999 0.00903000000000001 0.09162000000000001
2 0.160275 0.376965 0.009029999999999982 0.08901000000000003
2 0.15801500000000002 0.528795 0.00903000000000001 0.08901000000000003
2 0.19187500000000002 0.528795 0.00903000000000001 0.08901000000000003
2 0.194135 0.37827 0.009029999999999982 0.09162000000000003
2 0.196385 0.230365 0.009029999999999982 0.08901
2 0.1298 0.12434500000000001 0.03386 0.013090000000000004
2 0.8228 0.1073295 0.03837999999999997 0.020941
2 0.8544 0.22644 0.015799999999999925 0.09161999999999998
2 0.8544 0.37958000000000003 0.015799999999999925 0.08900000000000002
2 0.85666 0.528795 0.015800000000000036 0.08901000000000003
2 0.78668 0.52356 0.015799999999999925 0.08900000000000002
2 0.78668 0.21334999999999998 0.015799999999999925 0.09162000000000001
2 0.78668 0.36911 0.015799999999999925 0.08899999999999997
2 0.752825 0.217275 0.011290000000000022 0.08901
2 0.752825 0.36911 0.011290000000000022 0.08899999999999997
2 0.75508 0.52618 0.011279999999999957 0.08899999999999997
4 0.26072 0.32067999999999997 0.08352000000000004 0.034040000000000015
4 0.68397 0.312825 0.08577999999999997 0.034030000000000005
4 0.553045 0.316755 0.07223000000000002 0.036650000000000016
4 0.38826 0.316755 0.07223999999999997 0.036650000000000016
4 0.26185 0.454185 0.08578000000000002 0.03927000000000003
4 0.67946 0.45157 0.08578000000000008 0.03926000000000002
4 0.38826 0.458115 0.13544 0.047130000000000005
4 0.55079 0.459425 0.13544 0.044509999999999994
5 0.261855 0.590315 0.07674999999999998 0.018329999999999957
5 0.387135 0.59293 0.12867 0.023559999999999914
5 0.55079 0.59031 0.13091999999999998 0.023560000000000025
5 0.680585 0.590315 0.07901000000000002 0.018329999999999957
5 0.26185 0.435865 0.07224000000000003 0.018329999999999957
5 0.38487499999999997 0.435865 0.12415000000000004 0.018329999999999957
5 0.55305 0.434555 0.12190000000000001 0.015710000000000002
5 0.6817150000000001 0.43063 0.07674999999999998 0.023560000000000025
5 0.26185 0.28665 0.07224000000000003 0.018320000000000003
5 0.38939 0.28403 0.12415999999999999 0.018320000000000003
5 0.55192 0.28141499999999997 0.12415999999999999 0.018330000000000013
5 0.6828449999999999 0.28141499999999997 0.06996999999999998 0.018330000000000013
6 0.93341 0.46989500000000006 0.10158 0.08639000000000002
6 0.93792 0.613875 0.10158 0.08639000000000008
6 0.02821685 0.47644 0.047404299999999996 0.09424000000000005
6 0.02821685 0.62304 0.047404299999999996 0.09423999999999999
8 0.0936805 0.469895 0.020319000000000004 0.028789999999999982
8 0.156885 0.46597 0.020309999999999995 0.02617999999999998
8 0.19639 0.46728000000000003 0.018059999999999993 0.028799999999999992
8 0.12641 0.467275 0.036119999999999985 0.034030000000000005
8 0.858915 0.46465999999999996 0.02031000000000005 0.034040000000000015
8 0.827315 0.460735 0.038370000000000015 0.031409999999999993
8 0.790065 0.45811500000000005 0.02709000000000006 0.031409999999999993
8 0.7505649999999999 0.460735 0.02483000000000002 0.031409999999999993
9 0.4763 0.151835 0.52822 0.07852999999999999
9 0.47291 0.62304 0.52144 0.02617999999999998
11 0.468395 0.77487 0.14673000000000003 0.04711999999999994
11 0.265235 0.865185 0.07449000000000003 0.13351000000000002
11 0.671555 0.86649 0.07901000000000002 0.13612000000000002
11 0.5474049999999999 0.86649 0.13768999999999998 0.13612000000000002
11 0.386005 0.8678 0.13995000000000002 0.13349999999999995
2 0.14785500000000001 0.6976450000000001 0.04289000000000001 0.09162999999999999
2 0.800225 0.698955 0.042889999999999984 0.08901000000000003
10 0.309255 0.87958 0.013549999999999951 0.12041999999999997
10 0.46726999999999996 0.88089 0.02257999999999999 0.12303999999999993
10 0.6252800000000001 0.88089 0.013539999999999996 0.12303999999999993
10 0.46614 0.8089 0.029340000000000033 0.02094000000000007
10 0.6252800000000001 0.81021 0.03159999999999996 0.023560000000000025
10 0.309255 0.80759 0.036109999999999975 0.018320000000000003
