1 0.50048655 0.544763 0.9970669 0.9070940000000001
2 0.0419925 0.263515 0.029296999999999997 0.06081
2 0.0419925 0.38598 0.029296999999999997 0.06588
2 0.162595 0.26436000000000004 0.03223000000000001 0.059120000000000006
2 0.307615 0.263515 0.03125 0.06081
2 0.437015 0.26267 0.03027000000000002 0.05911999999999998
2 0.508785 0.26605 0.031250000000000056 0.05911999999999998
2 0.62744 0.26436000000000004 0.032219999999999915 0.059120000000000006
2 0.6987300000000001 0.26098 0.030279999999999974 0.055739999999999984
2 0.82715 0.26098 0.029299999999999993 0.055739999999999984
2 0.967285 0.26267 0.030269999999999908 0.05574000000000001
2 0.967775 0.38344500000000004 0.03125 0.06419000000000002
2 0.827635 0.38090999999999997 0.03222999999999998 0.059120000000000006
2 0.7041 0.38090999999999997 0.029299999999999993 0.06588
2 0.626955 0.38429 0.03125 0.06588
2 0.507815 0.38344500000000004 0.03125 0.06419000000000002
2 0.441895 0.381755 0.03027000000000002 0.06418999999999997
2 0.162105 0.385135 0.03125 0.06418999999999997
2 0.041016 0.516895 0.031249999999999997 0.06418999999999997
2 0.0385745 0.644425 0.030273 0.06925000000000003
2 0.625 0.51267 0.031239999999999934 0.062499999999999944
2 0.623045 0.63429 0.03125 0.0625
2 0.703615 0.510135 0.03027000000000002 0.06081000000000003
2 0.509275 0.5135149999999999 0.03027000000000002 0.060809999999999975
2 0.70215 0.63598 0.029299999999999993 0.06587999999999994
2 0.9668000000000001 0.510135 0.029299999999999993 0.06756999999999996
2 0.9668000000000001 0.63429 0.029299999999999993 0.06587999999999994
2 0.824705 0.5076 0.03027000000000002 0.05574000000000001
2 0.822265 0.64105 0.03125 0.0625
2 0.378905 0.26436 0.015630000000000033 0.06249999999999997
2 0.56836 0.26605 0.015619999999999967 0.0625
2 0.56836 0.38429 0.015619999999999967 0.0625
2 0.56543 0.51267 0.015619999999999967 0.062499999999999944
2 0.756835 0.26436 0.015630000000000033 0.06249999999999997
2 0.754885 0.38429 0.015630000000000033 0.0625
2 0.898435 0.26267 0.015630000000000033 0.06250000000000003
2 0.896485 0.38091 0.015630000000000033 0.0625
2 0.754885 0.51267 0.015630000000000033 0.062499999999999944
2 0.140135 0.11402 0.006830000000000003 0.011819999999999997
2 0.282225 0.11402 0.007809999999999984 0.011819999999999997
2 0.404295 0.11571000000000001 0.007809999999999984 0.011820000000000011
2 0.498535 0.114865 0.006830000000000003 0.01013
2 0.874025 0.11571000000000001 0.007809999999999984 0.011820000000000011
2 0.696775 0.7652049999999999 0.03027000000000002 0.06757000000000002
2 0.623045 0.765205 0.03125 0.06081000000000003
4 0.56836 0.338685 0.04296 0.04898999999999998
4 0.898435 0.338685 0.04296999999999995 0.04898999999999998
4 0.756345 0.338685 0.04199000000000008 0.04898999999999998
4 0.509275 0.338685 0.059569999999999956 0.04898999999999998
4 0.44336 0.33446 0.05860000000000004 0.04730000000000001
4 0.626465 0.33953 0.05957000000000001 0.04730000000000001
4 0.7085 0.33615 0.05176000000000003 0.04730000000000001
4 0.967285 0.331925 0.05761000000000005 0.042230000000000045
4 0.04248 0.21284 0.055664 0.03377999999999998
4 0.16161999999999999 0.21284 0.055660000000000015 0.03377999999999998
4 0.30859000000000003 0.21453 0.05663999999999997 0.03377999999999998
4 0.438965 0.21453 0.05567 0.03377999999999998
4 0.510255 0.21453 0.05566999999999994 0.03377999999999998
4 0.62744 0.21537 0.05566000000000004 0.03209999999999999
4 0.69971 0.21284 0.05565999999999993 0.03377999999999998
4 0.8286150000000001 0.211995 0.05567 0.03208999999999998
4 0.967285 0.21284 0.05567 0.03377999999999998
4 0.898435 0.210305 0.037109999999999976 0.03209000000000001
4 0.756835 0.21453 0.037109999999999976 0.03377999999999998
4 0.567385 0.21453 0.037109999999999976 0.03377999999999998
4 0.378905 0.21453 0.037109999999999976 0.03377999999999998
5 0.0415035 0.300675 0.040039000000000005 0.020269999999999955
5 0.50928 0.30659000000000003 0.04980000000000001 0.025339999999999974
5 0.626465 0.3049 0.04981000000000002 0.02534000000000003
5 0.5678700000000001 0.304055 0.032220000000000026 0.02027000000000001
5 0.755855 0.304055 0.03125 0.02027000000000001
5 0.89795 0.304055 0.032220000000000026 0.02027000000000001
5 0.967285 0.302365 0.04981000000000002 0.023650000000000004
6 0.83008 0.31840999999999997 0.058599999999999985 0.06926000000000004
6 0.70215 0.30152 0.06053999999999993 0.038860000000000006
6 0.441895 0.30152 0.05957000000000001 0.028719999999999968
6 0.831055 0.4375 0.06641000000000008 0.05744000000000005
7 0.50732 0.370775 0.028320000000000067 0.03547
9 0.4999981 0.18665500000000002 0.9921838000000001 0.08276999999999998
9 0.5004881 0.30996500000000005 0.9931638 0.038849999999999996
9 0.5004881 0.43243 0.9931638 0.040539999999999965
11 0.730955 0.0608088 0.20801000000000003 0.1114824
