1 0.5010889 0.50048828 0.9934822 0.99902344
2 0.678265 0.11035299999999999 0.18260999999999994 0.07617399999999999
2 0.33152000000000004 0.11035299999999999 0.18478 0.07617399999999999
2 0.332605 0.27051000000000003 0.18261000000000002 0.08398
2 0.680435 0.26953 0.18260999999999994 0.08398000000000003
2 0.684785 0.44092 0.16086999999999996 0.08495999999999998
2 0.33152000000000004 0.441895 0.1587 0.08496999999999999
2 0.33587 0.612305 0.15869999999999995 0.08399000000000001
2 0.680435 0.6098600000000001 0.16087000000000007 0.08496000000000004
2 0.171738 0.785155 0.22608399999999998 0.07030999999999998
2 0.83152 0.782715 0.21955999999999998 0.06347000000000003
2 0.50326 0.78467 0.36304000000000003 0.06933999999999996
2 0.170653 0.732425 0.245654 0.025390000000000024
2 0.8380449999999999 0.728515 0.24565000000000003 0.025390000000000024
2 0.50326 0.730955 0.37608 0.024410000000000043
5 0.32283 0.32323999999999997 0.27174 0.03906000000000004
5 0.67717 0.32323999999999997 0.27174 0.03906000000000004
5 0.673915 0.495605 0.27391 0.03809000000000007
5 0.33152000000000004 0.50049 0.27174000000000004 0.03808000000000006
5 0.33043500000000003 0.157225 0.27391 0.027349999999999985
5 0.67826 0.15625 0.27391999999999994 0.027339999999999975
8 0.49890999999999996 0.0581055 0.06303999999999993 0.071289
8 0.844565 0.0581055 0.06305000000000005 0.071289
8 0.952175 0.059570500000000005 0.06086999999999998 0.070313
8 0.15 0.057616999999999995 0.06086000000000001 0.070312
8 0.0413045 0.058594 0.060869 0.070312
8 0.673915 0.052734500000000004 0.06957000000000002 0.039062999999999994
8 0.33043500000000003 0.052734500000000004 0.06956999999999997 0.039062999999999994
9 0.5076065 0.15625 0.967387 0.019540000000000002
9 0.5021755 0.0527342 0.9695689999999999 0.0937496
9 0.5010855 0.700685 0.9673889999999999 0.03808999999999996
11 0.622825 0.842285 0.65435 0.03809000000000007
11 0.6358699999999999 0.94092 0.2195600000000001 0.10840000000000005
11 0.41957 0.93506 0.19999999999999996 0.0908199999999999
11 0.85652 0.93262 0.20000000000000007 0.08983999999999992
3 0.163041 0.9438500000000001 0.23477800000000001 0.10839999999999994
