1 0.5034195 0.50113895 0.864261 0.9977221
2 0.150395 0.23234500000000002 0.04297000000000001 0.05923000000000003
2 0.44677500000000003 0.23007 0.04394999999999999 0.05922000000000002
2 0.619625 0.22665 0.04784999999999995 0.06378
2 0.790035 0.22836 0.04883000000000004 0.05808000000000002
2 0.791505 0.396355 0.04198999999999997 0.10250999999999999
2 0.618655 0.395215 0.04199000000000008 0.10250999999999999
2 0.44872999999999996 0.396925 0.04199999999999998 0.09908999999999996
2 0.299315 0.396355 0.04198999999999997 0.09794999999999998
2 0.14795 0.546125 0.04199999999999998 0.10136999999999996
2 0.297365 0.547265 0.04198999999999997 0.10136999999999996
2 0.44677500000000003 0.5478350000000001 0.04199000000000003 0.10479000000000005
2 0.615235 0.548975 0.04296999999999995 0.10251000000000005
2 0.78857 0.549545 0.04590000000000005 0.10364999999999996
2 0.787595 0.70672 0.04785000000000006 0.10592000000000001
2 0.6162099999999999 0.70444 0.04491999999999996 0.10364000000000007
2 0.4458 0.7027300000000001 0.045899999999999996 0.10706000000000004
2 0.29541 0.702165 0.04393999999999998 0.10365000000000002
2 0.146975 0.7033050000000001 0.04394999999999999 0.10137000000000007
2 0.14551 0.840545 0.04492 0.05238999999999994
2 0.296875 0.841685 0.044930000000000025 0.05238999999999994
2 0.44287 0.842255 0.04393999999999998 0.053529999999999966
2 0.788575 0.855925 0.05174999999999996 0.03759000000000001
4 0.29541 0.800115 0.08692 0.05125000000000002
4 0.144045 0.798405 0.08691 0.05010999999999999
4 0.44677500000000003 0.800115 0.08690999999999999 0.05125000000000002
4 0.78955 0.8041 0.08692 0.05012000000000005
4 0.14844 0.484055 0.062499999999999986 0.022770000000000012
4 0.29785 0.48349 0.0625 0.021640000000000048
4 0.44678 0.48462 0.06152000000000002 0.021639999999999993
4 0.61865 0.48462 0.06152000000000002 0.021639999999999993
4 0.79053 0.48462 0.06738 0.021639999999999993
6 0.148925 0.28303 0.05957000000000001 0.03758
6 0.44922 0.284165 0.058599999999999985 0.033030000000000004
6 0.6206050000000001 0.28303 0.05761000000000005 0.03076000000000001
6 0.79199 0.28132 0.056640000000000024 0.02961999999999998
6 0.14697 0.44248 0.061520000000000005 0.06947999999999999
6 0.29883 0.44362 0.0625 0.06947999999999999
6 0.44873 0.44362 0.06152000000000002 0.06947999999999999
6 0.61914 0.44020499999999996 0.06835999999999998 0.06946999999999998
6 0.7939449999999999 0.441345 0.06835000000000002 0.06946999999999998
6 0.791015 0.59795 0.07227000000000006 0.07289999999999996
6 0.620115 0.59795 0.07030999999999998 0.07289999999999996
6 0.44824 0.59738 0.0625 0.06947999999999999
6 0.29687 0.59795 0.0625 0.07518000000000002
6 0.14746 0.59738 0.06250000000000001 0.07404
6 0.14648 0.7460100000000001 0.0625 0.06378000000000006
6 0.29541 0.7460100000000001 0.06152000000000002 0.06378000000000006
6 0.44678 0.74943 0.06152000000000002 0.06378000000000006
6 0.6181650000000001 0.74886 0.06640999999999997 0.06264000000000003
6 0.79199 0.75171 0.07421999999999995 0.06377999999999995
6 0.1440435 0.90376 0.110353 0.08085999999999993
6 0.29492 0.904895 0.11914000000000002 0.08087
6 0.794435 0.9117299999999999 0.11817 0.08086000000000004
7 0.7714799999999999 0.22779 0.011720000000000064 0.05922000000000002
7 0.8081050000000001 0.22494000000000003 0.01464999999999994 0.06492
7 0.63672 0.22722 0.015620000000000078 0.06492000000000003
7 0.16650500000000001 0.234055 0.01075000000000001 0.05809
7 0.13965 0.39976999999999996 0.02148 0.08883999999999997
2 0.150395 0.396355 0.04297000000000001 0.09794999999999998
7 0.6411100000000001 0.54442 0.010740000000000083 0.11162000000000005
7 0.80713 0.5467 0.016599999999999948 0.10933999999999994
7 0.4292 0.5467 0.010740000000000027 0.10477999999999998
7 0.461425 0.5466949999999999 0.00879000000000002 0.10250999999999999
7 0.161135 0.40034000000000003 0.02149000000000001 0.08998
7 0.137695 0.705015 0.02148999999999998 0.09567000000000003
7 0.15918 0.705015 0.02148 0.09567000000000003
7 0.305665 0.70558 0.02149000000000001 0.09454000000000007
7 0.28418 0.70558 0.02148 0.09454000000000007
7 0.45459 0.706155 0.020499999999999963 0.09794999999999998
7 0.43359499999999995 0.705585 0.019529999999999992 0.09681000000000006
7 0.157225 0.842255 0.02149000000000001 0.04896999999999996
7 0.13574 0.842255 0.02148 0.04896999999999996
7 0.453125 0.843395 0.02149000000000001 0.04896999999999996
7 0.43164 0.843395 0.02148 0.04896999999999996
7 0.8061499999999999 0.70501 0.012700000000000045 0.10933999999999999
7 0.6303749999999999 0.703875 0.008789999999999965 0.10250999999999999
9 0.501954 0.128131 0.8437520000000001 0.13097799999999998
9 0.5034160000000001 0.29442 0.848628 0.08313999999999999
