1 0.5023511 0.5010979999999999 0.9952978 0.993424
2 0.240595 0.0778485 0.057989999999999986 0.11622299999999999
2 0.307995 0.074562 0.057989999999999986 0.114036
2 0.53213 0.077853 0.05800000000000005 0.103074
2 0.600315 0.0789495 0.05642999999999998 0.100881
2 0.199845 0.33552499999999996 0.03605 0.12281000000000003
2 0.246865 0.333335 0.036050000000000026 0.12280999999999997
2 0.293885 0.333335 0.036050000000000026 0.12280999999999997
2 0.340905 0.333335 0.036050000000000026 0.12280999999999997
2 0.22884 0.5953949999999999 0.07210000000000003 0.16447
2 0.31348 0.5986849999999999 0.0721 0.16666999999999998
2 0.22884 0.879385 0.07210000000000003 0.15351000000000004
2 0.315045 0.8804799999999999 0.07522999999999996 0.15570000000000006
2 0.85423 0.591005 0.08150000000000002 0.16009000000000007
2 0.8510949999999999 0.87939 0.08151000000000008 0.16227999999999998
2 0.88558 0.321275 0.059559999999999946 0.14692999999999998
2 0.8166100000000001 0.319075 0.059559999999999946 0.14693
2 0.49373 0.341005 0.05956000000000006 0.08991000000000005
2 0.62853 0.338815 0.059559999999999946 0.08990999999999999
2 0.5603450000000001 0.342105 0.04859000000000002 0.09211000000000003
2 0.56191 0.60855 0.05171999999999999 0.125
2 0.49607999999999997 0.608555 0.06425999999999998 0.12939
2 0.62931 0.6074550000000001 0.06425999999999998 0.12719000000000003
2 0.56426 0.8914500000000001 0.05015999999999998 0.15132
2 0.495295 0.885965 0.06582999999999994 0.14473000000000003
2 0.62931 0.88377 0.06425999999999998 0.14473999999999998
4 0.5681849999999999 0.23136 0.26488999999999996 0.06360000000000002
4 0.22414 0.468205 0.08463999999999997 0.07236999999999999
4 0.312695 0.46930000000000005 0.08621000000000001 0.07456000000000002
4 0.8510949999999999 0.46930000000000005 0.09090999999999994 0.07456000000000002
4 0.31505 0.7960499999999999 0.08464000000000005 0.02632000000000001
4 0.22805999999999998 0.79386 0.07679999999999998 0.02632000000000001
4 0.85188 0.7927599999999999 0.09248 0.02412000000000003
4 0.19906000000000001 0.25 0.04388 0.05264000000000002
4 0.24451499999999998 0.247805 0.043889999999999985 0.05262999999999998
4 0.293105 0.247805 0.043889999999999985 0.05262999999999998
4 0.33934 0.247805 0.04231999999999997 0.05262999999999998
5 0.26724000000000003 0.41009 0.23354000000000003 0.04386000000000001
5 0.857365 0.408995 0.16615000000000002 0.028510000000000035
5 0.26881 0.685305 0.20220000000000002 0.032889999999999975
5 0.85345 0.6820200000000001 0.1301 0.02632000000000001
5 0.8511 0.963815 0.12226000000000004 0.019730000000000025
5 0.274295 0.96601 0.19748999999999997 0.02412000000000003
6 0.567395 0.44626999999999994 0.26959 0.12499999999999994
6 0.5689649999999999 0.7489049999999999 0.26332999999999995 0.16447
6 0.86677 0.154607 0.25078 0.18640600000000002
6 0.0658285 0.16447399999999998 0.115983 0.184212
6 0.0595635 0.435305 0.103453 0.10307
6 0.0595635 0.74013 0.103453 0.16448000000000007
7 0.199845 0.333335 0.026650000000000007 0.11402999999999996
7 0.24764999999999998 0.333335 0.028219999999999995 0.11402999999999996
7 0.29388499999999995 0.33443 0.026650000000000007 0.11621999999999999
7 0.34091 0.33662499999999995 0.026639999999999997 0.11623
7 0.816615 0.3136 0.05642999999999998 0.13158
7 0.88558 0.31579 0.056420000000000026 0.13157999999999997
7 0.627745 0.33991499999999997 0.057989999999999986 0.08332999999999996
7 0.49294499999999997 0.33991499999999997 0.057989999999999986 0.08332999999999996
7 0.560345 0.342105 0.04544999999999999 0.08333000000000002
7 0.315045 0.860745 0.06897000000000003 0.11185
7 0.23040500000000003 0.860745 0.06897 0.11185
7 0.047805499999999994 0.35855 0.070533 0.06359999999999999
2 0.0478055 0.35745499999999997 0.07366700000000001 0.07017000000000001
9 0.5478080000000001 0.25658000000000003 0.898124 0.030700000000000005
9 0.55329 0.407895 0.89342 0.030710000000000015
9 0.5454545 0.7510950000000001 0.896551 0.032889999999999975
9 0.5525100000000001 0.8125 0.89498 0.03289999999999993
