2 0.26497499999999996 0.328125 0.058589999999999975 0.06640999999999997
2 0.265625 0.45361 0.05728999999999998 0.06738
2 0.21289 0.33740499999999995 0.022139999999999993 0.07715
2 0.21289 0.46045 0.022139999999999993 0.07519999999999999
2 0.31315000000000004 0.45996000000000004 0.01691999999999999 0.07422000000000001
2 0.314455 0.33594 0.01693 0.07422000000000001
2 0.43034 0.34668 0.07682 0.06446000000000002
2 0.430335 0.467285 0.07943 0.06542999999999999
2 0.55599 0.33886499999999997 0.02864 0.07617000000000002
2 0.5553349999999999 0.45996000000000004 0.029950000000000032 0.07422000000000001
2 0.6556 0.45801000000000003 0.011720000000000064 0.07226000000000005
2 0.6556 0.336425 0.009120000000000017 0.07324999999999998
2 0.61198 0.3291 0.05467999999999995 0.06640000000000001
2 0.61263 0.453125 0.05597999999999992 0.06640999999999997
2 0.6119749999999999 0.578125 0.05728999999999995 0.06641000000000008
2 0.6106750000000001 0.70215 0.05728999999999995 0.0663999999999999
2 0.5553349999999999 0.5835 0.029950000000000032 0.07323999999999997
2 0.6549499999999999 0.5820350000000001 0.010419999999999985 0.07030999999999998
2 0.5553349999999999 0.706055 0.029950000000000032 0.07227000000000006
2 0.653645 0.70459 0.01041000000000003 0.06934000000000007
2 0.5944 0.8334950000000001 0.08463999999999994 0.06542999999999999
3 0.41276 0.937015 0.06769999999999998 0.09472999999999998
2 0.41211 0.853515 0.06639999999999996 0.03125
2 0.26107 0.83496 0.08724000000000001 0.06640000000000001
2 0.21354 0.7070350000000001 0.02343999999999999 0.07030999999999998
2 0.31315000000000004 0.7060550000000001 0.01691999999999999 0.07030999999999998
2 0.265625 0.70361 0.05728999999999998 0.06738
2 0.265625 0.57861 0.05728999999999998 0.06738
2 0.21289 0.583495 0.022139999999999993 0.07129000000000008
2 0.31379999999999997 0.583985 0.015620000000000023 0.07227000000000006
2 0.429685 0.5893550000000001 0.07812999999999998 0.06542999999999999
2 0.429035 0.710445 0.07682999999999995 0.06542999999999999
1 0.43359605 0.59424 0.8645879000000001 0.81152
2 0.08008 0.34863500000000003 0.08463999999999999 0.06444999999999995
2 0.08138100000000001 0.466795 0.084638 0.06445000000000001
2 0.08008 0.59082 0.08463999999999999 0.06445999999999996
2 0.777995 0.34863500000000003 0.08462999999999998 0.06444999999999995
2 0.779295 0.46875 0.08462999999999998 0.06445999999999996
2 0.777995 0.589845 0.08462999999999998 0.06445000000000001
2 0.77474 0.71045 0.08594000000000002 0.06347999999999998
2 0.7734399999999999 0.83496 0.08594000000000002 0.06445999999999996
2 0.759115 0.25 0.033849999999999936 0.04491999999999999
2 0.6979150000000001 0.25098 0.03385000000000005 0.044920000000000015
2 0.6393249999999999 0.243655 0.03385000000000005 0.03223000000000001
2 0.578125 0.24267500000000003 0.033849999999999936 0.03223000000000001
2 0.51823 0.24267500000000003 0.03386 0.03223000000000001
2 0.45833500000000005 0.24267500000000003 0.03384999999999999 0.03223000000000001
2 0.397135 0.24267500000000003 0.03384999999999999 0.03223000000000001
2 0.33724 0.24120999999999998 0.03386 0.03319999999999998
2 0.27474 0.24120999999999998 0.03386 0.03319999999999998
5 0.076825 0.384765 0.10417 0.01757000000000003
5 0.078126 0.5039100000000001 0.104168 0.01758000000000004
5 0.076825 0.62793 0.10417 0.01757999999999993
5 0.266925 0.36621499999999996 0.07031000000000001 0.013670000000000015
5 0.265625 0.49512 0.07030999999999998 0.017579999999999985
5 0.6145849999999999 0.367185 0.07030999999999998 0.013670000000000015
5 0.61328 0.492185 0.07032000000000005 0.013670000000000015
5 0.610025 0.616215 0.07161000000000006 0.01366999999999996
5 0.26367 0.614255 0.07162000000000002 0.013670000000000071
5 0.26888 0.7412099999999999 0.07162000000000002 0.01758000000000004
5 0.61198 0.742675 0.07032000000000005 0.014650000000000052
5 0.21289000000000002 0.375 0.029939999999999994 0.023440000000000016
5 0.21289000000000002 0.49951 0.029939999999999994 0.024419999999999942
5 0.31640999999999997 0.373045 0.026040000000000008 0.02149000000000001
5 0.31640999999999997 0.49707 0.026040000000000008 0.02148
5 0.21224 0.621585 0.02864 0.024409999999999932
5 0.21289000000000002 0.74414 0.029939999999999994 0.013680000000000025
5 0.315755 0.743655 0.02473000000000003 0.01464999999999994
5 0.31706 0.621585 0.024739999999999984 0.01464999999999994
5 0.43164 0.38671999999999995 0.09505999999999998 0.017579999999999985
5 0.430335 0.50488 0.09505000000000002 0.017579999999999985
5 0.43164 0.625 0.09505999999999998 0.01757999999999993
5 0.428385 0.771485 0.11979000000000001 0.06445000000000001
5 0.765625 0.77148 0.1171899999999999 0.0625
5 0.777995 0.62402 0.09505000000000008 0.01757999999999993
5 0.7832049999999999 0.5068349999999999 0.09504999999999997 0.017569999999999975
5 0.784505 0.38378999999999996 0.09505000000000008 0.017579999999999985
5 0.55664 0.375485 0.03515999999999997 0.020510000000000028
5 0.659505 0.373045 0.01693 0.02149000000000001
5 0.65755 0.49658 0.015619999999999967 0.018559999999999965
5 0.55599 0.49804499999999996 0.03645999999999994 0.019529999999999992
5 0.55599 0.62158 0.03645999999999994 0.01856000000000002
5 0.55599 0.7417 0.03386 0.014639999999999986
5 0.65625 0.7436499999999999 0.013020000000000032 0.01660000000000006
5 0.65495 0.621095 0.013020000000000032 0.01562999999999992
9 0.4303385 0.28467 0.839843 0.05175999999999997
9 0.43685125 0.773435 0.8580775 0.025390000000000024
11 0.260415 0.932615 0.10417000000000001 0.07616999999999996
11 0.596355 0.927245 0.10416999999999998 0.07715000000000005
11 0.772135 0.9282250000000001 0.10416999999999998 0.07714999999999994
11 0.5319 0.866215 0.03256000000000003 0.037109999999999976
