1 0.518065 0.4573465 0.85449 0.8135870000000001
2 0.12109500000000001 0.268565 0.023430000000000006 0.056869999999999976
2 0.302735 0.268565 0.023430000000000006 0.056869999999999976
2 0.387695 0.268565 0.023430000000000006 0.056869999999999976
2 0.65723 0.273305 0.023440000000000016 0.056870000000000004
2 0.73828 0.274885 0.023440000000000016 0.056869999999999976
2 0.91211 0.278045 0.023440000000000016 0.056869999999999976
2 0.11914 0.508685 0.023440000000000003 0.05687000000000003
2 0.302735 0.510265 0.023430000000000006 0.056869999999999976
2 0.387695 0.510265 0.023430000000000006 0.056869999999999976
2 0.6582 0.511845 0.023439999999999905 0.056869999999999976
2 0.7412099999999999 0.512635 0.023440000000000016 0.055290000000000006
2 0.916015 0.511845 0.023430000000000062 0.056869999999999976
2 0.11963 0.386255 0.03028 0.09637000000000001
2 0.302245 0.386255 0.03027000000000002 0.09637000000000001
2 0.387205 0.387045 0.030269999999999964 0.09478999999999999
2 0.657715 0.388625 0.030269999999999908 0.09479000000000004
2 0.740235 0.38941499999999996 0.029290000000000038 0.09637000000000001
2 0.9140600000000001 0.390995 0.029299999999999993 0.09637000000000001
2 0.36035 0.655605 0.009759999999999991 0.053709999999999924
2 0.38916 0.6540250000000001 0.00878000000000001 0.053710000000000035
2 0.418455 0.655605 0.00879000000000002 0.053709999999999924
2 0.46777500000000005 0.6540250000000001 0.009770000000000001 0.053710000000000035
2 0.49609499999999995 0.655605 0.009770000000000001 0.053709999999999924
2 0.52539 0.654815 0.009759999999999991 0.05213000000000001
2 0.5532250000000001 0.654815 0.008789999999999965 0.05213000000000001
2 0.582515 0.6540250000000001 0.008790000000000076 0.053710000000000035
2 0.63086 0.654815 0.009759999999999991 0.05213000000000001
2 0.658695 0.654815 0.008789999999999965 0.05213000000000001
2 0.6875 0.653235 0.009759999999999991 0.05213000000000001
2 0.36084 0.77725 0.00878000000000001 0.05371999999999999
2 0.38965 0.7780400000000001 0.009759999999999991 0.052139999999999964
2 0.41797 0.77883 0.009759999999999991 0.05371999999999999
2 0.46826500000000004 0.77725 0.00879000000000002 0.05371999999999999
2 0.49707 0.7780400000000001 0.009759999999999991 0.052139999999999964
2 0.5258750000000001 0.77725 0.008789999999999965 0.05371999999999999
2 0.554195 0.77725 0.008790000000000076 0.05371999999999999
2 0.583005 0.77725 0.009770000000000056 0.05371999999999999
2 0.6318349999999999 0.77725 0.009769999999999945 0.05371999999999999
2 0.660155 0.775675 0.009769999999999945 0.053709999999999924
2 0.6875 0.774095 0.009759999999999991 0.053710000000000035
2 0.52295 0.523695 0.03613999999999995 0.11532999999999999
6 0.526365 0.580565 0.17969000000000002 0.05845
7 0.120605 0.262245 0.02051 0.04106999999999997
7 0.302735 0.267775 0.021489999999999954 0.055290000000000006
7 0.119145 0.369665 0.02539000000000001 0.05687000000000003
7 0.302735 0.37914499999999995 0.02735000000000004 0.07583000000000001
7 0.387695 0.3594 0.027349999999999985 0.03634000000000004
7 0.65625 0.251975 0.021479999999999944 0.011050000000000004
7 0.7387699999999999 0.253555 0.020500000000000074 0.011049999999999977
7 0.911135 0.2575 0.019530000000000047 0.012639999999999985
7 0.914065 0.36177000000000004 0.025390000000000024 0.028439999999999965
7 0.740235 0.35387 0.025390000000000024 0.018960000000000032
7 0.657225 0.35545 0.027350000000000096 0.018959999999999977
7 0.658205 0.511845 0.02149000000000001 0.05370999999999998
7 0.740235 0.511845 0.02149000000000001 0.05370999999999998
7 0.91455 0.511845 0.020499999999999963 0.05370999999999998
8 0.45801000000000003 0.36651 0.027339999999999975 0.37598
8 0.58838 0.368875 0.02635999999999994 0.37441
8 0.521485 0.318325 0.06445000000000006 0.27647
8 0.390135 0.7188 0.07715 0.06004000000000009
8 0.5268550000000001 0.71564 0.19043 0.05687999999999993
8 0.65967 0.71564 0.07323999999999997 0.06003999999999998
9 0.522465 0.14771 0.84375 0.042660000000000003
9 0.5214845 0.6018950000000001 0.8437509999999999 0.04107000000000005
7 0.387695 0.50632 0.02149000000000001 0.04581999999999997
7 0.302735 0.48973 0.021489999999999954 0.012639999999999985
7 0.12012 0.48736 0.02148 0.01422000000000001
