2 0.588545 0.7636700000000001 0.03125 0.04687999999999992
2 0.53581 0.7636700000000001 0.03516000000000008 0.04687999999999992
2 0.482425 0.76416 0.029950000000000032 0.0478599999999999
2 0.588545 0.652345 0.03125 0.03711000000000009
2 0.53581 0.6533199999999999 0.03516000000000008 0.039059999999999984
2 0.48372499999999996 0.65332 0.029949999999999977 0.041020000000000056
2 0.36133000000000004 0.7700199999999999 0.06119999999999998 0.05565999999999993
2 0.36197999999999997 0.662595 0.05990000000000001 0.053710000000000035
4 0.364585 0.6162099999999999 0.10677000000000003 0.03515999999999997
4 0.215495 0.6162099999999999 0.10547000000000004 0.03515999999999997
2 0.214845 0.7700199999999999 0.05989 0.05565999999999993
2 0.21354 0.6630849999999999 0.05990000000000001 0.054690000000000016
2 0.1862 0.871095 0.03645999999999999 0.052730000000000055
4 0.29362 0.823245 0.13412 0.04296999999999995
3 0.28711 0.9262699999999999 0.05077999999999999 0.10253999999999996
2 0.390625 0.870115 0.03644999999999998 0.052730000000000055
2 0.587235 0.8667 0.03125 0.05566000000000004
2 0.534505 0.86719 0.035150000000000015 0.056640000000000024
2 0.482425 0.867675 0.029950000000000032 0.05567
2 0.703125 0.867675 0.05989 0.05174999999999996
2 0.7050799999999999 0.768065 0.06120000000000003 0.05567
2 0.70573 0.6606449999999999 0.05989999999999995 0.053710000000000035
4 0.70833 0.61572 0.11197999999999997 0.03417999999999999
4 0.539715 0.517575 0.17057 0.03125
4 0.70638 0.430175 0.08204 0.010749999999999982
4 0.71029 0.52539 0.10026000000000002 0.019540000000000002
2 0.70638 0.56055 0.058599999999999985 0.05078000000000005
2 0.70508 0.458985 0.058599999999999985 0.04687000000000002
2 0.588545 0.5463899999999999 0.03125 0.028320000000000012
2 0.53776 0.54785 0.03386 0.03320000000000001
2 0.484375 0.557615 0.03125 0.052730000000000055
2 0.588545 0.455075 0.03125 0.04883000000000004
2 0.53776 0.45508000000000004 0.03386 0.05077999999999999
2 0.482425 0.455075 0.03254999999999997 0.04883000000000004
4 0.36263 0.430175 0.08204 0.00879000000000002
4 0.36263 0.5258799999999999 0.09765999999999997 0.01856000000000002
2 0.36133000000000004 0.561035 0.06119999999999998 0.051750000000000074
2 0.36133000000000004 0.45947499999999997 0.06119999999999998 0.047850000000000004
2 0.21289000000000002 0.5605450000000001 0.061200000000000004 0.052730000000000055
2 0.21419 0.458985 0.061200000000000004 0.048829999999999985
4 0.21419500000000002 0.430175 0.07943000000000003 0.00879000000000002
4 0.214845 0.5248999999999999 0.09634999999999996 0.01856000000000002
1 0.39192604999999997 0.663085 0.7812479 0.64649
2 0.84961 0.481445 0.04035999999999995 0.05273
2 0.8489599999999999 0.58057 0.039059999999999984 0.05176000000000003
2 0.8489599999999999 0.68262 0.039059999999999984 0.056640000000000024
2 0.84961 0.78711 0.04035999999999995 0.056640000000000024
2 0.846355 0.8916 0.028649999999999953 0.050779999999999936
2 0.0937515 0.45557000000000003 0.033857 0.05175999999999997
2 0.0390625 0.453125 0.036459000000000005 0.05079
2 0.0937515 0.557615 0.033857 0.052730000000000055
2 0.0397135 0.5449200000000001 0.037761 0.029299999999999993
2 0.0937525 0.65332 0.031255000000000005 0.041020000000000056
2 0.0937525 0.765625 0.031255000000000005 0.04686999999999997
2 0.49413999999999997 0.958985 0.03515999999999997 0.04883000000000004
2 0.577475 0.958985 0.035150000000000015 0.04883000000000004
2 0.38997 0.96045 0.037760000000000016 0.049799999999999955
3 0.18554500000000002 0.95996 0.03514999999999999 0.04688000000000003
3 0.702475 0.9594750000000001 0.05859000000000003 0.04981000000000002
4 0.0410155 0.421875 0.055989000000000004 0.01366999999999996
4 0.09570100000000001 0.42432000000000003 0.050778000000000004 0.010740000000000027
4 0.852215 0.53662 0.0898500000000001 0.03614000000000006
5 0.21419500000000002 0.59326 0.09505 0.016599999999999948
5 0.36002500000000004 0.59375 0.09505000000000002 0.015619999999999967
5 0.707685 0.592775 0.09505000000000008 0.01562999999999992
5 0.70573 0.49365000000000003 0.07811999999999997 0.02245999999999998
5 0.361325 0.49414 0.07943 0.02343999999999996
5 0.21419500000000002 0.49463 0.08463000000000001 0.02245999999999998
5 0.21354 0.81006 0.07812 0.024419999999999997
5 0.363935 0.809085 0.07943 0.024409999999999932
5 0.703775 0.8066450000000001 0.07943 0.025389999999999913
5 0.8515649999999999 0.6171899999999999 0.07030999999999998 0.023440000000000016
5 0.0384115 0.48877000000000004 0.05598900000000001 0.02245999999999998
5 0.0950525 0.49072000000000005 0.046875 0.02245999999999998
6 0.5306 0.35448999999999997 0.19661999999999996 0.02343999999999996
6 0.70703 0.699215 0.07812000000000008 0.025390000000000024
6 0.55664 0.703125 0.20964000000000005 0.06834999999999991
6 0.36328 0.702145 0.08594000000000002 0.025390000000000024
6 0.558595 0.592285 0.11459000000000008 0.06933
6 0.554035 0.81543 0.20963000000000004 0.06054000000000004
6 0.21744999999999998 0.702145 0.08593999999999999 0.025390000000000024
6 0.085288 0.7041 0.113284 0.0625
6 0.04687515 0.58496 0.0833337 0.05274000000000001
8 0.28711 0.561035 0.04558000000000001 0.04199000000000008
8 0.535155 0.41113500000000003 0.19530999999999998 0.015629999999999977
4 0.5364599999999999 0.423825 0.06510000000000005 0.01366999999999996
8 0.07356915 0.410155 0.1367217 0.015630000000000033
4 0.06640415 0.515135 0.12239169999999999 0.03027000000000002
8 0.289715 0.873535 0.07160999999999995 0.03809000000000007
8 0.39193 0.836425 0.013020000000000032 0.012689999999999979
8 0.18880000000000002 0.8373999999999999 0.013020000000000004 0.012700000000000045
9 0.39257709999999996 0.40185499999999996 0.7799458 0.07129000000000002
8 0.21419 0.41747999999999996 0.024740000000000012 0.012699999999999989
8 0.36068 0.41747999999999996 0.026039999999999952 0.012699999999999989
9 0.3899721 0.49951500000000004 0.7747358000000001 0.047850000000000004
9 0.3899721 0.708495 0.7747358000000001 0.04784999999999995
9 0.39518125 0.8120149999999999 0.7747375 0.04785000000000006
10 0.24544 0.904785 0.01432 0.06738999999999995
10 0.333985 0.904785 0.01433000000000001 0.06738999999999995
10 0.59375 0.75342 0.018219999999999903 0.05566000000000004
10 0.536455 0.753905 0.01822999999999997 0.054690000000000016
10 0.5917950000000001 0.6425799999999999 0.01693 0.050779999999999936
10 0.53711 0.6425799999999999 0.016920000000000046 0.050779999999999936
10 0.0696615 0.643065 0.016926999999999998 0.04980999999999991
10 0.53776 0.669925 0.02083999999999997 0.00391000000000008
10 0.592445 0.669435 0.020829999999999904 0.002930000000000099
10 0.53711 0.78467 0.02214000000000005 0.006839999999999957
10 0.5931 0.78369 0.022139999999999938 0.006839999999999957
10 0.246745 0.961915 0.024730000000000002 0.04686999999999997
10 0.33398 0.961915 0.024739999999999984 0.04686999999999997
10 0.0696615 0.6709 0.027343000000000006 0.0038999999999999035
10 0.0709635 0.6123050000000001 0.014323000000000002 0.011709999999999998
10 0.53841 0.612305 0.011720000000000064 0.009770000000000056
10 0.5944 0.612305 0.011720000000000064 0.009770000000000056
10 0.59375 0.720215 0.013020000000000032 0.010749999999999926
10 0.53711 0.72119 0.01432 0.010739999999999972
10 0.247395 0.8574200000000001 0.018230000000000024 0.02734000000000003
10 0.334635 0.8574200000000001 0.018230000000000024 0.02734000000000003
10 0.511065 0.558595 0.00391000000000008 0.04100999999999999
10 0.5644549999999999 0.549315 0.003909999999999969 0.024410000000000043
10 0.0690105 0.54834 0.005208999999999991 0.024419999999999997
10 0.5104150000000001 0.53125 0.007809999999999984 0.011719999999999953
10 0.565755 0.53174 0.006510000000000016 0.010739999999999972
10 0.0696615 0.53076 0.006510999999999989 0.010739999999999972
11 0.15560000000000002 0.946775 0.02214000000000002 0.04198999999999997
11 0.135415 0.93115 0.015630000000000005 0.010739999999999972
11 0.19857 0.916505 0.01432 0.018550000000000066
11 0.7070350000000001 0.927735 0.06771000000000005 0.01366999999999996
11 0.652345 0.94238 0.01823000000000008 0.039060000000000095
11 0.66732 0.9287099999999999 0.011719999999999953 0.021480000000000055
