1 0.49745035 0.4305561 0.9914993 0.8541677999999999
2 0.43537499999999996 0.081599 0.03741 0.10764200000000002
2 0.491495 0.08507 0.03741 0.10764000000000001
2 0.54762 0.09722449999999999 0.03062000000000009 0.104171
2 0.38265499999999997 0.088541 0.03060999999999997 0.10763799999999998
2 0.340985 0.09895649999999999 0.018710000000000004 0.093747
2 0.635205 0.137154 0.018710000000000004 0.093752
2 0.596935 0.11632 0.027209999999999956 0.10764000000000001
2 0.495745 0.751735 0.02890999999999999 0.09375
2 0.0986375 0.5260400000000001 0.023804999999999993 0.10764000000000007
2 0.140305 0.5260400000000001 0.025510000000000005 0.10764000000000007
2 0.18112499999999998 0.527775 0.025510000000000005 0.11111000000000004
2 0.22534500000000002 0.52951 0.025510000000000005 0.10764000000000001
2 0.056122500000000006 0.52257 0.023809000000000004 0.10763999999999996
2 0.22449 0.395835 0.023799999999999988 0.08333000000000002
2 0.181975 0.395835 0.023809999999999998 0.08333000000000002
2 0.139455 0.395835 0.023809999999999998 0.08333000000000002
2 0.0977875 0.3941 0.022105 0.07986000000000004
2 0.0569725 0.3941 0.022109000000000004 0.07986000000000004
2 0.0161565 0.3941 0.022109 0.07986000000000004
2 0.017857 0.52257 0.02551 0.10763999999999996
2 0.22533999999999998 0.671875 0.02209999999999998 0.08681000000000005
2 0.18112499999999998 0.668405 0.02210999999999999 0.08681000000000005
2 0.13860499999999998 0.671875 0.02210999999999999 0.08681000000000005
2 0.096087 0.66493 0.022106 0.08679999999999999
2 0.0552725 0.668405 0.022108999999999997 0.08681000000000005
2 0.0144557 0.66493 0.022108600000000003 0.08679999999999999
2 0.75085 0.39583 0.028920000000000057 0.09027999999999997
2 0.795065 0.39236 0.02890999999999999 0.09028000000000003
2 0.840985 0.39236 0.02890999999999999 0.09028000000000003
2 0.886055 0.39236 0.027210000000000067 0.09028000000000003
2 0.929425 0.39236 0.028910000000000102 0.09028000000000003
2 0.75 0.53125 0.027220000000000022 0.11112000000000005
2 0.7959149999999999 0.53125 0.027210000000000067 0.11112000000000005
2 0.8401350000000001 0.527775 0.027210000000000067 0.11111000000000004
2 0.886055 0.5260400000000001 0.027210000000000067 0.11458000000000002
2 0.9285749999999999 0.529515 0.027210000000000067 0.11459000000000008
2 0.75 0.680555 0.023800000000000043 0.09026999999999996
2 0.7959149999999999 0.680555 0.023809999999999998 0.09026999999999996
2 0.8401350000000001 0.680555 0.023809999999999998 0.09026999999999996
2 0.885205 0.6770799999999999 0.025510000000000033 0.09028000000000003
2 0.930275 0.67361 0.023809999999999998 0.09028000000000003
2 0.49234500000000003 0.529515 0.01871000000000006 0.05903000000000003
2 0.55017 0.532985 0.01870000000000005 0.05903000000000003
2 0.43367500000000003 0.529515 0.017010000000000025 0.05903000000000003
2 0.339285 0.529515 0.011909999999999976 0.05209000000000008
3 0.42007 0.73611 0.047619999999999996 0.20834000000000008
3 0.56888 0.73611 0.04592000000000007 0.20834000000000008
3 0.6768749999999999 0.7395849999999999 0.023809999999999998 0.20139000000000007
3 0.290815 0.734375 0.030610000000000026 0.2048700000000001
5 0.0952355 0.44271000000000005 0.03400900000000001 0.017359999999999987
5 0.13775500000000002 0.440975 0.03401000000000001 0.020830000000000015
5 0.18027500000000002 0.44271000000000005 0.03401000000000001 0.017359999999999987
5 0.22279 0.440975 0.03402000000000002 0.020830000000000015
5 0.0170067 0.43923999999999996 0.0272106 0.017359999999999987
5 0.054422 0.4375 0.03401400000000001 0.02083999999999997
5 0.7517 0.44618 0.03402000000000005 0.017359999999999987
5 0.79592 0.44271000000000005 0.03402000000000005 0.017359999999999987
5 0.841835 0.44271000000000005 0.034010000000000096 0.017359999999999987
5 0.8877550000000001 0.43923999999999996 0.034009999999999985 0.017359999999999987
5 0.932825 0.43923999999999996 0.03571000000000002 0.017359999999999987
6 0.34863999999999995 0.569445 0.05102000000000001 0.02776999999999996
6 0.41837 0.569445 0.047619999999999996 0.02776999999999996
6 0.49405 0.5729200000000001 0.05611999999999995 0.027780000000000027
6 0.56633 0.57639 0.05441999999999991 0.027780000000000027
6 0.6318 0.578125 0.039120000000000044 0.03125
6 0.29591999999999996 0.5729200000000001 0.034019999999999995 0.03471999999999997
6 0.6785749999999999 0.5833299999999999 0.027210000000000067 0.03471999999999997
6 0.257655 0.57639 0.02210999999999999 0.027780000000000027
6 0.704935 0.592015 0.015309999999999935 0.03125
7 0.056972999999999996 0.3941 0.018707999999999995 0.07291999999999998
7 0.74915 0.65104 0.02210000000000001 0.02429999999999999
7 0.840985 0.654515 0.022110000000000074 0.03819000000000006
7 0.885205 0.652775 0.022109999999999963 0.041670000000000096
7 0.931125 0.644095 0.022109999999999963 0.03125
7 0.22449000000000002 0.63715 0.0204 0.017360000000000042
9 0.4983017 0.31076499999999996 0.9795965999999999 0.07290999999999997
9 0.49745100000000003 0.59722 0.984698 0.0625
10 0.32313000000000003 0.413195 0.013600000000000001 0.25695
10 0.385205 0.40972 0.011910000000000032 0.25693999999999995
10 0.28061 0.425345 0.013600000000000001 0.25347000000000003
10 0.25425 0.43923500000000004 0.011899999999999994 0.23959000000000003
10 0.456635 0.40625 0.011909999999999976 0.26387999999999995
10 0.53061 0.413195 0.013600000000000056 0.25695
10 0.60034 0.421875 0.013600000000000056 0.25347000000000003
10 0.65306 0.435765 0.013600000000000056 0.24653000000000003
10 0.687075 0.453125 0.010210000000000052 0.22568999999999995
10 0.70663 0.463545 0.008499999999999952 0.21875
10 0.385205 0.55035 0.02211000000000002 0.017360000000000042
10 0.322275 0.55035 0.02211000000000002 0.017360000000000042
10 0.278915 0.5572900000000001 0.023809999999999998 0.010419999999999985
10 0.254255 0.564235 0.018710000000000004 0.01040999999999992
10 0.458335 0.55035 0.022109999999999963 0.017360000000000042
10 0.5314650000000001 0.55035 0.022109999999999963 0.017360000000000042
10 0.59949 0.559025 0.02210000000000001 0.020829999999999904
10 0.65306 0.565975 0.017000000000000015 0.013889999999999958
10 0.687075 0.57118 0.01700999999999997 0.010419999999999985
10 0.705785 0.5746549999999999 0.01700999999999997 0.003469999999999973
10 0.456635 0.265625 0.018710000000000004 0.017369999999999997
10 0.531465 0.274305 0.018710000000000004 0.02082999999999996
10 0.5994900000000001 0.28125 0.01870000000000005 0.02083999999999997
10 0.65221 0.305555 0.01870000000000005 0.02082999999999996
10 0.687075 0.32986000000000004 0.02041000000000004 0.020840000000000025
10 0.705785 0.34548999999999996 0.0136099999999999 0.017359999999999987
10 0.385205 0.27257 0.018710000000000004 0.017359999999999987
10 0.32398000000000005 0.274305 0.018699999999999994 0.02082999999999996
10 0.280615 0.288195 0.02041000000000004 0.013890000000000013
10 0.255105 0.3125 0.020409999999999984 0.013880000000000003
2 0.494895 0.6527799999999999 0.023810000000000053 0.03471999999999997
2 0.34694 0.649305 0.01699999999999996 0.03473000000000004
2 0.633505 0.657985 0.018710000000000004 0.03125
10 0.57568 0.097221 0.008499999999999952 0.124998
10 0.62075 0.11632 0.010199999999999987 0.10764000000000001
10 0.65221 0.137153 0.005099999999999993 0.100694
10 0.5212600000000001 0.08159549999999999 0.01189999999999991 0.128469
10 0.462585 0.07638950000000001 0.010209999999999997 0.125001
10 0.40391 0.07291850000000001 0.011900000000000022 0.125003
10 0.35629 0.08159549999999999 0.011900000000000022 0.128469
10 0.31888 0.0954885 0.008499999999999952 0.10764299999999999
10 0.29677 0.112847 0.005099999999999993 0.086806
10 0.29677 0.0572915 0.005099999999999993 0.024305000000000007
10 0.31803 0.03125 0.010199999999999987 0.020834000000000002
10 0.35629 0.010416600000000002 0.011900000000000022 0.013888800000000001
10 0.40391 0.0069445999999999996 0.011900000000000022 0.006944799999999999
10 0.462585 0.0069445999999999996 0.013609999999999955 0.006944799999999999
10 0.5221100000000001 0.010416600000000002 0.013599999999999945 0.013888800000000001
10 0.57568 0.0243055 0.011900000000000022 0.020833000000000004
10 0.62075 0.048611 0.010199999999999987 0.027777999999999997
10 0.65221 0.074653 0.008500000000000063 0.024305999999999994
