1 0.5005359 0.50048985 0.9989282 0.9951203
2 0.45016 0.24853999999999998 0.06001999999999996 0.09667999999999999
2 0.60236 0.24805 0.05787999999999993 0.09765999999999997
2 0.75509 0.24805 0.05680000000000007 0.09765999999999997
2 0.906215 0.24805 0.06109000000000009 0.09765999999999997
2 0.449625 0.47168 0.07181000000000004 0.11914000000000002
2 0.602895 0.472655 0.06752999999999998 0.11719000000000002
2 0.75509 0.47217 0.06752000000000002 0.11815999999999999
2 0.90997 0.47412 0.0686000000000001 0.12012
2 0.44908499999999996 0.714845 0.07717000000000002 0.12890999999999997
2 0.6045050000000001 0.714845 0.07717000000000007 0.12890999999999997
2 0.75509 0.71484 0.06965999999999994 0.13085999999999998
2 0.9083600000000001 0.714845 0.06965999999999994 0.12890999999999997
2 0.449625 0.927245 0.06108999999999998 0.09472999999999998
2 0.601825 0.927735 0.05894999999999995 0.09375
2 0.755625 0.927735 0.05573000000000006 0.09179000000000004
2 0.908895 0.9292 0.05573000000000006 0.09472000000000003
4 0.4373 0.38281 0.15648 0.09766000000000002
4 0.59914 0.38183500000000004 0.1522 0.09571000000000002
4 0.75777 0.38573999999999997 0.1522 0.10156000000000004
4 0.91747 0.38378999999999996 0.15006000000000008 0.09766000000000002
4 0.43944000000000005 0.614745 0.15648 0.11034999999999995
4 0.597535 0.61328 0.15327000000000002 0.10741999999999996
4 0.757235 0.61426 0.15541000000000005 0.10938000000000003
4 0.9164 0.614745 0.15647999999999995 0.11034999999999995
2 0.169885 0.22461 0.05895 0.09766000000000002
2 0.1018215 0.22363 0.057876999999999984 0.09765999999999997
2 0.08360100000000001 0.45898000000000005 0.07073800000000001 0.12500000000000006
2 0.18220999999999998 0.45703000000000005 0.07074 0.12500000000000006
2 0.182745 0.70215 0.07181000000000001 0.1308600000000001
2 0.081994 0.703125 0.07181200000000001 0.1308499999999999
2 0.183815 0.921875 0.05895 0.09570999999999996
4 0.13290269999999998 0.331055 0.2593746 0.11329
4 0.1371927 0.57715 0.26795460000000004 0.06446000000000007
5 0.44587 0.547365 0.12861999999999996 0.04198999999999997
5 0.6055699999999999 0.549315 0.12862000000000007 0.04198999999999997
5 0.75777 0.54834 0.12862000000000007 0.041999999999999926
5 0.9110400000000001 0.54785 0.12862000000000007 0.041019999999999945
6 0.0777065 0.532225 0.093247 0.03321000000000007
6 0.181675 0.5317400000000001 0.09325 0.03417999999999999
6 0.17737999999999998 0.79004 0.08896000000000001 0.04688000000000003
6 0.0750265 0.78955 0.087887 0.04590000000000005
6 0.44641 0.8012699999999999 0.08895999999999998 0.04589999999999994
6 0.60343 0.79932 0.08787999999999996 0.04589999999999994
6 0.75509 0.80322 0.08896000000000004 0.04589999999999994
6 0.91586 0.80322 0.08895999999999993 0.04589999999999994
8 0.13076 0.1044935 0.0836 0.025393
8 0.44909 0.131345 0.08360000000000001 0.02636999999999999
8 0.6002149999999999 0.13183499999999998 0.08361000000000007 0.025389999999999996
8 0.7599100000000001 0.13183499999999998 0.08360000000000001 0.025389999999999996
8 0.270095 0.220705 0.04072999999999999 0.10937000000000002
8 0.015005500000000001 0.216795 0.006431000000000001 0.11132999999999998
8 0.081457 0.62207 0.07502600000000001 0.01757999999999993
8 0.182205 0.62158 0.07502999999999999 0.01856000000000002
9 0.49410634999999997 0.09716955 0.9732073 0.1767609
9 0.4999977 0.30615 0.9935646 0.06738
9 0.49678269999999997 0.807615 0.9871346 0.08789000000000002
10 0.22829500000000003 0.21875 0.025730000000000003 0.10938
10 0.03537 0.217775 0.025723999999999997 0.10936999999999997
10 0.386385 0.24219000000000002 0.024650000000000005 0.10741999999999999
10 0.507505 0.243165 0.024650000000000005 0.10742999999999997
10 0.54019 0.24219000000000002 0.023580000000000045 0.10741999999999999
10 0.661845 0.243165 0.02465000000000006 0.10742999999999997
10 0.6950700000000001 0.243165 0.024660000000000015 0.10742999999999997
10 0.81672 0.243165 0.023579999999999934 0.10742999999999997
10 0.84941 0.24365 0.024659999999999904 0.1084
10 0.9705250000000001 0.24219000000000002 0.02464999999999995 0.10741999999999999
10 0.229905 0.69287 0.02037 0.12988
10 0.129155 0.69287 0.020369999999999985 0.12988
10 0.2299 0.921385 0.028939999999999994 0.08691000000000004
10 0.1313 0.92041 0.028940000000000007 0.08692
8 0.0257235 0.44287 0.030011000000000003 0.14356000000000008
8 0.12594 0.44336000000000003 0.031079999999999997 0.14258000000000004
8 0.22936499999999999 0.44336000000000003 0.03001000000000001 0.14258000000000004
10 0.22936499999999999 0.532225 0.03001000000000001 0.035149999999999904
10 0.12915 0.532225 0.028939999999999994 0.035149999999999904
10 0.024651649999999997 0.532225 0.030010699999999998 0.035149999999999904
10 0.23044 0.7856449999999999 0.0343 0.053710000000000035
10 0.12808 0.78418 0.028940000000000007 0.05274000000000001
10 0.033226 0.15283000000000002 0.036442 0.018559999999999993
10 0.226685 0.15527000000000002 0.03750999999999999 0.017580000000000012
10 0.38478 0.1792 0.03644000000000003 0.01856000000000002
10 0.507505 0.180175 0.03750999999999993 0.01855000000000001
10 0.5418000000000001 0.17969000000000002 0.028940000000000077 0.017580000000000012
10 0.6623749999999999 0.18066500000000002 0.03000999999999998 0.017570000000000002
10 0.695605 0.181155 0.03000999999999998 0.018549999999999983
10 0.81726 0.17969000000000002 0.028939999999999966 0.017580000000000012
10 0.85155 0.18066500000000002 0.028939999999999966 0.017570000000000002
10 0.968915 0.17969000000000002 0.03000999999999998 0.017580000000000012
10 0.23043999999999998 0.61963 0.032159999999999994 0.016599999999999948
10 0.128615 0.61963 0.03215000000000001 0.016599999999999948
10 0.227225 0.85547 0.045009999999999994 0.04491999999999996
10 0.12808 0.854495 0.04393999999999999 0.04296999999999995
