1 0.4885693 0.5009026 0.9742814 0.9909748
2 0.10642950000000001 0.416065 0.070001 0.16065000000000002
2 0.1085705 0.6778 0.059999 0.14259999999999995
2 0.8342849999999999 0.67509 0.04571000000000003 0.16245999999999994
2 0.7728550000000001 0.6778 0.04571000000000003 0.16425999999999996
2 0.5535699999999999 0.42148 0.06428 0.13898
2 0.296425 0.426895 0.05857000000000001 0.13537000000000005
2 0.29000000000000004 0.68231 0.06 0.13717999999999997
2 0.552145 0.68592 0.05857000000000001 0.14802000000000004
2 0.41786 0.703065 0.05286000000000002 0.17509000000000008
2 0.415715 0.436825 0.057150000000000034 0.16967
2 0.41500000000000004 0.92238 0.05858000000000002 0.12995999999999996
2 0.542145 0.9241900000000001 0.05857000000000001 0.12995999999999996
2 0.765 0.92058 0.058580000000000076 0.12995999999999996
2 0.83714 0.92238 0.06000000000000005 0.12995999999999996
2 0.314285 0.188625 0.04857 0.11011000000000001
2 0.525715 0.188625 0.04857 0.11011000000000001
2 0.419285 0.190435 0.05285000000000001 0.11732999999999999
2 0.10714499999999999 0.18140499999999998 0.05428999999999999 0.10289000000000001
2 0.7821400000000001 0.176895 0.027140000000000053 0.10831
2 0.82643 0.17509 0.027139999999999942 0.1083
4 0.109288 0.344765 0.11000399999999999 0.07943
4 0.81 0.33845000000000003 0.15142 0.08483999999999997
4 0.11428550000000001 0.0776175 0.11142900000000001 0.032491
4 0.8107150000000001 0.069495 0.14715 0.037906
4 0.431425 0.0722005 0.11143000000000003 0.057759000000000005
4 0.1150005 0.569495 0.132859 0.10648999999999997
4 0.8114300000000001 0.555055 0.16571999999999998 0.09204999999999997
5 0.109285 0.505415 0.09856999999999999 0.02888999999999997
5 0.8049999999999999 0.505415 0.13 0.02888999999999997
5 0.806425 0.7861 0.15857 0.06678000000000006
6 0.46714 0.509925 0.5028600000000001 0.13177000000000005
6 0.467855 0.819495 0.50143 0.20216999999999996
6 0.47000000000000003 0.240975 0.51714 0.14621000000000003
7 0.774285 0.6353800000000001 0.03428999999999993 0.0686000000000001
7 0.832145 0.62545 0.03856999999999999 0.05596000000000001
7 0.414285 0.8799650000000001 0.04570999999999997 0.04513
9 0.4964295 0.26353499999999996 0.950001 0.07580999999999999
9 0.4978555 0.3574 0.958569 0.03610000000000002
9 0.49 0.83935 0.96 0.0686
10 0.28786 0.36462 0.007140000000000035 0.19133999999999995
10 0.42500000000000004 0.359205 0.00713999999999998 0.19133
10 0.5621400000000001 0.36101 0.007140000000000035 0.19133999999999995
10 0.7171449999999999 0.355595 0.005709999999999993 0.19133
10 0.284285 0.629965 0.008569999999999967 0.18050999999999995
10 0.424285 0.6317699999999999 0.008570000000000022 0.1805
10 0.56 0.6317699999999999 0.008579999999999921 0.1805
10 0.712855 0.630865 0.008569999999999967 0.18230999999999997
9 0.43000000000000005 0.104691 0.38286000000000003 0.079418
