1 0.496239 0.49813725 0.938342 0.9913055
2 0.21353 0.116147 0.06316 0.08322600000000001
2 0.47444000000000003 0.303725 0.05564000000000002 0.06334999999999996
2 0.6654100000000001 0.30621 0.05564000000000002 0.06336000000000003
2 0.8593999999999999 0.30496999999999996 0.05564000000000002 0.06336000000000003
2 0.12406 0.29006 0.03158 0.08571999999999999
2 0.27293 0.28695499999999996 0.046619999999999995 0.08446999999999999
2 0.19699499999999998 0.29006 0.07519 0.08571999999999999
2 0.19924999999999998 0.45652 0.07368 0.08819999999999995
2 0.45940000000000003 0.46148999999999996 0.07368000000000002 0.0882
2 0.19924999999999998 0.63168 0.07970000000000002 0.09814
2 0.459395 0.6347849999999999 0.07669000000000004 0.09689000000000003
2 0.647365 0.6360250000000001 0.07669000000000004 0.09689000000000003
2 0.833835 0.636645 0.07668999999999992 0.09813000000000005
2 0.83609 0.43975 0.07217999999999991 0.047199999999999964
2 0.682705 0.43913 0.06617000000000006 0.04843999999999998
2 0.610525 0.452795 0.057150000000000034 0.07328999999999997
2 0.205265 0.797515 0.07668999999999998 0.09441
2 0.456395 0.7987550000000001 0.07669000000000004 0.09441
2 0.642855 0.8 0.07669000000000004 0.09439999999999993
2 0.8308249999999999 0.7987550000000001 0.07669000000000004 0.09441
2 0.4609 0.92733 0.07068000000000002 0.033540000000000014
2 0.64436 0.92671 0.07067999999999997 0.03478000000000003
2 0.82481 0.92671 0.07067999999999997 0.03478000000000003
2 0.245865 0.934785 0.05864999999999998 0.05093000000000003
2 0.17293 0.9329149999999999 0.057140000000000024 0.0496899999999999
4 0.19999999999999998 0.38882 0.14436 0.03976000000000002
4 0.45714 0.56646 0.13534000000000002 0.04471999999999998
4 0.84361 0.563355 0.14136000000000004 0.045969999999999955
4 0.50376 0.22981000000000001 0.14735999999999994 0.07702
4 0.698495 0.22857 0.14586999999999994 0.08696000000000001
4 0.890225 0.230435 0.14737 0.08570999999999998
4 0.233835 0.0409936 0.14587 0.0695648
4 0.20075 0.570805 0.1609 0.10807
5 0.2 0.50994 0.09324000000000002 0.021119999999999972
5 0.46015000000000006 0.5105599999999999 0.09324000000000005 0.01988000000000001
5 0.199245 0.69441 0.11578999999999998 0.029819999999999958
5 0.46316 0.690685 0.10226000000000002 0.019870000000000054
5 0.6458649999999999 0.690685 0.10075 0.017390000000000017
5 0.2015055 0.33975 0.210529 0.01863999999999999
5 0.82857 0.690685 0.10526000000000002 0.019870000000000054
5 0.20450999999999997 0.8496900000000001 0.10225999999999999 0.014900000000000024
5 0.45789500000000005 0.852175 0.09775000000000006 0.012429999999999941
5 0.643605 0.85093 0.09925000000000006 0.012419999999999987
5 0.825565 0.85031 0.09925000000000006 0.013660000000000005
6 0.70301 0.541615 0.32932000000000006 0.16644999999999993
9 0.5135339999999999 0.7267049999999999 0.8766919999999999 0.027329999999999965
9 0.649625 0.37764 0.6135299999999999 0.08695999999999998
7 0.197745 0.281365 0.06767000000000001 0.060870000000000035
7 0.269175 0.28508999999999995 0.036089999999999955 0.06831999999999999
7 0.196995 0.432915 0.06014999999999998 0.028569999999999984
7 0.45413499999999996 0.4323 0.05714999999999998 0.01988000000000001
7 0.19549 0.6254649999999999 0.06616 0.07328999999999997
7 0.825565 0.6378900000000001 0.05413000000000001 0.09067999999999998
