1 0.4653314 0.48820935 0.9208972000000001 0.9570012999999999
2 0.17871 0.31067999999999996 0.04102 0.08322000000000002
2 0.1157235 0.31206999999999996 0.041993 0.08322000000000002
2 0.053710999999999995 0.31137499999999996 0.04101599999999999 0.08183000000000001
2 0.05322299999999999 0.48682 0.041991999999999995 0.09985999999999995
2 0.1162115 0.487515 0.04101700000000001 0.09846999999999995
2 0.17822500000000002 0.48682 0.04199 0.09985999999999995
2 0.0722655 0.667125 0.041014999999999996 0.08599000000000001
2 0.166015 0.666435 0.04100999999999999 0.08736999999999995
2 0.296875 0.665745 0.04100999999999999 0.08599000000000001
2 0.643555 0.66366 0.04100999999999999 0.08738000000000001
2 0.76953 0.662275 0.041019999999999945 0.08737000000000006
2 0.862305 0.662275 0.04100999999999999 0.08737000000000006
2 0.75 0.482665 0.041020000000000056 0.09708999999999995
2 0.811035 0.48405 0.03809000000000007 0.09708
2 0.87158 0.482665 0.03808 0.09708999999999995
2 0.527345 0.485435 0.04100999999999999 0.09709000000000001
2 0.46630499999999997 0.485435 0.04199000000000003 0.09709000000000001
2 0.404785 0.486825 0.04198999999999997 0.09709000000000001
2 0.405275 0.31276000000000004 0.04100999999999999 0.08183999999999997
2 0.466795 0.31276000000000004 0.04100999999999999 0.08183999999999997
2 0.52832 0.31206500000000004 0.041020000000000056 0.08044999999999997
2 0.464845 0.1352305 0.027349999999999985 0.070739
2 0.404785 0.1345355 0.028329999999999966 0.069349
2 0.52539 0.1352305 0.02734000000000003 0.070739
2 0.7495099999999999 0.31206500000000004 0.03808 0.08044999999999997
2 0.81006 0.31067999999999996 0.03808 0.08044000000000001
2 0.87158 0.31067999999999996 0.03808 0.08044000000000001
2 0.748535 0.13662 0.026370000000000005 0.06796
2 0.8081050000000001 0.135925 0.024409999999999932 0.06657
2 0.867675 0.135925 0.024410000000000043 0.06657
2 0.254395 0.31137499999999996 0.026369999999999977 0.08183000000000001
2 0.32959000000000005 0.31206500000000004 0.026359999999999995 0.08044999999999997
2 0.600095 0.31206500000000004 0.024409999999999932 0.08044999999999997
2 0.67334 0.31137499999999996 0.022460000000000035 0.08183000000000001
2 0.592775 0.16158 0.019529999999999936 0.062419999999999976
2 0.618655 0.162275 0.020509999999999917 0.06103
2 0.96973 0.14494 0.029299999999999993 0.05964
2 0.331545 0.50347 0.032230000000000036 0.06380000000000002
2 0.332035 0.45006999999999997 0.03125 0.03743999999999997
2 0.256835 0.45076 0.031249999999999972 0.03605999999999998
2 0.257815 0.50347 0.03125000000000003 0.06380000000000002
2 0.6787099999999999 0.44938 0.03320000000000001 0.03605999999999998
2 0.60547 0.44938 0.03320000000000001 0.03605999999999998
2 0.678715 0.501385 0.03125 0.06241000000000002
2 0.605465 0.502775 0.03125 0.06241000000000002
2 0.40869 0.684465 0.012700000000000045 0.07905000000000006
2 0.43261499999999997 0.6740649999999999 0.015629999999999977 0.09709000000000001
2 0.455075 0.6456299999999999 0.01366999999999996 0.040220000000000034
2 0.47802500000000003 0.6435500000000001 0.014649999999999996 0.027739999999999987
2 0.50293 0.67961 0.015619999999999967 0.06657999999999997
2 0.11425750000000001 0.84466 0.128905 0.11649999999999994
2 0.8193349999999999 0.83495 0.12890999999999997 0.11650000000000005
3 0.45557 0.867545 0.057620000000000005 0.17615000000000003
2 0.29297 0.853675 0.12890000000000001 0.14008999999999994
2 0.645015 0.84882 0.1279300000000001 0.13870000000000005
4 0.29834 0.5908450000000001 0.06933999999999996 0.047149999999999914
4 0.6464799999999999 0.5880700000000001 0.06836000000000009 0.04715999999999998
4 0.7578149999999999 0.09292600000000001 0.05859000000000003 0.04160799999999999
4 0.81836 0.09292600000000001 0.056640000000000024 0.04160799999999999
4 0.878905 0.09223100000000001 0.054690000000000016 0.04021799999999999
4 0.40918 0.0922345 0.056640000000000024 0.037451
4 0.4707 0.0901525 0.056640000000000024 0.038834999999999995
4 0.53223 0.09154100000000001 0.056640000000000024 0.038838
5 0.257815 0.5402199999999999 0.04296999999999998 0.01525999999999994
5 0.33301000000000003 0.5402199999999999 0.044920000000000015 0.01525999999999994
5 0.6084 0.538145 0.04491999999999996 0.013870000000000049
5 0.68262 0.53745 0.04492000000000007 0.012480000000000047
7 0.76953 0.8183050000000001 0.029299999999999993 0.04992999999999992
7 0.8012699999999999 0.8106800000000001 0.028320000000000012 0.05131999999999992
7 0.8393550000000001 0.81484 0.043950000000000045 0.05410000000000004
8 0.5356449999999999 0.385575 0.061529999999999974 0.058250000000000024
8 0.47363 0.38765499999999997 0.0625 0.05687000000000003
8 0.41113 0.386965 0.0625 0.058250000000000024
8 0.88281 0.38349500000000003 0.0625 0.05687000000000003
8 0.820805 0.385575 0.05957000000000001 0.06103000000000003
8 0.7602549999999999 0.38488 0.061529999999999974 0.059640000000000026
8 0.057129 0.385575 0.063476 0.06103000000000003
8 0.1196305 0.38627 0.06347900000000001 0.059640000000000026
8 0.18310500000000002 0.385575 0.06347 0.06103000000000003
4 0.25879 0.260055 0.03516 0.01802999999999999
4 0.331545 0.26075 0.036129999999999995 0.019419999999999993
4 0.60547 0.262135 0.03515999999999997 0.01941000000000004
4 0.677735 0.262135 0.035150000000000015 0.01941000000000004
4 0.52881 0.262135 0.04590000000000005 0.016649999999999998
4 0.46875 0.262825 0.04491999999999996 0.018030000000000046
4 0.40674 0.261445 0.045899999999999996 0.01802999999999999
4 0.75342 0.260055 0.04590000000000005 0.01802999999999999
4 0.813965 0.261445 0.0458900000000001 0.01802999999999999
4 0.87451 0.262825 0.04590000000000005 0.018030000000000046
8 0.39404 0.77115 0.04590000000000005 0.19140000000000001
8 0.561525 0.76838 0.03711000000000009 0.19140000000000001
8 0.46826 0.620665 0.14355999999999997 0.07350999999999996
8 0.44238 0.5492349999999999 0.02148 0.024970000000000048
8 0.503415 0.5492349999999999 0.020509999999999973 0.024970000000000048
8 0.564455 0.54785 0.02149000000000001 0.024959999999999982
8 0.38086 0.5492349999999999 0.011720000000000008 0.024970000000000048
8 0.7275400000000001 0.5492349999999999 0.021480000000000055 0.022190000000000043
8 0.78955 0.54785 0.022460000000000035 0.022199999999999998
8 0.84961 0.547155 0.023440000000000016 0.020809999999999995
8 0.91211 0.54785 0.023440000000000016 0.022199999999999998
8 0.0224605 0.54785 0.015625 0.03051999999999999
8 0.086426 0.54785 0.016602000000000006 0.03051999999999999
8 0.14795 0.54785 0.016600000000000004 0.03051999999999999
8 0.21191500000000002 0.54716 0.015630000000000005 0.03190000000000004
8 0.5625 0.59431 0.02540000000000009 0.03190000000000004
8 0.381345 0.595005 0.026370000000000005 0.03329000000000004
8 0.47753999999999996 0.695565 0.035160000000000025 0.062410000000000077
8 0.4458 0.705965 0.024419999999999997 0.03883000000000003
8 0.5063500000000001 0.70735 0.022460000000000035 0.03605999999999998
8 0.424315 0.710125 0.014649999999999996 0.022189999999999932
8 0.52295 0.7115100000000001 0.016599999999999948 0.027739999999999987
8 0.60449 0.720525 0.021480000000000055 0.01802999999999999
8 0.33935499999999996 0.724685 0.024409999999999987 0.01802999999999999
9 0.4628895 0.35853 0.902341 0.02911999999999998
9 0.459471 0.23856 0.897458 0.044379999999999975
9 0.4663078 0.70943 0.9130843999999999 0.023579999999999934
9 0.46484455 0.540225 0.9121109000000001 0.01802999999999999
11 0.7568349999999999 0.89459 0.05859000000000003 0.033279999999999976
