2 0.5810500000000001 0.27872 0.034560000000000035 0.08446000000000001
2 0.579855 0.467905 0.03695000000000004 0.09121000000000001
2 0.461855 0.27703 0.03694999999999998 0.08108000000000001
2 0.45947499999999997 0.46621999999999997 0.03694999999999998 0.08107999999999999
2 0.5768800000000001 0.66216 0.03813999999999995 0.09460000000000002
2 0.693085 0.655405 0.039329999999999976 0.08783000000000007
2 0.45709500000000003 0.66554 0.03933000000000003 0.08784000000000003
2 0.8087 0.65709 0.03934000000000004 0.08446000000000009
2 0.924915 0.653715 0.05720999999999998 0.09121000000000001
2 0.926105 0.46622 0.05720999999999998 0.08784000000000003
2 0.927295 0.27871500000000005 0.054829999999999934 0.07095000000000001
2 0.81168 0.45946 0.035760000000000014 0.08107999999999999
2 0.8110850000000001 0.268585 0.03694999999999993 0.06419
2 0.697855 0.266895 0.03695000000000004 0.06081
2 0.69845 0.45946 0.03814000000000006 0.07432
2 0.34446 0.27365 0.035760000000000014 0.07431999999999997
2 0.33969 0.46284000000000003 0.035760000000000014 0.07432
2 0.340285 0.66554 0.039329999999999976 0.09460000000000002
2 0.221695 0.46453 0.03337000000000001 0.09122000000000002
2 0.21931 0.6621600000000001 0.03337999999999999 0.08784000000000003
2 0.22466999999999998 0.265205 0.03456000000000001 0.07095000000000001
2 0.1048865 0.28547 0.042907000000000015 0.08445999999999998
2 0.1007175 0.46791000000000005 0.044105000000000005 0.08446000000000004
2 0.097738 0.66892 0.050064 0.09460000000000002
6 0.68057 0.34121500000000005 0.12871999999999995 0.10810999999999998
6 0.80274 0.33952499999999997 0.11084000000000005 0.11149000000000003
6 0.799165 0.533785 0.11322999999999994 0.09459000000000006
6 0.6758 0.533785 0.12634 0.09459000000000006
7 0.210965 0.266895 0.01669000000000001 0.06081
7 0.230035 0.266895 0.01669000000000001 0.06081
7 0.3093 0.26182500000000003 0.02026 0.05743000000000001
7 0.37187000000000003 0.27196 0.02145999999999998 0.07769999999999996
7 0.42789 0.27534000000000003 0.023839999999999972 0.08446000000000001
7 0.492255 0.27703 0.02144999999999997 0.08784
7 0.547675 0.27534000000000003 0.02265000000000006 0.08446000000000001
7 0.6096550000000001 0.27534000000000003 0.022649999999999948 0.08446000000000001
7 0.607865 0.46453 0.02144999999999997 0.09122000000000002
7 0.5446949999999999 0.46622 0.02145000000000008 0.08784000000000003
7 0.489275 0.467905 0.02265000000000006 0.09121000000000001
7 0.42491 0.46115 0.022639999999999993 0.09121999999999997
7 0.306915 0.45777 0.025029999999999997 0.08445999999999998
7 0.363525 0.45777 0.019069999999999976 0.07769999999999999
7 0.24911 0.46115 0.023839999999999972 0.07769999999999999
7 0.18355 0.46284000000000003 0.02384 0.08108000000000004
7 0.66448 0.263515 0.022639999999999993 0.06081
7 0.7252700000000001 0.26858 0.020260000000000056 0.07093999999999998
7 0.662095 0.45439 0.02265000000000006 0.07769999999999999
7 0.7240800000000001 0.45946000000000004 0.020260000000000056 0.08784000000000003
7 0.840285 0.27365 0.01907000000000003 0.07431999999999997
7 0.778305 0.26182500000000003 0.02144999999999997 0.05743000000000001
7 0.778305 0.4527 0.02144999999999997 0.07432
7 0.837905 0.45777 0.01906999999999992 0.08445999999999998
7 0.9225300000000001 0.26689 0.061980000000000035 0.04730000000000001
1 0.504174 0.510135 0.9225319999999999 0.71621
9 0.5083455 0.17905 0.9141889999999999 0.04053999999999999
7 0.5792649999999999 0.635135 0.030989999999999962 0.03378999999999999
7 0.69547 0.635135 0.032179999999999986 0.040550000000000086
7 0.926695 0.62669 0.05125000000000002 0.030399999999999983
