1 0.44130939999999996 0.5062865 0.8765212 0.973467
2 0.5282 0.0335195 0.041160000000000085 0.013966999999999997
2 0.28125 0.183655 0.17226 0.11312999999999998
2 0.282775 0.63338 0.17225000000000001 0.11312
2 0.285065 0.40991500000000003 0.17073 0.11313000000000001
2 0.0853645 0.22625499999999998 0.115851 0.09496999999999997
2 0.0853645 0.444835 0.115851 0.09637000000000001
2 0.6936 0.230445 0.11280000000000001 0.09497
2 0.69512 0.439945 0.10975999999999997 0.09497
2 0.692075 0.653635 0.10975000000000001 0.09497
5 0.6928350000000001 0.282825 0.14481 0.01256999999999997
5 0.6928350000000001 0.493715 0.14481 0.012570000000000026
5 0.689025 0.700415 0.14328999999999992 0.01256999999999997
5 0.08613 0.490925 0.14481999999999998 0.01256999999999997
5 0.08994150000000001 0.276535 0.143297 0.011169999999999958
5 0.279725 0.24441000000000002 0.20884999999999998 0.016760000000000025
5 0.28354 0.47067 0.20731999999999998 0.016759999999999997
5 0.28201 0.68855 0.20732 0.016759999999999997
7 0.69665 0.222765 0.10366000000000009 0.07403000000000001
7 0.6943600000000001 0.64455 0.10214000000000001 0.07402000000000009
9 0.4428375 0.0998615 0.8612850000000001 0.10195699999999999
11 0.470275 0.726955 0.10518999999999995 0.07123000000000002
11 0.4596 0.50698 0.056400000000000006 0.34078
11 0.44588350000000004 0.799585 0.824693 0.05447000000000002
11 0.1684475 0.8966449999999999 0.28506499999999996 0.14525
11 0.65244 0.888965 0.33535999999999994 0.1187100000000001
