1 0.536 0.4870137 0.8672 0.9688326
2 0.19440000000000002 0.09220550000000001 0.04000000000000001 0.08570900000000001
2 0.3272 0.085713 0.040000000000000036 0.083114
2 0.45840000000000003 0.0740245 0.03999999999999998 0.085711
2 0.1856 0.25844500000000004 0.04479999999999998 0.09090999999999999
2 0.4552 0.250645 0.0464 0.09090999999999996
2 0.596 0.24935 0.0464 0.09349999999999997
2 0.88 0.250645 0.05119999999999991 0.09090999999999996
2 0.3184 0.23896 0.041600000000000026 0.06233999999999998
2 0.7376 0.22987000000000002 0.04800000000000004 0.06494000000000003
2 0.4528 0.448055 0.05119999999999997 0.13247000000000003
2 0.5944 0.449355 0.04959999999999998 0.12987000000000004
2 0.4512 0.6376599999999999 0.05120000000000002 0.13766
2 0.5952 0.64286 0.05120000000000002 0.13766
2 0.8808 0.43247 0.04959999999999998 0.1013
2 0.8792 0.62078 0.04959999999999998 0.09870000000000001
2 0.18480000000000002 0.43766000000000005 0.049600000000000005 0.1013
2 0.18159999999999998 0.61818 0.049600000000000005 0.09870000000000001
2 0.26 0.41298999999999997 0.03359999999999999 0.09869999999999995
2 0.2992 0.41039000000000003 0.03199999999999997 0.09869999999999995
2 0.2592 0.6026 0.032 0.09870000000000001
2 0.2976 0.6051949999999999 0.03199999999999997 0.09870999999999996
2 0.7024 0.40649 0.03200000000000003 0.1013
2 0.744 0.40908999999999995 0.03200000000000003 0.1013
2 0.704 0.60649 0.03200000000000003 0.10129999999999995
2 0.744 0.60779 0.03200000000000003 0.10389999999999999
2 0.8792 0.83896 0.09119999999999995 0.15583999999999998
2 0.7392000000000001 0.8376600000000001 0.08960000000000001 0.15844000000000003
2 0.3176 0.832465 0.08799999999999997 0.15325
2 0.18480000000000002 0.82987 0.088 0.14806000000000008
2 0.596 0.075323 0.040000000000000036 0.083114
4 0.8775999999999999 0.55844 0.06559999999999999 0.03636000000000006
4 0.1832 0.5519499999999999 0.06559999999999999 0.038959999999999995
4 0.88 0.376625 0.060799999999999965 0.015589999999999993
4 0.18719999999999998 0.38051999999999997 0.06079999999999999 0.01818000000000003
5 0.1832 0.31039 0.07200000000000001 0.03376000000000001
5 0.184 0.48831 0.07040000000000002 0.025979999999999948
5 0.1856 0.675325 0.07039999999999999 0.025969999999999938
5 0.8784 0.30649499999999996 0.07040000000000002 0.025969999999999993
5 0.8784 0.49091 0.07040000000000002 0.025980000000000003
5 0.8784 0.68052 0.07040000000000002 0.025980000000000003
5 0.5928 0.303895 0.07200000000000006 0.031169999999999976
5 0.4536 0.303895 0.07199999999999995 0.031169999999999976
6 0.4976 0.48182 0.30720000000000003 0.07532000000000005
6 0.4976 0.677925 0.30720000000000003 0.07272999999999996
7 0.4264 0.0740255 0.02080000000000004 0.090909
7 0.488 0.071427 0.022399999999999975 0.090906
7 0.516 0.07142949999999999 0.01760000000000006 0.080521
7 0.5367999999999999 0.0727295 0.01759999999999995 0.083121
7 0.5632 0.07143050000000001 0.022399999999999975 0.085719
7 0.628 0.07143050000000001 0.02400000000000002 0.085719
7 0.4888 0.25065000000000004 0.02400000000000002 0.09610000000000002
7 0.41759999999999997 0.24935000000000002 0.02240000000000003 0.09870000000000001
7 0.5568 0.24805 0.025599999999999956 0.09609999999999996
7 0.6304000000000001 0.24935000000000002 0.025599999999999956 0.09870000000000001
7 0.1496 0.257145 0.023999999999999994 0.09351000000000001
7 0.2168 0.254545 0.020800000000000013 0.09351000000000001
7 0.28159999999999996 0.23117 0.02240000000000003 0.06754000000000002
7 0.35119999999999996 0.23766 0.020799999999999985 0.07532
7 0.7488 0.22987000000000002 0.022399999999999975 0.059740000000000015
7 0.7256 0.22987000000000002 0.02080000000000004 0.059740000000000015
7 0.8408 0.25065000000000004 0.02400000000000002 0.09610000000000002
7 0.912 0.25065000000000004 0.022399999999999975 0.09610000000000002
7 0.9136 0.43247 0.022399999999999975 0.1013
7 0.8416 0.43247 0.022399999999999975 0.1013
7 0.4152 0.445455 0.020799999999999985 0.13246999999999998
7 0.4888 0.446755 0.020799999999999985 0.12986999999999999
7 0.556 0.44545500000000005 0.02080000000000004 0.12727000000000005
7 0.6312 0.445455 0.02079999999999993 0.13246999999999998
7 0.41359999999999997 0.63766 0.020799999999999985 0.14286
7 0.48719999999999997 0.63636 0.020799999999999985 0.14025999999999994
7 0.5568 0.63896 0.019199999999999995 0.14026000000000005
7 0.6312 0.64026 0.02079999999999993 0.13766
7 0.1464 0.43506500000000004 0.020799999999999985 0.09610999999999997
7 0.14479999999999998 0.615585 0.023999999999999994 0.10388999999999993
7 0.9144 0.62078 0.02400000000000002 0.1039000000000001
7 0.8424 0.61948 0.02400000000000002 0.10650000000000004
8 0.7208 0.49091 0.1008 0.025980000000000003
8 0.2824 0.48831 0.10079999999999997 0.025979999999999948
8 0.78 0.4026 0.027200000000000002 0.10389999999999999
8 0.6624 0.39870000000000005 0.025600000000000067 0.1013
8 0.7807999999999999 0.6 0.025599999999999956 0.11427999999999994
8 0.6616 0.6038950000000001 0.027200000000000002 0.11168999999999996
8 0.3328 0.6 0.02560000000000001 0.11427999999999994
8 0.2224 0.598705 0.025599999999999984 0.11168999999999996
8 0.33440000000000003 0.40649 0.02560000000000001 0.1013
8 0.2232 0.40649 0.027200000000000002 0.1013
8 0.1144 0.549355 0.014399999999999996 0.32987
8 0.952 0.546755 0.019199999999999995 0.3506500000000001
9 0.5352 0.34545499999999996 0.8528 0.07273000000000002
9 0.5392 0.175325 0.8575999999999999 0.09090999999999999
10 0.5616 0.857145 0.012799999999999923 0.09350999999999998
10 0.48960000000000004 0.855845 0.012799999999999978 0.09090999999999994
10 0.5616000000000001 0.9233800000000001 0.019199999999999995 0.038959999999999995
10 0.49039999999999995 0.92208 0.017600000000000005 0.04156000000000004
10 0.5624 0.783115 0.027200000000000002 0.0545500000000001
10 0.4904 0.783115 0.027200000000000002 0.0545500000000001
11 0.39039999999999997 0.832465 0.035199999999999954 0.028569999999999984
4 0.732 0.187015 0.1392 0.031170000000000003
4 0.3136 0.19220500000000001 0.1408 0.031170000000000003
