1 0.4632745 0.5122395 0.890391 0.967981
2 0.185875 0.467985 0.06666999999999998 0.16385
2 0.433335 0.466105 0.07344999999999996 0.16761000000000004
2 0.7214700000000001 0.46233499999999994 0.07344000000000006 0.16760999999999998
2 0.40339 0.153485 0.05650000000000005 0.16760999999999998
2 0.466105 0.153485 0.057630000000000015 0.16760999999999998
2 0.198305 0.14595249999999999 0.048589999999999994 0.11111499999999999
2 0.728245 0.1214665 0.04859000000000002 0.11110700000000001
3 0.42486 0.822035 0.08814 0.28437
2 0.71695 0.8135600000000001 0.12541999999999998 0.25988
2 0.18079 0.8031999999999999 0.11752000000000001 0.24670000000000003
4 0.17853 0.353105 0.13108000000000003 0.05084999999999995
4 0.42825 0.35028 0.12656 0.056499999999999995
4 0.71582 0.3484 0.13446000000000002 0.056499999999999995
4 0.19322 0.072505 0.09266000000000002 0.039548
5 0.429375 0.25517999999999996 0.14915 0.04331999999999997
7 0.34745499999999996 0.15725 0.050850000000000006 0.17514000000000002
7 0.51921 0.1516 0.05083999999999994 0.17514
7 0.654805 0.46328 0.04632999999999998 0.17326000000000003
7 0.78079 0.46328 0.04746000000000006 0.17326000000000003
7 0.490395 0.46044999999999997 0.038410000000000055 0.17137999999999998
7 0.36723 0.46233499999999994 0.04293999999999998 0.16760999999999998
7 0.238985 0.467985 0.03729000000000002 0.16760999999999998
7 0.1225975 0.46892500000000004 0.046325000000000005 0.16948999999999997
9 0.46496950000000004 0.58098 0.884741 0.07721999999999996
11 0.306215 0.863465 0.11298999999999998 0.11487000000000003
11 0.531075 0.8728800000000001 0.11299000000000003 0.11487999999999998
