1 0.49935514999999997 0.50048828 0.9961297 0.99902344
2 0.1361275 0.14697 0.073545 0.1123
2 0.332255 0.1440455 0.07355 0.11230899999999999
2 0.528385 0.143067 0.07355 0.112306
2 0.715485 0.145997 0.07355 0.112306
2 0.907745 0.15136850000000002 0.07355 0.113283
2 0.910325 0.37451 0.07612999999999992 0.12402000000000002
2 0.71871 0.37207 0.07741999999999993 0.12303999999999998
2 0.52903 0.36914 0.07742000000000004 0.12303999999999998
2 0.33032 0.37207 0.07742000000000004 0.12303999999999998
2 0.139355 0.375975 0.07740999999999999 0.12304999999999999
2 0.147745 0.60596 0.07870999999999999 0.11815999999999993
2 0.336125 0.60303 0.07871 0.11815999999999993
2 0.527095 0.60303 0.07871 0.11815999999999993
2 0.720645 0.603515 0.07871000000000006 0.11719000000000002
2 0.906455 0.60205 0.07871000000000006 0.11816000000000004
3 0.44194 0.893065 0.12000000000000005 0.18846999999999992
5 0.1464505 0.675785 0.12257900000000001 0.03125
5 0.33355 0.675785 0.12258000000000002 0.03125
5 0.526455 0.677245 0.12386999999999998 0.03222999999999998
5 0.714835 0.676755 0.12386999999999992 0.03125
5 0.9025799999999999 0.67334 0.12258000000000002 0.032220000000000026
7 0.152905 0.57666 0.06065000000000001 0.03417999999999999
7 0.531615 0.57568 0.06192999999999993 0.03417999999999999
7 0.72 0.5786100000000001 0.06967999999999996 0.040039999999999965
7 0.907745 0.5644549999999999 0.07096999999999998 0.01366999999999996
9 0.5012915 0.46240000000000003 0.979357 0.06348000000000004
9 0.5025815 0.6938500000000001 0.9819370000000001 0.08496000000000004
9 0.504517 0.0170896 0.9806459999999999 0.026366800000000003
9 0.5025815 0.211425 0.9819370000000001 0.03027000000000002
11 0.21613000000000002 0.87695 0.0942 0.15233999999999992
11 0.02709665 0.879395 0.0438707 0.16113
11 0.098063 0.9199200000000001 0.06967399999999999 0.029299999999999993
11 0.5787100000000001 0.9126 0.047740000000000005 0.05566000000000004
11 0.667095 0.895505 0.10580999999999996 0.18555
11 0.8935500000000001 0.891605 0.10452000000000006 0.18555
