1 0.5336895 0.52046 0.924801 0.80306
2 0.73096 0.30179 0.057619999999999894 0.08952000000000004
2 0.864745 0.29923500000000003 0.05760999999999994 0.08951000000000003
2 0.46875 0.67583 0.056640000000000024 0.09079999999999999
2 0.6792 0.675835 0.049799999999999955 0.11380999999999997
2 0.77734 0.674555 0.05078000000000005 0.11125000000000007
2 0.86865 0.672635 0.05176000000000003 0.11253000000000002
2 0.36035 0.670715 0.05078000000000005 0.09846999999999995
2 0.174805 0.6726300000000001 0.04493 0.10486000000000006
2 0.25635 0.67455 0.04394000000000001 0.10358
2 0.155275 0.504475 0.05273 0.11637000000000003
2 0.23632999999999998 0.508315 0.05273999999999998 0.11637000000000003
2 0.331055 0.508315 0.05273 0.11637000000000003
2 0.7119150000000001 0.48912999999999995 0.044930000000000025 0.12147999999999998
2 0.7880849999999999 0.48849 0.044930000000000025 0.12275999999999998
2 0.86279 0.485295 0.04589999999999994 0.12148999999999999
2 0.45264 0.493605 0.09082000000000001 0.13811000000000007
2 0.44043 0.32161 0.06446000000000002 0.08823999999999999
2 0.31543 0.3133 0.06446000000000002 0.08183999999999997
2 0.61572 0.8555 0.04589999999999994 0.11763999999999997
2 0.7905249999999999 0.85294 0.04981000000000002 0.11763999999999997
2 0.875 0.850385 0.05078000000000005 0.11764999999999992
2 0.33252000000000004 0.858055 0.04980000000000001 0.11765000000000003
2 0.254395 0.859335 0.04980999999999999 0.11764999999999992
2 0.16992000000000002 0.860615 0.04491999999999999 0.11765000000000003
2 0.47412 0.858055 0.045899999999999996 0.11765000000000003
3 0.410155 0.86509 0.04100999999999999 0.10870000000000002
3 0.703125 0.863175 0.03906999999999994 0.11253000000000002
8 0.703615 0.76918 0.09472999999999998 0.042200000000000015
8 0.40869 0.790925 0.08496000000000004 0.031970000000000054
11 0.524905 0.82545 0.04785000000000006 0.10358
