1 0.50183 0.49448095000000003 0.5055000000000001 0.9794981
2 0.500915 0.062303 0.02747000000000005 0.026813999999999998
2 0.50183 0.12381999999999999 0.029300000000000048 0.04573999999999999
2 0.5210600000000001 0.22397499999999998 0.031140000000000057 0.05993000000000001
2 0.48260000000000003 0.223185 0.03114 0.06151000000000001
2 0.48351500000000003 0.335175 0.029310000000000003 0.061509999999999954
2 0.52198 0.33675 0.029300000000000104 0.06152000000000002
2 0.522895 0.464515 0.031130000000000102 0.09937000000000001
2 0.48260000000000003 0.464515 0.03114 0.09937000000000001
2 0.48168500000000003 0.578075 0.03297 0.07413000000000003
2 0.52564 0.578075 0.0329600000000001 0.07413000000000003
2 0.5265599999999999 0.7255499999999999 0.03846000000000005 0.10409999999999997
2 0.47343999999999997 0.7255499999999999 0.038459999999999994 0.10409999999999997
2 0.34066 0.233435 0.0403 0.04100999999999999
2 0.6611750000000001 0.233435 0.04029000000000005 0.04100999999999999
2 0.34066 0.334385 0.04396 0.06625000000000003
2 0.66117 0.334385 0.04396 0.06625000000000003
2 0.66117 0.451105 0.047619999999999996 0.06624999999999998
2 0.343405 0.45267999999999997 0.04579 0.06624000000000002
2 0.343405 0.576495 0.04579 0.07413000000000003
2 0.66117 0.576495 0.04396 0.07413000000000003
2 0.6639200000000001 0.712935 0.053119999999999945 0.07887
2 0.341575 0.7153 0.05310999999999999 0.08043999999999996
2 0.0439565 0.841485 0.025641 0.05205000000000004
2 0.0769235 0.841485 0.02564100000000001 0.05205000000000004
2 0.10989 0.84306 0.025639999999999996 0.052059999999999995
2 0.090658 0.742905 0.166664 0.04100999999999999
3 0.85806 0.921925 0.06043999999999994 0.09936999999999996
4 0.339745 0.522085 0.08975 0.015770000000000062
4 0.65751 0.522085 0.09158 0.015770000000000062
5 0.33791000000000004 0.25473 0.06409999999999999 0.011039999999999994
5 0.65751 0.25631000000000004 0.06594 0.011039999999999994
5 0.498165 0.2571 0.08791000000000004 0.009460000000000024
6 0.49359 0.7815449999999999 0.19598 0.08358999999999994
7 0.662085 0.440855 0.04579 0.04259000000000002
8 0.41575 0.187695 0.018320000000000003 0.04100999999999999
8 0.5833349999999999 0.189275 0.02015 0.04100999999999999
8 0.73901 0.288645 0.020139999999999936 0.04100999999999999
8 0.5824199999999999 0.288645 0.018320000000000003 0.04100999999999999
8 0.41575 0.291795 0.018320000000000003 0.041010000000000046
8 0.260075 0.288645 0.01831000000000005 0.04100999999999999
8 0.260075 0.405365 0.01831000000000005 0.041010000000000046
8 0.41575 0.408515 0.018320000000000003 0.04100999999999999
8 0.5824199999999999 0.408515 0.018320000000000003 0.04100999999999999
8 0.742675 0.408515 0.02015 0.04100999999999999
8 0.5815 0.6372249999999999 0.031139999999999946 0.03155000000000008
8 0.414835 0.6340699999999999 0.03112999999999999 0.03154000000000001
8 0.44872 0.061514 0.05127999999999999 0.031546
8 0.548535 0.064669 0.05310999999999999 0.031546
9 0.50458 0.379335 0.5 0.029969999999999997
9 0.499085 0.6388 0.5036700000000001 0.04732000000000003
9 0.50183 0.77445 0.5055000000000001 0.04732000000000003
9 0.50275 0.8753949999999999 0.5 0.01576999999999995
11 0.0970715 0.8801300000000001 0.186817 0.02207999999999999
11 0.13736500000000001 0.93691 0.062270000000000006 0.08518000000000003
11 0.0760075 0.93691 0.045787 0.08518000000000003
11 0.02747275 0.93691 0.0366305 0.08518000000000003
11 0.652015 0.87934 0.10989000000000004 0.11830000000000007
11 0.50275 0.8785449999999999 0.11172000000000004 0.11041000000000001
11 0.354395 0.8769750000000001 0.11173 0.11041000000000001
6 0.495425 0.5094650000000001 0.14468999999999999 0.07887000000000005
