2 0.445315 0.81934 0.03125 0.0625
2 0.22526 0.7099599999999999 0.07032 0.09765999999999997
2 0.211585 0.81787 0.04297000000000001 0.06347999999999998
2 0.308595 0.81787 0.041669999999999985 0.06347999999999998
2 0.397135 0.81885 0.03125 0.06347999999999998
3 0.309245 0.9238299999999999 0.055989999999999984 0.08398000000000005
2 0.602865 0.81885 0.03125 0.06347999999999998
2 0.226565 0.343265 0.06770999999999999 0.05957000000000001
2 0.22591499999999998 0.458005 0.06900999999999999 0.06445000000000001
4 0.229165 0.407715 0.11719000000000002 0.03222999999999998
4 0.410155 0.40283 0.16666999999999998 0.043940000000000035
2 0.36263 0.343265 0.022139999999999993 0.05957000000000001
2 0.40625 0.34375 0.039059999999999984 0.06054000000000004
2 0.44987 0.343265 0.022139999999999993 0.05957000000000001
2 0.36263 0.45947 0.022139999999999993 0.06347999999999998
2 0.40625 0.45947 0.03646000000000005 0.06347999999999998
2 0.44987 0.45947 0.022139999999999993 0.06347999999999998
2 0.586585 0.344725 0.06901000000000002 0.05859000000000003
2 0.58724 0.458985 0.07031999999999994 0.06445000000000001
4 0.5931 0.40869 0.12370000000000003 0.032220000000000026
2 0.586585 0.589355 0.06901000000000002 0.09277000000000002
2 0.586585 0.708985 0.06901000000000002 0.09179000000000004
2 0.554035 0.81934 0.03254999999999997 0.0625
2 0.22591499999999998 0.5883799999999999 0.06900999999999999 0.09472000000000003
2 0.42513 0.56201 0.04036000000000001 0.07323999999999997
2 0.42447999999999997 0.68799 0.041659999999999975 0.07323999999999997
2 0.46614500000000003 0.5668949999999999 0.015629999999999977 0.07714999999999994
2 0.37109499999999995 0.567385 0.02865000000000001 0.07813000000000003
2 0.371745 0.69141 0.029950000000000032 0.07421999999999995
2 0.46614500000000003 0.691405 0.015629999999999977 0.07616999999999996
1 0.4082 0.58887 0.55078 0.75586
2 0.8020849999999999 0.499515 0.04426999999999992 0.05957000000000001
2 0.802735 0.613765 0.05339000000000005 0.053709999999999924
2 0.804685 0.37793 0.04427000000000003 0.058599999999999985
2 0.80078 0.73535 0.04948000000000008 0.05663999999999991
2 0.0429688 0.48534999999999995 0.0677084 0.06053999999999998
2 0.063802 0.375975 0.03125 0.05859000000000003
2 0.020833149999999998 0.375 0.0312497 0.058599999999999985
2 0.0429688 0.597655 0.0677084 0.06054999999999999
4 0.804685 0.458495 0.06770999999999994 0.020509999999999973
4 0.804685 0.5737300000000001 0.09115000000000006 0.01856000000000002
5 0.22656500000000002 0.38232 0.08073 0.022460000000000035
5 0.36328 0.37695 0.03386 0.011720000000000008
5 0.45377500000000004 0.37890999999999997 0.03255000000000002 0.011720000000000008
5 0.409505 0.37842 0.04816999999999999 0.010740000000000027
5 0.5878950000000001 0.38281 0.08202999999999994 0.02148
5 0.589195 0.515135 0.08203000000000005 0.049809999999999965
5 0.225915 0.51416 0.08202999999999999 0.04980000000000001
5 0.37434500000000004 0.626465 0.03255000000000002 0.051750000000000074
5 0.46679499999999996 0.626465 0.019529999999999992 0.051750000000000074
5 0.426435 0.623535 0.04557 0.051750000000000074
5 0.0455731 0.535645 0.0833338 0.04198999999999997
6 0.8072900000000001 0.42285 0.06510000000000005 0.029299999999999993
6 0.229165 0.617675 0.15364999999999998 0.053710000000000035
6 0.597005 0.622555 0.16277000000000008 0.05957000000000001
6 0.597655 0.74756 0.14062999999999992 0.05566000000000004
6 0.232425 0.74902 0.14193 0.056640000000000024
8 0.328125 0.45654 0.026050000000000018 0.06347999999999998
8 0.48958 0.45703 0.026040000000000063 0.06445999999999996
8 0.805985 0.331055 0.08073000000000008 0.025390000000000024
8 0.807295 0.29883000000000004 0.06770999999999994 0.015620000000000023
8 0.805335 0.549805 0.08203000000000005 0.027349999999999985
9 0.40820500000000004 0.7495099999999999 0.54037 0.03808
9 0.40820500000000004 0.711425 0.54297 0.05957000000000001
9 0.409505 0.5332 0.54037 0.023439999999999905
10 0.29752500000000004 0.39209 0.029949999999999977 0.18847999999999998
10 0.520185 0.393065 0.02994999999999992 0.18847000000000003
10 0.6569050000000001 0.393065 0.029950000000000032 0.18847000000000003
10 0.16080499999999998 0.39209 0.029950000000000004 0.18847999999999998
10 0.16080499999999998 0.50244 0.032549999999999996 0.03221999999999997
10 0.29752500000000004 0.50244 0.03255000000000002 0.03221999999999997
10 0.520185 0.50439 0.03255000000000008 0.034180000000000044
10 0.6582049999999999 0.50439 0.03254999999999997 0.034180000000000044
8 0.26953000000000005 0.840335 0.03645999999999999 0.03223000000000009
8 0.35091 0.8408199999999999 0.037760000000000016 0.03320000000000001
8 0.30794 0.8833 0.10026000000000002 0.05176000000000003
10 0.108723 0.5683549999999999 0.03515399999999999 0.26953
11 0.214845 0.916015 0.046869999999999995 0.07227000000000006
11 0.42252500000000004 0.907225 0.08202999999999999 0.052730000000000055
11 0.580075 0.907715 0.08203000000000005 0.053710000000000035
11 0.50065 0.920895 0.022139999999999938 0.025390000000000024
11 0.6510400000000001 0.932615 0.026039999999999952 0.015630000000000033
11 0.66211 0.890135 0.04035999999999995 0.03027000000000002
