2 0.401045 0.26416 0.054690000000000016 0.08885999999999997
2 0.527345 0.26416 0.05209000000000008 0.08885999999999997
2 0.5260400000000001 0.098632 0.052080000000000015 0.08593600000000001
2 0.40039 0.09814400000000001 0.05338000000000004 0.086912
4 0.52669 0.367675 0.07421999999999995 0.02636999999999995
4 0.402995 0.367675 0.07421 0.02636999999999995
2 0.402995 0.42627000000000004 0.05338999999999999 0.08886
2 0.527995 0.42578 0.05339000000000005 0.08594000000000002
2 0.404945 0.60547 0.054690000000000016 0.125
2 0.527995 0.5849599999999999 0.05339000000000005 0.08398000000000005
2 0.400395 0.742185 0.055989999999999984 0.08203000000000005
2 0.530595 0.742675 0.055989999999999984 0.08301000000000003
3 0.530595 0.914555 0.06901000000000007 0.12207000000000001
2 0.6542950000000001 0.74268 0.05338999999999994 0.08495999999999992
2 0.7832049999999999 0.7417 0.05338999999999994 0.08496000000000004
2 0.651695 0.42627 0.05339000000000005 0.08692
2 0.776695 0.42578 0.05339000000000005 0.08594000000000002
2 0.651695 0.58447 0.05339000000000005 0.08496000000000004
2 0.776695 0.6040049999999999 0.05339000000000005 0.12402999999999997
4 0.6510400000000001 0.36865000000000003 0.07291999999999998 0.028319999999999956
4 0.776695 0.36768 0.07160999999999995 0.028320000000000012
2 0.651695 0.264645 0.05339000000000005 0.08788999999999997
2 0.776695 0.26317999999999997 0.05339000000000005 0.08495999999999998
2 0.651695 0.098632 0.055989999999999984 0.08593600000000001
2 0.777995 0.098632 0.05339000000000005 0.08593600000000001
1 0.591795 0.496094 0.5950500000000001 0.962892
4 0.39909 0.82715 0.07162000000000002 0.009760000000000102
4 0.654945 0.8227549999999999 0.0833299999999999 0.05957000000000001
4 0.7832 0.82617 0.07421999999999995 0.009759999999999991
2 0.22330499999999998 0.26366999999999996 0.07942999999999997 0.08398
2 0.22656 0.425295 0.07812000000000002 0.08300999999999997
2 0.22656 0.586915 0.07812000000000002 0.08399000000000001
2 0.232425 0.743655 0.07943 0.08300999999999992
2 0.22396 0.104005 0.07811999999999997 0.08301
2 0.95703 0.1035165 0.07812000000000008 0.083987
2 0.95638 0.26123 0.07942000000000005 0.08299999999999999
2 0.063802 0.0615225 0.023438000000000007 0.085935
2 0.0690105 0.234375 0.023436999999999993 0.08592999999999998
2 0.11848999999999998 0.0776385 0.026039999999999994 0.096683
2 0.12109 0.24804500000000002 0.026040000000000008 0.08985000000000001
2 0.123045 0.41357 0.02213000000000001 0.09082000000000001
4 0.22460999999999998 0.368165 0.10545999999999997 0.027349999999999985
5 0.40039 0.30762 0.07682 0.023440000000000016
5 0.52409 0.30859499999999995 0.07682 0.023430000000000006
5 0.65039 0.30664 0.07682 0.02343999999999996
5 0.77539 0.30859499999999995 0.07682 0.023430000000000006
5 0.7760400000000001 0.47314 0.07812000000000008 0.028320000000000012
5 0.652345 0.47412 0.07812999999999992 0.028320000000000012
5 0.53125 0.47412 0.07811999999999997 0.028320000000000012
5 0.402995 0.47217 0.07683000000000001 0.028320000000000012
5 0.22396 0.31054499999999996 0.08854000000000004 0.013670000000000015
5 0.22851500000000002 0.472165 0.08985000000000001 0.014650000000000052
5 0.22591 0.632325 0.08984 0.014650000000000052
5 0.063151 0.108885 0.040364000000000004 0.014649999999999996
5 0.123695 0.29296999999999995 0.03384999999999999 0.02148
4 0.23112 0.827145 0.10025999999999999 0.013670000000000071
5 0.39844 0.799805 0.07812000000000002 0.04100999999999999
5 0.7832049999999999 0.799805 0.07943 0.04100999999999999
5 0.23176999999999998 0.799805 0.09635999999999997 0.04100999999999999
8 0.5306 0.8227549999999999 0.07422000000000006 0.05957000000000001
5 0.532555 0.788575 0.08072999999999997 0.012689999999999979
5 0.654945 0.78809 0.0833299999999999 0.011720000000000064
6 0.589195 0.6425749999999999 0.49089000000000005 0.06054999999999999
6 0.589195 0.1543 0.5794299999999999 0.08008000000000001
6 0.94466 0.154785 0.10286000000000006 0.08300999999999999
6 0.190754 0.155765 0.18359200000000003 0.08301
8 0.335285 0.063967 0.022129999999999983 0.084966
8 0.460285 0.066897 0.022129999999999983 0.084966
8 0.590495 0.0625005 0.022129999999999983 0.08593899999999999
8 0.8444 0.063967 0.022139999999999938 0.084966
8 0.71419 0.066897 0.02214000000000005 0.084966
8 0.841145 0.22655999999999998 0.026050000000000018 0.05078000000000002
8 0.71419 0.22558999999999998 0.02733999999999992 0.05077999999999999
8 0.5885400000000001 0.22655999999999998 0.026039999999999952 0.05078000000000002
8 0.46224 0.22655999999999998 0.026040000000000008 0.05078000000000002
8 0.34114500000000003 0.22851500000000002 0.026049999999999962 0.05079000000000003
8 0.40234000000000003 0.33447000000000005 0.02343999999999996 0.016600000000000004
8 0.52669 0.33545 0.024739999999999984 0.016600000000000004
8 0.6582 0.33545 0.024739999999999984 0.016600000000000004
8 0.77539 0.33545 0.024739999999999984 0.016600000000000004
8 0.12304500000000002 0.33545 0.019530000000000006 0.061519999999999964
8 0.225915 0.33594 0.019529999999999992 0.017579999999999985
8 0.067057 0.15332 0.027343999999999993 0.06445999999999999
9 0.5957049999999999 0.68506 0.56641 0.05566000000000004
4 0.589845 0.53564 0.49738999999999994 0.0283199999999999
8 0.46289 0.78076 0.05860000000000004 0.2060599999999999
8 0.7233050000000001 0.7832 0.05859000000000003 0.20507999999999993
8 0.589845 0.713865 0.04426999999999992 0.06640999999999997
11 0.402995 0.91406 0.06640999999999997 0.11914000000000002
11 0.652995 0.9126 0.06641000000000008 0.12012
11 0.796225 0.91406 0.08984999999999999 0.11914000000000002
11 0.86198 0.916505 0.039059999999999984 0.04198999999999997
11 0.719405 0.91504 0.055989999999999984 0.058599999999999985
11 0.59245 0.9121049999999999 0.04947999999999997 0.042970000000000064
11 0.234375 0.914555 0.07813 0.11620999999999992
