4 0.44401 0.299805 0.13541999999999993 0.02149000000000001
1 0.44466 0.5605450000000001 0.53516 0.8554700000000001
2 0.396485 0.731935 0.019529999999999992 0.04198999999999997
2 0.397135 0.6928700000000001 0.018230000000000024 0.030279999999999974
2 0.396485 0.5981449999999999 0.019529999999999992 0.053710000000000035
2 0.395835 0.557615 0.020830000000000015 0.03125
2 0.453125 0.728515 0.049470000000000014 0.04100999999999999
2 0.45247499999999996 0.687985 0.04816999999999999 0.026370000000000005
2 0.453125 0.592285 0.049470000000000014 0.04981000000000002
2 0.45377999999999996 0.550295 0.05077999999999999 0.026370000000000005
2 0.29557 0.736325 0.039059999999999984 0.037109999999999976
2 0.247395 0.736325 0.039069999999999994 0.037109999999999976
2 0.296225 0.6987300000000001 0.04037000000000002 0.024419999999999997
2 0.247395 0.6987300000000001 0.039069999999999994 0.024419999999999997
2 0.310545 0.603515 0.022129999999999983 0.044930000000000025
2 0.272135 0.6030249999999999 0.039069999999999994 0.043950000000000045
2 0.23502499999999998 0.6030249999999999 0.02213000000000001 0.043950000000000045
2 0.309245 0.5654250000000001 0.022129999999999983 0.025389999999999913
2 0.272135 0.56494 0.039069999999999994 0.024419999999999997
2 0.23502499999999998 0.56494 0.02213000000000001 0.024419999999999997
2 0.245445 0.34082 0.04297000000000001 0.0625
2 0.29817499999999997 0.34131 0.044269999999999976 0.06347999999999998
2 0.23502499999999998 0.465335 0.02213000000000001 0.07128999999999996
2 0.272135 0.465335 0.039069999999999994 0.07128999999999996
2 0.30989500000000003 0.46582 0.02082999999999996 0.07032
2 0.453125 0.447265 0.054690000000000016 0.07617000000000002
2 0.39453 0.458495 0.023440000000000016 0.08300999999999997
2 0.5 0.45752000000000004 0.013020000000000032 0.08495999999999998
2 0.402995 0.336425 0.022129999999999983 0.049809999999999965
2 0.44076 0.331545 0.037760000000000016 0.03809000000000001
2 0.47917 0.33203 0.023440000000000016 0.039059999999999984
2 0.5833349999999999 0.34424 0.041669999999999985 0.06152000000000002
2 0.6354150000000001 0.34424 0.041669999999999985 0.06152000000000002
2 0.57357 0.468265 0.02214000000000005 0.07128999999999996
2 0.609375 0.467775 0.03645000000000009 0.07030999999999998
2 0.6458349999999999 0.46826 0.020830000000000015 0.06934000000000001
2 0.57357 0.565915 0.02214000000000005 0.024409999999999932
2 0.61003 0.565915 0.037760000000000016 0.024409999999999932
2 0.647135 0.565915 0.020830000000000015 0.024409999999999932
2 0.646485 0.6049800000000001 0.019530000000000047 0.04393999999999998
2 0.61003 0.6049800000000001 0.037760000000000016 0.04393999999999998
2 0.57357 0.6049800000000001 0.02214000000000005 0.04393999999999998
2 0.5859399999999999 0.698245 0.039059999999999984 0.025390000000000024
2 0.6328100000000001 0.698245 0.039059999999999984 0.025390000000000024
2 0.58529 0.73535 0.037760000000000016 0.03515999999999997
2 0.6328100000000001 0.73584 0.039059999999999984 0.03613999999999995
3 0.65625 0.924315 0.07031999999999994 0.12403000000000008
2 0.501955 0.845215 0.04297000000000001 0.06738999999999995
2 0.382815 0.845215 0.041669999999999985 0.06738999999999995
2 0.263675 0.845215 0.042970000000000036 0.06738999999999995
2 0.10677 0.342285 0.03906 0.05957000000000001
2 0.02148455 0.34179499999999996 0.0403649 0.058589999999999975
2 0.10611899999999999 0.46582 0.040361999999999995 0.06053999999999998
2 0.10677 0.592285 0.03906 0.061529999999999974
2 0.1048165 0.72266 0.04296699999999999 0.0625
2 0.470055 0.177735 0.020830000000000015 0.03321000000000002
2 0.413415 0.17676 0.019529999999999992 0.03320000000000001
2 0.91471 0.285645 0.07421999999999995 0.05957000000000001
2 0.91471 0.40918 0.07421999999999995 0.06053999999999998
4 0.106121 0.2959 0.08463799999999999 0.03515999999999997
4 0.03190105 0.2959 0.0611979 0.03320000000000001
4 0.106122 0.421385 0.082036 0.03027000000000002
4 0.0345051 0.42041 0.0611978 0.03417999999999999
4 0.106122 0.5581050000000001 0.082036 0.06347000000000003
4 0.272785 0.41796999999999995 0.11067000000000002 0.02148
4 0.610025 0.42041 0.11066999999999994 0.024419999999999997
4 0.272135 0.5415 0.12761000000000003 0.016599999999999948
4 0.61328 0.5424800000000001 0.12760000000000005 0.01660000000000006
5 0.272135 0.38281 0.11978999999999998 0.029299999999999993
5 0.6132850000000001 0.38623 0.11978999999999995 0.028320000000000012
5 0.23502499999999998 0.51318 0.027350000000000013 0.01660000000000006
5 0.31055 0.51416 0.02734000000000003 0.01660000000000006
5 0.272785 0.514645 0.04037000000000002 0.019530000000000047
5 0.610025 0.51709 0.04037000000000002 0.01660000000000006
5 0.57422 0.51709 0.023440000000000016 0.01660000000000006
5 0.647135 0.51709 0.023430000000000062 0.01660000000000006
5 0.106771 0.50586 0.072918 0.023440000000000016
5 0.105466 0.63281 0.070308 0.021479999999999944
5 0.1061175 0.7583 0.069005 0.012700000000000045
5 0.272135 0.757815 0.10157 0.009770000000000056
5 0.272135 0.629885 0.11719000000000002 0.01366999999999996
5 0.6132850000000001 0.6318349999999999 0.11719000000000002 0.01366999999999996
5 0.45443 0.49560499999999996 0.052080000000000015 0.01855000000000001
5 0.39453 0.506835 0.023440000000000016 0.021490000000000065
5 0.5013 0.5068349999999999 0.013019999999999976 0.019529999999999936
5 0.61328 0.757815 0.10155999999999998 0.009770000000000056
5 0.45508 0.75049 0.06640000000000001 0.012699999999999934
5 0.39518 0.75586 0.035160000000000025 0.013680000000000025
5 0.503905 0.75537 0.018230000000000024 0.012699999999999934
6 0.44206 0.37549 0.13931999999999994 0.05176000000000003
8 0.442055 0.26465 0.11848999999999998 0.05274000000000001
8 0.44336 0.21631 0.022139999999999993 0.02245999999999998
8 0.5227900000000001 0.171875 0.06120000000000003 0.048829999999999985
8 0.6289100000000001 0.27197499999999997 0.16146000000000005 0.030269999999999964
8 0.257165 0.269045 0.15495 0.030269999999999964
8 0.6113299999999999 0.6655249999999999 0.15234000000000003 0.05957000000000001
8 0.272135 0.666015 0.15364999999999998 0.06054999999999999
8 0.447265 0.85156 0.05338999999999999 0.04688000000000003
8 0.65039 0.823735 0.12370000000000003 0.0595699999999999
9 0.44596 0.5283199999999999 0.52474 0.023440000000000016
9 0.447915 0.791505 0.52865 0.018550000000000066
2 0.504555 0.942875 0.07160999999999995 0.08301000000000003
2 0.384765 0.944335 0.07161000000000001 0.08399000000000001
2 0.26367 0.944335 0.07162000000000002 0.08399000000000001
