1 0.43023049999999996 0.520021 0.715759 0.956058
2 0.16473 0.16992000000000002 0.04779999999999998 0.08008000000000001
2 0.22933 0.17041 0.04780000000000001 0.0791
2 0.39793500000000004 0.17041 0.046509999999999996 0.0791
2 0.46253500000000003 0.17041 0.046509999999999996 0.0791
2 0.629845 0.17236 0.04520999999999997 0.07909999999999998
2 0.697675 0.17285 0.04650999999999994 0.08007999999999998
2 0.63049 0.32959 0.04909999999999992 0.07713999999999999
2 0.39793500000000004 0.331055 0.04909000000000002 0.07617000000000002
2 0.23191499999999998 0.33008000000000004 0.05039000000000002 0.07812000000000002
2 0.16666999999999998 0.33057000000000003 0.051679999999999976 0.0791
2 0.46253 0.330565 0.04910000000000003 0.07715
2 0.69509 0.330565 0.04909999999999992 0.07715
2 0.16473 0.49365000000000003 0.04779999999999998 0.08105999999999997
2 0.22932999999999998 0.49414 0.04522000000000001 0.08007999999999998
2 0.39729000000000003 0.49414 0.04780000000000001 0.08007999999999998
2 0.461885 0.49365000000000003 0.05038999999999999 0.08105999999999997
2 0.6292 0.49365000000000003 0.04910000000000003 0.08105999999999997
2 0.695735 0.49365000000000003 0.050389999999999935 0.08105999999999997
2 0.228685 0.8217749999999999 0.046509999999999996 0.08104999999999996
2 0.16473 0.822755 0.04779999999999998 0.08105000000000007
2 0.90052 0.14844 0.06459999999999999 0.07422
2 0.901165 0.302245 0.06589 0.08105000000000001
2 0.8992249999999999 0.46435499999999996 0.06459000000000004 0.08300999999999997
2 0.897285 0.62256 0.06589 0.08495999999999992
2 0.6931499999999999 0.81592 0.047799999999999954 0.07909999999999995
2 0.6272599999999999 0.8164100000000001 0.047799999999999954 0.08008000000000004
2 0.418605 0.816405 0.028429999999999955 0.04883000000000004
2 0.38695 0.8188500000000001 0.01679999999999998 0.04393999999999998
2 0.450905 0.81836 0.01809000000000005 0.04688000000000003
2 0.195735 0.6606449999999999 0.10207 0.08104999999999996
2 0.42636 0.6601600000000001 0.10336000000000001 0.08008000000000004
2 0.657625 0.65918 0.10077000000000003 0.08007999999999993
3 0.42054 0.92871 0.08398 0.125
4 0.90439 0.0859375 0.11885999999999997 0.019530999999999993
4 0.902455 0.396485 0.11241000000000001 0.019529999999999992
4 0.199615 0.271485 0.17959 0.023430000000000006
4 0.43152499999999994 0.27588 0.18346999999999997 0.03808
4 0.19832000000000002 0.43262 0.18734 0.03515999999999997
4 0.43411 0.424805 0.18603999999999998 0.05273
5 0.197675 0.37988500000000003 0.14471 0.025389999999999968
5 0.42894 0.37939500000000004 0.1447 0.024409999999999987
5 0.667315 0.374025 0.14341000000000004 0.01366999999999996
5 0.19961 0.539065 0.14600000000000002 0.013670000000000071
5 0.430875 0.539555 0.14341000000000004 0.014650000000000052
5 0.662145 0.538575 0.14341000000000004 0.014650000000000052
5 0.42377 0.844725 0.10593999999999998 0.009769999999999945
5 0.90181 0.18945499999999998 0.09044000000000008 0.013669999999999988
5 0.902455 0.34668 0.09173000000000009 0.013680000000000025
5 0.90116 0.5112300000000001 0.09689999999999999 0.012700000000000045
8 0.3146 0.33545 0.08398 0.04980000000000001
8 0.545865 0.33545 0.08656999999999992 0.04980000000000001
8 0.43088000000000004 0.399415 0.11498000000000003 0.035150000000000015
8 0.20026 0.40039 0.11628000000000002 0.03320000000000001
8 0.544575 0.416505 0.07623000000000002 0.07518999999999998
8 0.313955 0.418455 0.07493 0.07715
8 0.313955 0.49902 0.08268999999999999 0.05078000000000005
8 0.545865 0.498535 0.08138999999999996 0.04981000000000002
8 0.29974 0.73926 0.062019999999999964 0.041019999999999945
8 0.19509 0.73779 0.12662 0.04589999999999994
8 0.1014185 0.73828 0.050383 0.039059999999999984
8 0.029716000000000003 0.74756 0.054264 0.06738
8 0.42700499999999997 0.737305 0.18474999999999997 0.04882999999999993
8 0.5620149999999999 0.73682 0.06977 0.040039999999999965
8 0.6582699999999999 0.737305 0.060719999999999996 0.03320999999999996
8 0.419895 0.78369 0.09561000000000003 0.030280000000000085
9 0.35723499999999997 0.229495 0.48191 0.019529999999999992
9 0.4315235 0.0839835 0.6976730000000001 0.052733
9 0.43023049999999996 0.24169999999999997 0.702839 0.05761999999999998
9 0.4308805 0.735355 0.7041390000000001 0.07030999999999998
10 0.0943155 0.162595 0.043928999999999996 0.11034999999999999
10 0.765505 0.166015 0.042629999999999946 0.10743000000000001
11 0.6608499999999999 0.94922 0.11239999999999994 0.09570000000000001
11 0.19186 0.948245 0.10724 0.09375
11 0.260335 0.907715 0.021970000000000017 0.03223000000000009
