1 0.44775295 0.4994754 0.8818341 0.9947492
2 0.40283 0.20587999999999998 0.11425999999999997 0.15546
2 0.71533 0.21008500000000002 0.11426000000000003 0.15547000000000002
2 0.07666049999999999 0.20273 0.114259 0.15546
2 0.384765 0.575105 0.11718999999999996 0.19853000000000004
2 0.713865 0.593485 0.10546999999999995 0.18486999999999998
2 0.0786155 0.5966400000000001 0.10644900000000002 0.18488000000000004
4 0.38573999999999997 0.41649 0.20898 0.08507999999999999
4 0.717285 0.440125 0.17675000000000007 0.08823000000000003
4 0.0932628 0.441175 0.1669944 0.08822999999999998
4 0.7143550000000001 0.827735 0.26464999999999994 0.07563000000000009
5 0.37988500000000003 0.71954 0.18555000000000005 0.10924
5 0.717285 0.73424 0.16895000000000004 0.09874000000000005
5 0.089846 0.73845 0.152348 0.09873999999999994
5 0.71875 0.297265 0.17968000000000006 0.023109999999999964
5 0.402835 0.294115 0.17871000000000004 0.02311000000000002
5 0.08837750000000001 0.28886500000000004 0.151365 0.02521000000000001
9 0.4506825 0.044642850000000005 0.870115 0.0808823
9 0.4443375 0.7841400000000001 0.863285 0.034660000000000024
11 0.71289 0.9065099999999999 0.18164000000000002 0.05671999999999999
11 0.37744 0.918065 0.1709 0.12605
