1 0.5013555 0.5321365 0.8888889999999999 0.9319470000000001
2 0.47831999999999997 0.17675000000000002 0.062340000000000007 0.04347999999999999
2 0.14092 0.37051 0.06504000000000001 0.11719999999999997
2 0.27913 0.35539 0.06503999999999999 0.08695999999999998
2 0.283875 0.60019 0.06096999999999997 0.13422
2 0.2832 0.849715 0.06503999999999999 0.13420999999999994
2 0.83401 0.845935 0.060980000000000034 0.13043000000000005
2 0.675475 0.845935 0.06097000000000008 0.13043000000000005
2 0.83672 0.60208 0.060980000000000034 0.13044
2 0.67412 0.58979 0.06097999999999992 0.10964000000000007
2 0.66599 0.36011499999999996 0.060980000000000034 0.08507000000000003
2 0.47561 0.327975 0.062340000000000007 0.10019
2 0.47629 0.468805 0.05556 0.16635000000000005
2 0.47561 0.690925 0.056920000000000026 0.17203000000000002
2 0.47492999999999996 0.576555 0.06097999999999998 0.04915000000000003
2 0.37127 0.6190899999999999 0.03251999999999999 0.06237999999999999
2 0.569105 0.32609 0.018970000000000042 0.04725999999999997
2 0.5833349999999999 0.626655 0.03659000000000001 0.07750999999999997
2 0.58266 0.7863899999999999 0.03251999999999999 0.037799999999999945
2 0.58266 0.8724000000000001 0.03251999999999999 0.08127999999999991
2 0.37127 0.87429 0.03251999999999999 0.08128000000000002
2 0.37195 0.7892250000000001 0.03388000000000002 0.03591
2 0.128728 0.608695 0.097564 0.12098999999999993
2 0.1300805 0.849715 0.09755899999999999 0.11908999999999992
3 0.44986 0.931 0.06503999999999999 0.13422
2 0.51694 0.9130400000000001 0.04471999999999998 0.10208000000000006
5 0.14227800000000002 0.436675 0.086724 0.022689999999999988
5 0.1436305 0.675805 0.146339 0.020790000000000086
5 0.286585 0.675805 0.09079000000000001 0.020790000000000086
5 0.37263 0.6729700000000001 0.04877999999999999 0.018900000000000028
5 0.58401 0.67108 0.048780000000000046 0.018899999999999917
5 0.37398 0.92155 0.04877999999999999 0.02079999999999993
5 0.286585 0.9224950000000001 0.08807000000000004 0.015129999999999977
5 0.14769549999999998 0.9215500000000001 0.138209 0.01324000000000003
5 0.585365 0.92155 0.056910000000000016 0.02835999999999994
5 0.677505 0.918715 0.08943000000000001 0.022689999999999988
5 0.83672 0.91588 0.08265999999999996 0.02080000000000004
5 0.8387500000000001 0.672025 0.09214 0.02456999999999998
5 0.47764 0.20510499999999998 0.08266000000000007 0.02457000000000001
5 0.47764 0.787335 0.08808000000000005 0.03969
5 0.514905 0.9801500000000001 0.05690999999999996 0.03592000000000006
6 0.291325 0.43667500000000004 0.14905000000000002 0.08317000000000002
6 0.682925 0.442345 0.16531000000000007 0.07939000000000002
6 0.689025 0.68809 0.18293000000000004 0.10207999999999995
7 0.09078549999999999 0.367675 0.035228999999999996 0.11908999999999997
7 0.1958 0.365785 0.03658 0.11908999999999997
7 0.235095 0.367675 0.023029999999999995 0.11908999999999997
7 0.324525 0.35350000000000004 0.023029999999999995 0.09073999999999999
7 0.23442000000000002 0.59641 0.03794 0.1455599999999999
7 0.33875500000000003 0.59641 0.03523000000000004 0.1455599999999999
7 0.23306 0.849715 0.03252000000000002 0.13420999999999994
7 0.337395 0.84877 0.035229999999999984 0.13988
7 0.620595 0.36106000000000005 0.024389999999999912 0.0983
7 0.7093499999999999 0.35728000000000004 0.02304000000000006 0.09073999999999999
7 0.629405 0.585065 0.02574999999999994 0.13042999999999993
7 0.7242550000000001 0.583175 0.03117000000000003 0.12287000000000003
7 0.786585 0.5945199999999999 0.03387000000000007 0.14556000000000002
7 0.88889 0.59641 0.03251999999999999 0.1455599999999999
7 0.62331 0.8468800000000001 0.03251999999999999 0.1361
7 0.7242550000000001 0.8449899999999999 0.03117000000000003 0.12854
7 0.7852300000000001 0.845935 0.03388000000000002 0.13799000000000006
7 0.8861749999999999 0.8440449999999999 0.035229999999999984 0.13421000000000005
8 0.47763999999999995 0.8138000000000001 0.06097999999999998 0.05481999999999998
9 0.502033 0.495275 0.876694 0.06427000000000005
4 0.139568 0.26938 0.124664 0.04347999999999999
4 0.28455 0.27032 0.15718000000000001 0.034019999999999995
4 0.67073 0.27220999999999995 0.15718 0.034019999999999995
