1 0.50084035 0.50048985 0.9983193 0.9951203
2 0.136133 0.141115 0.09411399999999999 0.06153
2 0.31428500000000004 0.13721 0.09410999999999997 0.061520000000000005
2 0.49748000000000003 0.13672 0.09748000000000001 0.06250000000000001
2 0.68235 0.13623 0.09411999999999998 0.061520000000000005
2 0.85882 0.13721 0.09411999999999998 0.061520000000000005
2 0.31429 0.336425 0.09748000000000001 0.057609999999999995
2 0.1310915 0.33935499999999996 0.097477 0.057609999999999995
2 0.50084 0.33447 0.09747999999999996 0.057620000000000005
2 0.68908 0.33545 0.09748000000000001 0.05761999999999995
2 0.86891 0.33838 0.09748000000000001 0.057620000000000005
2 0.1361325 0.22704999999999997 0.097475 0.03222
2 0.31513 0.22411999999999999 0.0958 0.03222
2 0.49916000000000005 0.222655 0.09748000000000007 0.03125
2 0.67815 0.22411999999999999 0.0958 0.03222
2 0.8596600000000001 0.22460999999999998 0.0958 0.03516
2 0.129411 0.4458 0.09747800000000001 0.06738000000000005
2 0.129411 0.552245 0.09747800000000001 0.06739000000000006
2 0.87059 0.444825 0.09748000000000001 0.06739
2 0.86891 0.55029 0.09748000000000001 0.0673800000000001
2 0.668065 0.44971 0.12268999999999997 0.06347999999999998
2 0.50336 0.447265 0.1563 0.06054999999999999
2 0.334455 0.44971 0.12100999999999995 0.06347999999999998
2 0.331935 0.555175 0.12605 0.06738999999999995
2 0.667225 0.5542 0.12436999999999998 0.06738
2 0.50084 0.5512699999999999 0.15797999999999995 0.06934000000000007
2 0.12773099999999998 0.6557649999999999 0.09747799999999998 0.06542999999999999
2 0.8714299999999999 0.65283 0.09916000000000003 0.06347999999999998
2 0.6689050000000001 0.655275 0.12100999999999995 0.06445000000000001
2 0.33025499999999997 0.65625 0.12940999999999997 0.06054000000000004
2 0.50168 0.65283 0.16302 0.06347999999999998
2 0.67647 0.792485 0.14286 0.0595699999999999
2 0.50252 0.791995 0.16133999999999998 0.06054999999999999
2 0.32941 0.794435 0.14118000000000003 0.0595699999999999
2 0.131931 0.779295 0.102518 0.08399000000000001
2 0.87311 0.777345 0.10252000000000006 0.08399000000000001
2 0.32941 0.7480450000000001 0.14454 0.01562999999999992
2 0.67395 0.74707 0.14454 0.015619999999999967
2 0.50336 0.74707 0.16302 0.015619999999999967
5 0.50084 0.18555 0.11092000000000002 0.03320000000000001
5 0.31428500000000004 0.18701 0.11093000000000003 0.034180000000000016
5 0.1327755 0.18945 0.11092899999999999 0.03320000000000001
5 0.683195 0.183595 0.10925000000000007 0.03320999999999999
5 0.860505 0.18555 0.11092999999999997 0.03320000000000001
5 0.87059 0.49707 0.10084000000000004 0.035160000000000025
5 0.8714299999999999 0.60205 0.09916000000000003 0.03613999999999995
5 0.1277305 0.49755499999999997 0.100839 0.03612999999999994
5 0.129411 0.604005 0.10083799999999998 0.036129999999999995
5 0.669745 0.49853499999999995 0.12941000000000003 0.03612999999999994
5 0.668065 0.603515 0.12941000000000003 0.035150000000000015
5 0.33025499999999997 0.605955 0.12940999999999997 0.036129999999999995
5 0.328575 0.500485 0.12941000000000003 0.03612999999999994
5 0.49916 0.49707 0.16469999999999996 0.03905999999999993
5 0.50252 0.60449 0.1647 0.039059999999999984
6 0.128572 0.265625 0.139496 0.05859
6 0.314285 0.265135 0.13781 0.05957000000000001
6 0.50504 0.265135 0.1395 0.05957000000000001
6 0.6958 0.270015 0.13782000000000005 0.05957000000000001
6 0.87227 0.26953 0.13782000000000005 0.058599999999999985
8 0.50336 0.845705 0.4958 0.037109999999999976
4 0.87647 0.725585 0.16637999999999997 0.025390000000000024
4 0.129414 0.725095 0.168072 0.024409999999999932
4 0.13193349999999998 0.84961 0.22689299999999998 0.039059999999999984
4 0.871425 0.8457 0.22689000000000004 0.039060000000000095
8 0.34874 0.059082 0.08235999999999999 0.018554
8 0.257985 0.0605465 0.08234999999999998 0.019531
8 0.16218500000000002 0.0600585 0.08235 0.018554999999999995
8 0.0655445 0.0634765 0.084031 0.025391000000000004
8 0.561345 0.0600585 0.08403000000000005 0.018554999999999995
8 0.659665 0.057129 0.08235000000000003 0.018554000000000008
8 0.7479 0.058105500000000004 0.08404 0.018554999999999995
8 0.8462149999999999 0.057129 0.08235000000000003 0.018554000000000008
8 0.935295 0.059082 0.08234999999999992 0.018554
8 0.441175 0.059082 0.08234999999999998 0.018554
8 0.49916000000000005 0.05859350000000001 0.03026000000000001 0.015625000000000007
9 0.499162 0.38866999999999996 0.978156 0.05077999999999999
9 0.49579635 0.7085 0.9781473 0.05176000000000003
9 0.5075645 0.046874950000000006 0.968071 0.0800781
8 0.0378152 0.33252000000000004 0.0588236 0.06934000000000001
8 0.22185 0.328615 0.06386 0.06933
8 0.408405 0.32715 0.06386999999999998 0.06835999999999998
8 0.5991599999999999 0.325685 0.06554000000000004 0.06933
8 0.7899149999999999 0.327635 0.06386999999999998 0.06933
8 0.9647049999999999 0.328615 0.06386999999999998 0.06933
10 0.0386555 0.52881 0.05042100000000001 0.18262
10 0.21597 0.52539 0.05210000000000001 0.18164000000000002
10 0.7873950000000001 0.520995 0.05210999999999999 0.18067000000000005
10 0.95798 0.5249 0.05042000000000002 0.18066000000000004
10 0.789075 0.91699 0.021850000000000036 0.08398000000000005
10 0.946215 0.9126000000000001 0.02017000000000002 0.08496000000000004
10 0.21848499999999998 0.91797 0.020169999999999993 0.08398000000000005
10 0.055462 0.9165000000000001 0.02016799999999999 0.08496000000000004
10 0.784875 0.648925 0.06723000000000001 0.07518999999999998
10 0.9605049999999999 0.648925 0.06890999999999992 0.06738999999999995
10 0.21848499999999998 0.652835 0.07059000000000001 0.07128999999999996
10 0.04117635 0.65332 0.0689073 0.06640000000000001
10 0.0386555 0.16504000000000002 0.040337 0.12110000000000001
10 0.223525 0.16455 0.023529999999999995 0.12012
10 0.41008500000000003 0.166015 0.023529999999999995 0.12109000000000002
10 0.599155 0.16211 0.025209999999999955 0.1211
10 0.7798350000000001 0.16455 0.02352999999999994 0.11816
10 0.96723 0.16455 0.04202000000000006 0.12012
10 0.03781535 0.23193000000000003 0.0621853 0.01074
10 0.22185 0.23047 0.04705999999999999 0.011720000000000008
10 0.411765 0.23095500000000002 0.04369000000000001 0.008789999999999992
10 0.59748 0.228515 0.045379999999999976 0.009770000000000001
10 0.78403 0.229495 0.045379999999999976 0.009770000000000001
10 0.97143 0.22998000000000002 0.05377999999999994 0.01074
10 0.94958 0.965335 0.04034000000000004 0.020509999999999917
10 0.789915 0.970215 0.04032999999999998 0.020509999999999917
10 0.054622000000000004 0.86621 0.035294 0.015619999999999967
10 0.21848499999999998 0.868165 0.03361 0.015630000000000033
10 0.7899149999999999 0.86572 0.03361000000000003 0.01660000000000006
10 0.94958 0.862305 0.03361999999999998 0.015630000000000033
10 0.959665 0.420895 0.06723000000000001 0.025389999999999968
10 0.7857149999999999 0.41747999999999996 0.06890999999999992 0.026359999999999995
10 0.215125 0.421385 0.06722999999999998 0.026370000000000005
10 0.0436975 0.424315 0.06722700000000001 0.026370000000000005
10 0.044538 0.0917975 0.058824 0.027344999999999994
10 0.22521 0.08984600000000001 0.04705999999999999 0.027347999999999997
10 0.41008 0.090819 0.04705999999999999 0.027342000000000005
10 0.59832 0.0878895 0.04705999999999999 0.027341000000000004
10 0.7815099999999999 0.0917975 0.04705999999999999 0.027344999999999994
10 0.96387 0.0893545 0.052100000000000035 0.030271000000000006
11 0.50336 0.7099599999999999 0.09915999999999997 0.01758000000000004
11 0.5 0.9174800000000001 0.47225999999999996 0.10643999999999998
11 0.863025 0.919925 0.08906999999999998 0.11132999999999993
11 0.139498 0.91943 0.100844 0.10253999999999996
