2 0.20185 0.166015 0.11093999999999998 0.09571
2 0.44607 0.16748000000000002 0.11248000000000002 0.09278
2 0.6964600000000001 0.16846 0.10785999999999996 0.09082
2 0.9221900000000001 0.169435 0.10632000000000008 0.09277
2 0.20185 0.38721 0.11093999999999998 0.10253999999999996
2 0.69723 0.388185 0.11248000000000002 0.10058999999999996
2 0.9183399999999999 0.38623 0.10785999999999996 0.10058
2 0.199535 0.639645 0.13096999999999998 0.13867000000000007
2 0.44298499999999996 0.641115 0.12789 0.13965000000000005
2 0.694145 0.6401399999999999 0.13405 0.13574000000000008
2 0.90986 0.6401399999999999 0.12172000000000005 0.13574000000000008
2 0.19953500000000002 0.87012 0.10014999999999999 0.09766000000000008
2 0.44376000000000004 0.86963 0.09861999999999999 0.09864000000000006
2 0.691065 0.86914 0.09706999999999999 0.09765999999999997
2 0.922185 0.8691450000000001 0.09706999999999999 0.09961000000000009
2 0.44684 0.38525 0.11094000000000004 0.10254000000000002
1 0.49923124999999996 0.5009778 0.9892175 0.9824244
4 0.1987665 0.5332049999999999 0.200307 0.05859000000000003
4 0.447615 0.53418 0.19877000000000006 0.058599999999999985
4 0.699535 0.534665 0.19723000000000002 0.05957000000000001
4 0.899845 0.53369 0.16025 0.057620000000000005
5 0.19723000000000002 0.732425 0.18182 0.04296999999999995
5 0.44453 0.733395 0.18028 0.04296999999999995
5 0.694145 0.735355 0.18026999999999993 0.04296999999999995
5 0.897535 0.734375 0.14947 0.04100999999999999
4 0.20107999999999998 0.3125 0.14329999999999998 0.03515999999999997
4 0.44376 0.3125 0.14483999999999997 0.03515999999999997
4 0.70031 0.314945 0.14329999999999998 0.036129999999999995
4 0.913715 0.31445 0.13559 0.03320000000000001
5 0.20031 0.45801000000000003 0.14176 0.04687999999999998
5 0.4453 0.456055 0.14176 0.04687000000000002
5 0.7010799999999999 0.458495 0.14176 0.047850000000000004
5 0.917565 0.45801000000000003 0.13712999999999997 0.04687999999999998
9 0.5015405 0.25634999999999997 0.963019 0.09081999999999998
9 0.5015405 0.0600585 0.963019 0.079101
10 0.105548 0.1542965 0.04160399999999999 0.12304700000000002
10 0.051618 0.155275 0.041602 0.12304999999999999
10 0.29815 0.1582045 0.041600000000000026 0.11719099999999999
10 0.35362 0.1572265 0.04159999999999997 0.11718700000000001
10 0.54314 0.1582045 0.04159999999999997 0.11719099999999999
10 0.60709 0.160155 0.040059999999999985 0.11719
10 0.7865949999999999 0.160645 0.041610000000000036 0.11817000000000001
10 0.83667 0.1591795 0.040059999999999985 0.119141
10 0.322805 0.07714850000000001 0.13097000000000003 0.044921
10 0.57396 0.07714850000000001 0.13097999999999999 0.044921
10 0.815875 0.07714850000000001 0.13097000000000003 0.044921
10 0.0824345 0.0727535 0.130971 0.04003899999999999
