1 0.4741375 0.51059 0.756705 0.69068
2 0.316095 0.21080500000000002 0.03065000000000001 0.036010000000000014
2 0.426245 0.21080500000000002 0.021069999999999978 0.036010000000000014
2 0.45115 0.20974500000000001 0.021079999999999988 0.03389
2 0.475095 0.20974500000000001 0.01915 0.03389
2 0.55843 0.20974500000000001 0.021079999999999988 0.03389
2 0.58429 0.20974500000000001 0.019159999999999955 0.03389
2 0.609195 0.208685 0.01915 0.036010000000000014
2 0.70977 0.207625 0.028739999999999988 0.03813
2 0.144635 0.367585 0.024910000000000015 0.06991000000000003
2 0.17432999999999998 0.366525 0.026819999999999983 0.07202999999999998
2 0.28544 0.368645 0.02682000000000001 0.07203000000000004
2 0.31609 0.368645 0.02682000000000001 0.07203000000000004
2 0.43103 0.364405 0.02682000000000001 0.07202999999999998
2 0.46169000000000004 0.36546500000000004 0.02682000000000001 0.06990999999999997
2 0.550765 0.364405 0.0249100000000001 0.08051000000000003
2 0.583335 0.36334500000000003 0.024909999999999988 0.07839000000000002
2 0.613985 0.36334500000000003 0.024909999999999988 0.07839000000000002
2 0.704025 0.36228499999999997 0.024909999999999988 0.08051000000000003
2 0.7365900000000001 0.36228499999999997 0.024900000000000033 0.08051000000000003
2 0.7672399999999999 0.361225 0.024900000000000033 0.07839000000000002
2 0.167625 0.5889800000000001 0.017249999999999988 0.05931999999999993
2 0.19349 0.5911 0.01916000000000001 0.05931999999999993
2 0.21935 0.5911 0.017240000000000005 0.05931999999999993
2 0.24617 0.5911 0.017240000000000005 0.05931999999999993
2 0.27299 0.5911 0.017240000000000033 0.05931999999999993
2 0.35824 0.5911 0.019159999999999955 0.05931999999999993
2 0.386015 0.5911 0.017249999999999988 0.05931999999999993
2 0.41092 0.5911 0.017240000000000033 0.05931999999999993
2 0.43774 0.5911 0.017239999999999978 0.05931999999999993
2 0.46456 0.5911 0.017239999999999978 0.05931999999999993
2 0.49234 0.5911 0.01916000000000001 0.05931999999999993
2 0.5785450000000001 0.5911 0.022989999999999955 0.05931999999999993
2 0.6091949999999999 0.5911 0.022989999999999955 0.05931999999999993
2 0.6417649999999999 0.5911 0.022989999999999955 0.05931999999999993
2 0.783525 0.586865 0.022989999999999955 0.059329999999999994
2 0.752875 0.5889800000000001 0.022989999999999955 0.05931999999999993
2 0.956895 0.49682000000000004 0.0249100000000001 0.036019999999999996
4 0.30747 0.18538500000000002 0.07854 0.019070000000000004
4 0.70594 0.183265 0.07854000000000005 0.019070000000000004
4 0.58046 0.183265 0.11112 0.019070000000000004
4 0.44636 0.18538500000000002 0.11112000000000005 0.019070000000000004
9 0.4712635 0.45763 0.7432930000000001 0.059319999999999984
9 0.4722225 0.622885 0.752875 0.012709999999999999
9 0.47413500000000003 0.289195 0.74521 0.02755000000000002
10 0.27203 0.804025 0.02682000000000001 0.07838999999999996
10 0.409005 0.801905 0.028730000000000033 0.07838999999999996
10 0.546935 0.799785 0.028730000000000033 0.07838999999999996
10 0.6848650000000001 0.801905 0.028730000000000033 0.07838999999999996
10 0.12452350000000001 0.805085 0.04981300000000001 0.07626999999999995
10 0.68391 0.756355 0.042140000000000066 0.012709999999999999
10 0.547895 0.754235 0.04215000000000002 0.012709999999999999
10 0.40996 0.755295 0.04214000000000001 0.01483000000000001
10 0.27299 0.758475 0.04405999999999999 0.012709999999999999
10 0.1254805 0.7595350000000001 0.05555900000000001 0.01483000000000001
11 0.46935000000000004 0.6599600000000001 0.28352000000000005 0.02754000000000001
11 0.8850549999999999 0.6589 0.04981000000000002 0.05508000000000002
2 0.0747125 0.5360149999999999 0.02298900000000001 0.05508999999999997
2 0.0766285 0.646185 0.02298900000000001 0.05085000000000006
2 0.048850500000000005 0.5349550000000001 0.017241 0.05297000000000007
2 0.048851000000000006 0.418435 0.013409999999999998 0.05296999999999996
2 0.050766000000000006 0.645125 0.013409999999999998 0.04873000000000005
