1 0.49916695 0.50048828 0.9950060999999999 0.99902344
2 0.09234500000000001 0.0849615 0.04825 0.041017
2 0.157235 0.0844735 0.04824999999999999 0.04199299999999999
2 0.279535 0.0849615 0.046589999999999965 0.041017
2 0.345255 0.0854515 0.04824999999999996 0.04199700000000001
2 0.90599 0.0878915 0.04825999999999997 0.041017
2 0.8410949999999999 0.086425 0.048250000000000015 0.04199
2 0.71797 0.08740300000000001 0.04825999999999997 0.04199399999999999
2 0.6547449999999999 0.08740300000000001 0.048250000000000015 0.04199399999999999
2 0.5332749999999999 0.086425 0.048250000000000015 0.04199
2 0.466725 0.08594 0.048250000000000015 0.04102
2 0.09318 0.364255 0.04991999999999999 0.04883000000000004
2 0.16057 0.365235 0.05157999999999999 0.048829999999999985
2 0.2787 0.364255 0.05157999999999996 0.04883000000000004
2 0.34692 0.365235 0.05157999999999996 0.048829999999999985
2 0.46506000000000003 0.365235 0.051580000000000015 0.048829999999999985
2 0.53411 0.365235 0.049919999999999964 0.048829999999999985
2 0.65141 0.365235 0.05158000000000007 0.048829999999999985
2 0.71963 0.365235 0.05157999999999996 0.048829999999999985
2 0.83943 0.36621000000000004 0.05157999999999996 0.04882000000000003
2 0.908485 0.36621000000000004 0.04991000000000001 0.04882000000000003
2 0.90932 0.44433500000000004 0.05157999999999996 0.048829999999999985
2 0.83943 0.44238500000000003 0.05157999999999996 0.048829999999999985
2 0.71963 0.44433500000000004 0.05157999999999996 0.048829999999999985
2 0.65141 0.445315 0.05158000000000007 0.048829999999999985
2 0.53494 0.445315 0.05157999999999996 0.048829999999999985
2 0.46589 0.44336 0.04992000000000002 0.04882000000000003
2 0.34858999999999996 0.44189500000000004 0.051580000000000015 0.047850000000000004
2 0.279535 0.44336 0.04991000000000001 0.04882000000000003
2 0.1614 0.44433500000000004 0.04991999999999999 0.048829999999999985
2 0.09484200000000001 0.44336 0.049916 0.04882000000000003
2 0.09318 0.520505 0.04991999999999999 0.048829999999999985
2 0.16388999999999998 0.520505 0.05157999999999999 0.048829999999999985
2 0.279535 0.521485 0.04991000000000001 0.04883000000000004
2 0.35191 0.522465 0.05157999999999996 0.04883000000000004
2 0.467555 0.522465 0.04991000000000001 0.04883000000000004
2 0.53494 0.5219750000000001 0.05157999999999996 0.04785000000000006
2 0.65308 0.520505 0.05157999999999996 0.048829999999999985
2 0.7213 0.5219750000000001 0.05158000000000007 0.04785000000000006
2 0.83943 0.52295 0.05157999999999996 0.047860000000000014
2 0.9059900000000001 0.522465 0.05158000000000007 0.04883000000000004
2 0.9076500000000001 0.601565 0.05158000000000007 0.04882999999999993
2 0.83611 0.59961 0.05157999999999996 0.048819999999999975
2 0.71963 0.6005849999999999 0.05157999999999996 0.04883000000000004
2 0.65141 0.6005849999999999 0.05158000000000007 0.04883000000000004
2 0.53161 0.601075 0.05157999999999996 0.04784999999999995
2 0.46589 0.59961 0.04992000000000002 0.048819999999999975
2 0.34858999999999996 0.59961 0.051580000000000015 0.048819999999999975
2 0.2787 0.6005849999999999 0.05157999999999996 0.04883000000000004
2 0.16222999999999999 0.59961 0.05157999999999999 0.048819999999999975
2 0.09068100000000001 0.598635 0.051578 0.04883000000000004
2 0.09151300000000001 0.679195 0.049914 0.04784999999999995
2 0.1614 0.6787099999999999 0.04991999999999999 0.048819999999999975
2 0.2812 0.679195 0.049919999999999964 0.04784999999999995
2 0.34858999999999996 0.679195 0.051580000000000015 0.04784999999999995
2 0.46506000000000003 0.677735 0.051580000000000015 0.04883000000000004
2 0.53411 0.679195 0.049919999999999964 0.04784999999999995
2 0.65141 0.679195 0.05158000000000007 0.04784999999999995
2 0.7221299999999999 0.6806650000000001 0.049920000000000075 0.04883000000000004
2 0.840265 0.6806650000000001 0.04991000000000001 0.04883000000000004
2 0.90932 0.6806650000000001 0.05157999999999996 0.04883000000000004
2 0.90932 0.757815 0.05157999999999996 0.04882999999999993
2 0.8411 0.7568349999999999 0.05158000000000007 0.04883000000000004
2 0.09401000000000001 0.7568349999999999 0.05158 0.04883000000000004
2 0.16222999999999999 0.75586 0.05157999999999999 0.048819999999999975
2 0.28203 0.75586 0.05157999999999996 0.048819999999999975
2 0.35108 0.757815 0.049919999999999964 0.04882999999999993
2 0.464225 0.7568349999999999 0.04991000000000001 0.04883000000000004
2 0.53411 0.7568349999999999 0.049919999999999964 0.04883000000000004
2 0.65391 0.758305 0.049919999999999964 0.04784999999999995
2 0.71797 0.758305 0.05157999999999996 0.04784999999999995
2 0.12728799999999998 0.8466800000000001 0.13810399999999998 0.039059999999999984
2 0.31614 0.84619 0.13975999999999997 0.040040000000000076
2 0.5 0.2041 0.13477999999999996 0.0625
2 0.12479099999999999 0.20117 0.136438 0.0625
2 0.31448 0.203615 0.13643999999999998 0.06347
2 0.6855199999999999 0.20313 0.13644 0.0625
2 0.8727100000000001 0.2041 0.13478 0.0625
2 0.8710450000000001 0.285155 0.13144999999999996 0.04100999999999999
2 0.6855249999999999 0.285155 0.12978999999999996 0.04100999999999999
2 0.5 0.28613 0.13144 0.04102
2 0.316975 0.285155 0.13145 0.04100999999999999
2 0.12645699999999999 0.283205 0.12978599999999998 0.04100999999999999
5 0.313645 0.24853999999999998 0.14142999999999997 0.028319999999999984
5 0.49917 0.24951 0.1431 0.028320000000000012
5 0.126454 0.24707 0.143092 0.02930000000000002
5 0.686355 0.24951 0.14143000000000006 0.028320000000000012
5 0.8693850000000001 0.249025 0.14143000000000006 0.02929000000000001
8 0.123962 0.15625 0.04825599999999999 0.025399999999999978
8 0.313645 0.157225 0.048250000000000015 0.025389999999999996
8 0.8710450000000001 0.15820499999999998 0.048250000000000015 0.025389999999999996
8 0.686355 0.157225 0.048250000000000015 0.025389999999999996
8 0.5 0.15820499999999998 0.04825999999999997 0.025389999999999996
8 0.030781999999999997 0.171875 0.034942 0.027349999999999985
8 0.2188 0.171875 0.03494 0.027349999999999985
8 0.40598999999999996 0.17285 0.03328000000000003 0.027340000000000003
8 0.96589 0.17382999999999998 0.03493999999999997 0.027340000000000003
8 0.7795300000000001 0.17382999999999998 0.03494000000000008 0.027340000000000003
8 0.59401 0.171875 0.033279999999999976 0.027349999999999985
8 0.049085000000000004 0.11327999999999999 0.021630000000000003 0.011719999999999994
8 0.12312500000000001 0.11426 0.01997 0.011720000000000008
8 0.187185 0.11327999999999999 0.02163000000000001 0.011719999999999994
8 0.245425 0.11426 0.02163000000000001 0.011720000000000008
8 0.308655 0.11426 0.021629999999999983 0.011720000000000008
8 0.37687499999999996 0.11426 0.021629999999999983 0.011720000000000008
8 0.438435 0.11327999999999999 0.021629999999999983 0.011719999999999994
8 0.500835 0.11426 0.019970000000000043 0.011720000000000008
8 0.563225 0.11426 0.021630000000000038 0.011720000000000008
8 0.624795 0.11426 0.021630000000000038 0.011720000000000008
8 0.6880200000000001 0.11426 0.021639999999999993 0.011720000000000008
8 0.75208 0.115235 0.019959999999999978 0.011709999999999998
8 0.817805 0.11426 0.021630000000000038 0.011720000000000008
8 0.879365 0.11426 0.021629999999999927 0.011720000000000008
8 0.9442550000000001 0.115235 0.021629999999999927 0.011709999999999998
9 0.5008328 0.32616999999999996 0.9883544 0.035160000000000025
9 0.49916585 0.131345 0.9883483 0.05371000000000001
9 0.5024935 0.01904275 0.981693 0.0224605
9 0.49916975 0.47705 0.9817005 0.024419999999999997
9 0.5000017 0.632325 0.9800366 0.024410000000000043
9 0.49584085 0.790525 0.9816982999999999 0.024410000000000043
10 0.027454350000000002 0.257325 0.0449253 0.07519
10 0.22046500000000002 0.257815 0.03827 0.07616999999999999
10 0.406825 0.257325 0.038270000000000026 0.07715
10 0.59401 0.258305 0.036599999999999966 0.07714999999999997
10 0.7787 0.258305 0.03660000000000008 0.07714999999999997
10 0.971715 0.25878999999999996 0.04658999999999991 0.07617999999999997
10 0.7778700000000001 0.30176000000000003 0.04491999999999996 0.009760000000000046
10 0.97005 0.30225 0.053239999999999954 0.010740000000000027
10 0.5940099999999999 0.30225 0.043259999999999965 0.010740000000000027
10 0.40764999999999996 0.30127000000000004 0.04326000000000002 0.010740000000000027
10 0.22046500000000002 0.30127000000000004 0.04493 0.010740000000000027
10 0.029949899999999998 0.30078 0.0532442 0.009759999999999991
10 0.02828595 0.211425 0.053244099999999996 0.016610000000000014
10 0.219635 0.211425 0.04659000000000002 0.014649999999999996
10 0.406825 0.211425 0.048250000000000015 0.014649999999999996
10 0.5940099999999999 0.21289000000000002 0.046579999999999955 0.015619999999999995
10 0.778705 0.212405 0.04659000000000002 0.014649999999999996
10 0.97005 0.212405 0.049919999999999964 0.014649999999999996
11 0.12645599999999999 0.9438500000000001 0.139768 0.10253999999999996
11 0.314475 0.9438500000000001 0.13976999999999998 0.10253999999999996
11 0.502495 0.9438500000000001 0.13977 0.10253999999999996
11 0.6855249999999999 0.9438500000000001 0.13977000000000006 0.10253999999999996
11 0.875205 0.9438500000000001 0.13976999999999995 0.10253999999999996
