2 0.382815 0.511065 0.03711000000000003 0.06901000000000002
2 0.465825 0.509765 0.037109999999999976 0.06901000000000002
2 0.549805 0.507815 0.037109999999999976 0.07030999999999993
2 0.641605 0.505205 0.037109999999999976 0.07030999999999993
2 0.729495 0.50586 0.037109999999999976 0.07161999999999996
2 0.7299800000000001 0.68034 0.03613999999999995 0.08463999999999994
2 0.641115 0.6796899999999999 0.036129999999999995 0.08594000000000002
2 0.549315 0.68099 0.036129999999999995 0.08594000000000002
2 0.467285 0.6822900000000001 0.036129999999999995 0.08594000000000002
2 0.383785 0.6835899999999999 0.037109999999999976 0.08594000000000002
2 0.54932 0.85612 0.040039999999999965 0.07162000000000002
2 0.640625 0.85547 0.03906999999999994 0.07291999999999998
2 0.72461 0.854815 0.041020000000000056 0.07160999999999995
1 0.59863 0.6269549999999999 0.56836 0.62891
4 0.38281 0.45703 0.06836000000000003 0.03386
4 0.46338 0.45833500000000005 0.06934000000000001 0.03384999999999999
4 0.5512699999999999 0.45573 0.06934000000000007 0.03386
4 0.641115 0.45443 0.07129000000000008 0.039059999999999984
4 0.7304649999999999 0.45052000000000003 0.07030999999999998 0.03906000000000004
4 0.8125 0.45182 0.07031999999999994 0.039059999999999984
4 0.817385 0.61849 0.07030999999999998 0.039059999999999984
4 0.728515 0.615885 0.07030999999999998 0.03906999999999994
4 0.63916 0.6041650000000001 0.07128000000000001 0.05209000000000008
4 0.551265 0.60677 0.07129000000000008 0.052080000000000015
4 0.468265 0.6204449999999999 0.07128999999999996 0.04557
4 0.38378999999999996 0.622395 0.06836000000000003 0.04427000000000003
5 0.38184 0.56185 0.0625 0.04036000000000006
5 0.46533 0.5625 0.061519999999999964 0.039060000000000095
5 0.81592 0.56185 0.06152000000000002 0.04036000000000006
5 0.726075 0.559895 0.061529999999999974 0.03907000000000005
5 0.64209 0.554035 0.06151999999999991 0.027350000000000096
5 0.5498 0.55664 0.0625 0.02734000000000003
5 0.81592 0.73958 0.06347999999999998 0.03645999999999994
5 0.7290049999999999 0.7447900000000001 0.061529999999999974 0.04948000000000008
5 0.64063 0.74609 0.0625 0.04947999999999997
5 0.549315 0.746745 0.061530000000000085 0.048170000000000046
5 0.46533 0.7474000000000001 0.061519999999999964 0.04948000000000008
5 0.38428 0.7454400000000001 0.06152000000000002 0.04818
5 0.549315 0.89583 0.061530000000000085 0.013020000000000032
5 0.640625 0.89323 0.060550000000000104 0.013020000000000032
5 0.72412 0.89453 0.06152000000000002 0.01301999999999992
2 0.815915 0.6835899999999999 0.036130000000000106 0.08594000000000002
2 0.968265 0.6888000000000001 0.036129999999999995 0.08594000000000002
2 0.81592 0.5084650000000001 0.03808 0.07161000000000001
8 0.59375 0.3763 0.06835999999999998 0.0625
8 0.8193349999999999 0.7825500000000001 0.11719000000000002 0.052080000000000015
4 0.9624 0.622395 0.07323999999999997 0.08333000000000002
9 0.59912 0.42187 0.55566 0.0625
9 0.6005849999999999 0.5931 0.56445 0.022139999999999938
9 0.59863 0.7760400000000001 0.5625 0.023440000000000016
2 0.1254905 0.41146 0.081059 0.09114
2 0.128417 0.5 0.077146 0.08071999999999996
2 0.1279285 0.5891900000000001 0.078123 0.07682
2 0.12939699999999998 0.680335 0.079106 0.06901000000000002
2 0.228515 0.456385 0.04100999999999999 0.055989999999999984
2 0.276855 0.47656 0.03222999999999998 0.05990000000000001
2 0.27832 0.554035 0.03320000000000001 0.05859000000000003
2 0.22949 0.53711 0.044920000000000015 0.05337999999999998
2 0.22899999999999998 0.61784 0.04003999999999999 0.050779999999999936
2 0.276855 0.63086 0.03222999999999998 0.05337999999999998
2 0.276855 0.70833 0.03222999999999998 0.04947999999999997
2 0.228515 0.69857 0.04297000000000001 0.05078000000000005
2 0.228025 0.38021 0.04394999999999999 0.04166000000000003
2 0.121095 0.322915 0.05468999999999999 0.054690000000000016
2 0.145017 0.77539 0.12206600000000001 0.06640000000000001
2 0.25878999999999996 0.78841 0.054680000000000006 0.050779999999999936
11 0.42627000000000004 0.890625 0.11815999999999999 0.09375
11 0.145506 0.8294250000000001 0.144528 0.020830000000000015
11 0.14795049999999998 0.865885 0.125979 0.05208999999999997
2 0.305175 0.492185 0.006830000000000003 0.044269999999999976
2 0.30566 0.565105 0.005859999999999976 0.041669999999999985
2 0.30664 0.641275 0.009760000000000046 0.048169999999999935
2 0.30615000000000003 0.714195 0.006840000000000013 0.04296999999999995
