1 0.50000235 0.49951328 0.9967153 0.99707344
2 0.5115149999999999 0.555665 0.15461000000000003 0.16210999999999998
2 0.21381499999999998 0.5585950000000001 0.15461 0.16211000000000003
2 0.8125 0.554685 0.15460000000000007 0.16210999999999998
2 0.51727 0.31055 0.18585999999999997 0.11914000000000002
2 0.23849 0.31298499999999996 0.17434 0.11620999999999998
2 0.7894749999999999 0.31299 0.17763000000000007 0.11815999999999999
6 0.217105 0.6655249999999999 0.17435 0.043950000000000045
6 0.51809 0.6616200000000001 0.17434 0.04393999999999998
6 0.814145 0.663575 0.17435 0.043950000000000045
7 0.28125 0.313475 0.07894000000000001 0.10936999999999997
7 0.19572499999999998 0.313475 0.07894999999999999 0.10936999999999997
7 0.564145 0.31396500000000005 0.08881000000000006 0.11035
7 0.470395 0.31396500000000005 0.08881000000000006 0.11035
7 0.742595 0.31494500000000003 0.08716999999999997 0.11035
7 0.8322350000000001 0.31494500000000003 0.08880999999999994 0.11035
7 0.25329 0.55957 0.07236000000000001 0.15233999999999998
7 0.17927500000000002 0.56006 0.07237000000000002 0.15136
8 0.23273 0.131835 0.044399999999999995 0.041010000000000005
8 0.516445 0.13379 0.04604999999999998 0.04101999999999999
8 0.797695 0.1333 0.046050000000000035 0.041999999999999996
9 0.5008242 0.074707 0.9819116 0.100586
9 0.503289 0.71777 0.980262 0.08007999999999993
10 0.057565500000000006 0.58057 0.069079 0.20995999999999998
10 0.36513 0.300295 0.03617999999999999 0.13965
10 0.67023 0.30078 0.037819999999999965 0.14061999999999997
10 0.91612 0.30078 0.03617999999999999 0.14061999999999997
10 0.1151295 0.297365 0.036181000000000005 0.13965000000000002
10 0.0534521 0.46289 0.0970358 0.02343999999999996
10 0.91283 0.21924 0.04934000000000005 0.022460000000000008
10 0.668585 0.22070499999999998 0.08058999999999994 0.01953000000000002
10 0.36184499999999997 0.219725 0.07895000000000002 0.019529999999999992
10 0.120065 0.21582 0.05263000000000001 0.02343999999999999
11 0.205595 0.867185 0.19078999999999996 0.23632999999999993
11 0.623355 0.8662099999999999 0.48685 0.22655999999999998
11 0.337995 0.8613299999999999 0.06742999999999999 0.02734000000000003
