1 0.5009381 0.50146485 0.9981238 0.9970703
2 0.114447 0.07128899999999999 0.05628599999999999 0.039062
2 0.198875 0.07128899999999999 0.05629000000000001 0.039062
2 0.286115 0.0703125 0.054410000000000014 0.039062999999999994
2 0.42214 0.06933600000000001 0.05628 0.039062
2 0.505625 0.0698245 0.054410000000000014 0.04003899999999999
2 0.5909949999999999 0.06933600000000001 0.05629000000000006 0.039062
2 0.8968100000000001 0.07128899999999999 0.05628 0.039062
2 0.812385 0.0708005 0.05628999999999995 0.040039
2 0.7260800000000001 0.0703125 0.05628 0.039062999999999994
2 0.89212 0.156735 0.05815999999999999 0.05371000000000001
2 0.8123800000000001 0.157225 0.06003999999999998 0.05273
2 0.7317100000000001 0.156735 0.06003999999999998 0.05371000000000001
2 0.58818 0.155765 0.05815999999999999 0.05371000000000001
2 0.50469 0.156735 0.06004000000000004 0.05371000000000001
2 0.42401500000000003 0.155765 0.06002999999999997 0.05371000000000001
2 0.27767000000000003 0.156735 0.06004000000000001 0.05371000000000001
2 0.19981 0.157715 0.05816000000000002 0.05371000000000001
2 0.11726 0.158695 0.05816 0.05370999999999998
2 0.11538699999999999 0.23779499999999998 0.05816599999999998 0.04980999999999999
2 0.19606 0.23584 0.05816000000000002 0.04980000000000004
2 0.27861 0.23584 0.05816000000000002 0.04980000000000004
2 0.42495 0.23779499999999998 0.05815999999999999 0.04980999999999999
2 0.50375 0.236815 0.058160000000000045 0.04981000000000002
2 0.58818 0.23584 0.05815999999999999 0.04980000000000004
2 0.732645 0.23584 0.058170000000000055 0.04980000000000004
2 0.811445 0.23584 0.058169999999999944 0.04980000000000004
2 0.894 0.236815 0.05815999999999999 0.04981000000000002
2 0.89306 0.31543 0.05628 0.05077999999999999
2 0.811445 0.31543 0.058169999999999944 0.05077999999999999
2 0.73077 0.313965 0.05815999999999999 0.04981000000000002
2 0.5863 0.313965 0.05815999999999999 0.04981000000000002
2 0.50188 0.313965 0.05815999999999999 0.04981000000000002
2 0.4212 0.31494 0.05815999999999999 0.049799999999999955
2 0.27486 0.31543 0.05815999999999999 0.05077999999999999
2 0.19043 0.31689500000000004 0.06192 0.049809999999999965
2 0.10881949999999999 0.31738500000000003 0.060041 0.05273
2 0.10788149999999999 0.397945 0.061916999999999986 0.053710000000000035
2 0.18762 0.397945 0.06004000000000001 0.053710000000000035
2 0.27017 0.39697499999999997 0.06004000000000001 0.05370999999999998
2 0.41651 0.39697499999999997 0.06003999999999998 0.05370999999999998
2 0.498125 0.39697499999999997 0.06191000000000002 0.05370999999999998
2 0.58255 0.39551000000000003 0.061919999999999975 0.052739999999999954
2 0.72983 0.39453 0.06003999999999998 0.05274000000000001
2 0.8123800000000001 0.39551000000000003 0.06003999999999998 0.052739999999999954
2 0.894935 0.39697499999999997 0.06003000000000003 0.05370999999999998
2 0.89775 0.47948999999999997 0.061920000000000086 0.052739999999999954
2 0.812385 0.48046500000000003 0.06379000000000001 0.05468999999999996
2 0.7288950000000001 0.479495 0.06191000000000002 0.05468999999999996
2 0.581615 0.479495 0.06379000000000001 0.05468999999999996
2 0.498125 0.48046500000000003 0.06191000000000002 0.05468999999999996
2 0.58255 0.566405 0.061919999999999975 0.054690000000000016
2 0.727015 0.56543 0.06191000000000002 0.05468000000000006
2 0.812385 0.5644549999999999 0.06379000000000001 0.054690000000000016
2 0.895875 0.5644549999999999 0.06191000000000002 0.054690000000000016
2 0.41369500000000003 0.481445 0.061909999999999965 0.05468999999999996
2 0.272985 0.483395 0.06190999999999999 0.05468999999999996
2 0.19043 0.483395 0.06192 0.05468999999999996
2 0.1060035 0.483395 0.061912999999999996 0.05468999999999996
2 0.10881650000000001 0.5693349999999999 0.063787 0.054690000000000016
2 0.188555 0.56836 0.06191000000000002 0.05468000000000006
2 0.272985 0.5693349999999999 0.06190999999999999 0.054690000000000016
2 0.415575 0.567385 0.061909999999999965 0.054690000000000016
2 0.5 0.567385 0.061919999999999975 0.054690000000000016
2 0.10881650000000001 0.651365 0.063787 0.054690000000000016
2 0.192305 0.651365 0.06190999999999999 0.054690000000000016
2 0.272985 0.65332 0.06190999999999999 0.05468000000000006
2 0.41745 0.652345 0.061919999999999975 0.054690000000000016
2 0.5018750000000001 0.652345 0.06191000000000002 0.054690000000000016
2 0.584425 0.651365 0.06191000000000002 0.054690000000000016
2 0.7288950000000001 0.6494150000000001 0.06191000000000002 0.054690000000000016
2 0.811445 0.6484350000000001 0.06191000000000002 0.054690000000000016
2 0.8939950000000001 0.6494150000000001 0.06191000000000002 0.054690000000000016
2 0.11257249999999999 0.733885 0.06379499999999999 0.053709999999999924
2 0.191365 0.733885 0.06378999999999999 0.053709999999999924
2 0.273925 0.734865 0.06378999999999999 0.053709999999999924
2 0.41369500000000003 0.73535 0.061909999999999965 0.0527399999999999
2 0.500935 0.73535 0.06379000000000001 0.0527399999999999
2 0.583485 0.734865 0.06379000000000001 0.053709999999999924
2 0.894935 0.7334 0.06379000000000001 0.0527399999999999
2 0.810505 0.73584 0.06379000000000001 0.05371999999999999
2 0.726075 0.734865 0.06379000000000001 0.053709999999999924
2 0.20168750000000002 0.8334950000000001 0.212005 0.061529999999999974
2 0.50563 0.8334950000000001 0.22702 0.061529999999999974
2 0.772045 0.83203 0.13697000000000004 0.06446000000000007
2 0.9230750000000001 0.83643 0.07128999999999996 0.040040000000000076
8 0.653845 0.13379000000000002 0.07316999999999996 0.08008000000000001
8 0.345215 0.13379000000000002 0.07128999999999996 0.08008000000000001
8 0.042213749999999994 0.1362315 0.0731705 0.081057
8 0.95685 0.1357415 0.07130000000000003 0.080077
8 0.9352750000000001 0.06933600000000001 0.024390000000000023 0.039062
8 0.9840549999999999 0.0683595 0.024390000000000023 0.039062999999999994
8 0.851785 0.06933600000000001 0.02251000000000003 0.039062
8 0.767355 0.0678715 0.02251000000000003 0.040039
8 0.375235 0.067383 0.022509999999999974 0.039062000000000006
8 0.325515 0.067383 0.024390000000000023 0.039062000000000006
8 0.24015000000000003 0.0668945 0.022520000000000012 0.040039000000000005
8 0.156665 0.067383 0.024390000000000023 0.039062000000000006
8 0.071295 0.06933600000000001 0.022514 0.039062
8 0.01969985 0.0698245 0.0243903 0.04003899999999999
8 0.33302 0.043945450000000004 0.04316000000000003 0.0742191
8 0.645405 0.04345725 0.0450299999999999 0.0712895
8 0.95591 0.041503899999999996 0.03939999999999999 0.07324220000000001
8 0.027204350000000002 0.042968950000000006 0.0393993 0.0722661
9 0.508443 0.0278319 0.983114 0.0458982
9 0.50187615 0.09717 0.9962477 0.012700000000000003
9 0.50093615 0.197265 0.9943677 0.03321000000000002
9 0.5009381 0.27539 0.9981238 0.029299999999999993
9 0.4999981 0.3584 0.9962438 0.029299999999999993
9 0.50093615 0.44287 0.9943677 0.030279999999999974
9 0.5065665 0.5234399999999999 0.986867 0.029299999999999993
9 0.50187615 0.61035 0.9962477 0.03515999999999997
9 0.4981231 0.691405 0.9924938 0.035150000000000015
9 0.49812615000000005 0.78809 0.9887477 0.056640000000000024
11 0.7654799999999999 0.95166 0.13507999999999998 0.0771400000000001
11 0.51032 0.939945 0.20262000000000002 0.06542999999999999
11 0.212005 0.938965 0.20262999999999998 0.053710000000000035
