1 0.50048655 0.5015512 0.9970669 0.9968976
2 0.06543 0.25026 0.044922 0.14478
2 0.1210915 0.24767 0.04491700000000001 0.14373999999999998
2 0.20215 0.247155 0.044920000000000015 0.14476999999999998
2 0.25781 0.245605 0.044920000000000015 0.14375
2 0.34082 0.247155 0.044920000000000015 0.14476999999999998
2 0.39844 0.245605 0.044920000000000015 0.14375
2 0.48046999999999995 0.24612 0.044920000000000015 0.14478000000000002
2 0.53711 0.24767 0.04491999999999996 0.14373999999999998
2 0.61914 0.24871 0.04491999999999996 0.14373999999999998
2 0.67285 0.25077499999999997 0.04491999999999996 0.14375
2 0.7539100000000001 0.25181 0.04491999999999996 0.14374000000000003
2 0.80566 0.25388 0.04491999999999996 0.14168
2 0.06543 0.43588499999999997 0.044922 0.11064999999999997
2 0.120118 0.435365 0.044924000000000006 0.11168999999999996
2 0.203125 0.434335 0.044930000000000025 0.11169000000000001
2 0.25781 0.433815 0.044920000000000015 0.11065000000000003
2 0.3418 0.4364 0.04491999999999996 0.11168
2 0.39941499999999996 0.435365 0.04492999999999997 0.11168999999999996
2 0.47948999999999997 0.435365 0.044920000000000015 0.11168999999999996
2 0.53613 0.435365 0.04492000000000007 0.11168999999999996
2 0.61914 0.437435 0.04491999999999996 0.11169000000000001
2 0.6738299999999999 0.4364 0.04491999999999996 0.11168
2 0.75293 0.437435 0.04492000000000007 0.11169000000000001
2 0.80664 0.43950500000000003 0.04491999999999996 0.11169000000000001
2 0.884765 0.43950500000000003 0.044930000000000025 0.11169000000000001
2 0.93555 0.440535 0.04492000000000007 0.11169000000000001
2 0.8837900000000001 0.25646 0.04491999999999996 0.14477999999999996
2 0.0668945 0.6106499999999999 0.045898999999999995 0.11892000000000003
2 0.121093 0.60962 0.046873999999999985 0.11892000000000003
2 0.203125 0.6106499999999999 0.04687000000000002 0.11892000000000003
2 0.259765 0.61117 0.046869999999999995 0.11996000000000007
2 0.345215 0.6106499999999999 0.045889999999999986 0.11892000000000003
2 0.39990000000000003 0.61117 0.045899999999999996 0.11996000000000007
2 0.48192999999999997 0.60962 0.045899999999999996 0.11892000000000003
2 0.538085 0.6106499999999999 0.04686999999999997 0.11892000000000003
2 0.61963 0.61117 0.04590000000000005 0.11996000000000007
2 0.6723600000000001 0.61117 0.04589999999999994 0.11996000000000007
2 0.753905 0.60962 0.04687000000000008 0.11892000000000003
2 0.805175 0.6091 0.045889999999999986 0.11995999999999996
2 0.88525 0.610135 0.04590000000000005 0.11995
2 0.938965 0.6091 0.0458900000000001 0.11995999999999996
2 0.37305 0.79162 0.125 0.11271999999999993
2 0.51221 0.78749 0.12598000000000004 0.11272000000000004
2 0.64502 0.793695 0.11426000000000003 0.10445000000000004
2 0.231445 0.7921400000000001 0.12305000000000002 0.11375999999999997
2 0.088381 0.828335 0.08691800000000002 0.11168999999999996
2 0.777345 0.7905899999999999 0.11133000000000004 0.10443999999999998
2 0.90332 0.784905 0.11132000000000009 0.10341
2 0.0903315 0.9379500000000001 0.057616999999999995 0.09927999999999992
5 0.06396450000000001 0.52068 0.049805 0.05688000000000004
5 0.12109500000000001 0.52068 0.04883 0.05688000000000004
5 0.203125 0.51965 0.048829999999999985 0.056879999999999986
5 0.25928 0.51965 0.04979999999999998 0.056879999999999986
5 0.34082 0.518615 0.048819999999999975 0.05687000000000003
5 0.39795 0.518615 0.04980000000000001 0.05687000000000003
5 0.481445 0.518615 0.048829999999999985 0.05687000000000003
5 0.5356449999999999 0.5212 0.04981000000000002 0.055840000000000056
5 0.6167 0.518615 0.049799999999999955 0.05687000000000003
5 0.674315 0.51965 0.04980999999999991 0.056879999999999986
5 0.75244 0.51913 0.049800000000000066 0.055840000000000056
5 0.80713 0.51913 0.049800000000000066 0.055840000000000056
5 0.8833 0.51965 0.049799999999999955 0.056879999999999986
5 0.936035 0.520165 0.04981000000000002 0.055849999999999955
5 0.263675 0.71303 0.05468999999999999 0.07135999999999998
5 0.203125 0.71251 0.054690000000000016 0.07031999999999994
5 0.344725 0.71458 0.054690000000000016 0.07031999999999994
5 0.401855 0.7156199999999999 0.05567 0.07032000000000005
5 0.482425 0.71251 0.05468999999999996 0.07031999999999994
5 0.5400400000000001 0.7151000000000001 0.05467999999999995 0.07135999999999998
5 0.62256 0.71355 0.05566000000000004 0.07031999999999994
5 0.677735 0.71251 0.052729999999999944 0.07031999999999994
5 0.75586 0.71458 0.05274000000000001 0.07031999999999994
6 0.50097625 0.0434334 0.9863275 0.0744572
7 0.201175 0.60134 0.037110000000000004 0.08789999999999998
7 0.25634500000000005 0.6029 0.03809000000000001 0.09514
7 0.1191415 0.60755 0.041017 0.10238000000000003
7 0.06543 0.607035 0.041016000000000004 0.10341
7 0.342775 0.605995 0.04100999999999999 0.10341
7 0.748535 0.604965 0.03223000000000009 0.10135000000000005
7 0.799315 0.606 0.03222999999999998 0.10133999999999999
7 0.878905 0.60393 0.03125 0.10133999999999999
7 0.53369 0.5925549999999999 0.03614000000000006 0.08066999999999991
7 0.47802500000000003 0.57342 0.03809000000000001 0.04239999999999999
5 0.0649415 0.35212 0.045898999999999995 0.056879999999999986
5 0.11963000000000001 0.351085 0.04590000000000001 0.05687000000000003
5 0.20264 0.35005 0.045900000000000024 0.056879999999999986
5 0.25878999999999996 0.34953500000000004 0.04687999999999998 0.05585000000000001
5 0.34033 0.351085 0.045899999999999996 0.05687000000000003
5 0.39844 0.351085 0.04687999999999998 0.05687000000000003
5 0.48046999999999995 0.35057 0.04687999999999998 0.05584
5 0.5376000000000001 0.35057 0.04589999999999994 0.05584
5 0.615235 0.35367 0.04686999999999997 0.05584
5 0.6713899999999999 0.35057 0.04589999999999994 0.05584
5 0.75244 0.35367 0.04590000000000005 0.05584
5 0.8061499999999999 0.35367 0.04589999999999994 0.05584
5 0.8813500000000001 0.35574 0.04589999999999994 0.05584
5 0.936035 0.35729 0.0458900000000001 0.05688000000000004
9 0.5009745 0.094106 0.978511 0.051708000000000004
11 0.236325 0.930195 0.11719000000000002 0.12927
11 0.37353499999999995 0.932265 0.12011 0.13132999999999995
11 0.64453 0.922955 0.11327999999999994 0.14995000000000003
11 0.5122099999999999 0.93123 0.12011999999999995 0.13754
11 0.77637 0.9276150000000001 0.10742000000000007 0.14271
11 0.90527 0.911065 0.10742000000000007 0.14271
