1 0.50146485 0.502331 0.9970703 0.995338
2 0.0444335 0.384615 0.03222699999999999 0.22843000000000002
2 0.126955 0.386945 0.041010000000000005 0.21910999999999997
2 0.243655 0.38461500000000004 0.04199 0.21910999999999997
2 0.350585 0.38112 0.04100999999999999 0.22144000000000003
2 0.51123 0.38112 0.04199999999999998 0.22144000000000003
2 0.67285 0.38112 0.041019999999999945 0.22144000000000003
2 0.788575 0.376455 0.04198999999999997 0.22144999999999998
2 0.90088 0.37878999999999996 0.04200000000000004 0.22144000000000003
2 0.24609000000000003 0.8321700000000001 0.03906000000000001 0.18181999999999998
2 0.34814500000000004 0.835665 0.03809000000000001 0.17948999999999993
2 0.899905 0.82751 0.03809000000000007 0.18647999999999998
2 0.7841800000000001 0.82751 0.039059999999999984 0.18647999999999998
2 0.67285 0.8345 0.039059999999999984 0.18647999999999998
3 0.512695 0.8449899999999999 0.09765000000000001 0.30535999999999996
4 0.125 0.25058 0.06835999999999999 0.07226000000000002
4 0.24170000000000003 0.24825000000000003 0.06738000000000002 0.07226000000000002
4 0.90088 0.24592000000000003 0.06738 0.07226000000000002
4 0.78613 0.24592000000000003 0.06835999999999998 0.07226000000000002
4 0.35058500000000004 0.22727000000000003 0.07227 0.11422000000000002
4 0.51172 0.22727000000000003 0.07225999999999994 0.11422000000000002
4 0.66992 0.22727000000000003 0.07225999999999999 0.11422000000000002
5 0.1249985 0.516315 0.072263 0.048949999999999994
5 0.243165 0.509325 0.07227 0.04895000000000005
5 0.90039 0.509325 0.07225999999999999 0.04895000000000005
5 0.7880849999999999 0.511655 0.07226999999999995 0.048949999999999994
5 0.35205 0.50816 0.07324000000000003 0.046619999999999995
6 0.5034150000000001 0.529135 0.48535 0.12121000000000004
7 0.35205 0.33217 0.03808 0.10955999999999999
7 0.512695 0.31701500000000005 0.039069999999999994 0.08390999999999998
8 0.672365 0.062937 0.07129000000000008 0.037296
8 0.510255 0.067599 0.07715000000000005 0.037296
8 0.34863500000000003 0.06993 0.07227 0.037296
8 0.29442999999999997 0.120046 0.016600000000000004 0.184148
8 0.398435 0.1177155 0.015629999999999977 0.184149
8 0.45557000000000003 0.1177155 0.016600000000000004 0.184149
8 0.42676000000000003 0.1083905 0.015620000000000023 0.165499
8 0.72217 0.1130545 0.016599999999999948 0.184151
8 0.62158 0.1177155 0.016599999999999948 0.184149
8 0.5625 0.115385 0.015619999999999967 0.18415
8 0.5917950000000001 0.104895 0.01562999999999992 0.16317
8 0.983395 0.1118885 0.013670000000000071 0.191143
9 0.5039078 0.10606199999999999 0.9882844 0.05361599999999998
9 0.5004897 0.597905 0.9892606 0.053609999999999935
11 0.12793 0.837995 0.03906000000000001 0.18881000000000003
11 0.625 0.853145 0.02733999999999992 0.06992999999999994
11 0.623045 0.778555 0.03125 0.06993000000000005
11 0.5873999999999999 0.783215 0.028320000000000012 0.06993000000000005
11 0.58838 0.84965 0.02635999999999994 0.05362
11 0.401855 0.787875 0.03027000000000002 0.06993000000000005
11 0.404295 0.8578049999999999 0.025390000000000024 0.06992999999999994
11 0.433105 0.793705 0.026370000000000005 0.09091000000000005
11 0.43457 0.8636349999999999 0.02734000000000003 0.04429000000000005
11 0.82422 0.65268 0.16601999999999995 0.0746
