1 0.49999828 0.49902775000000005 0.99804344 0.9941645
2 0.041504 0.187745 0.03418 0.11088999999999999
2 0.27197 0.160505 0.03417999999999999 0.11089
2 0.35009999999999997 0.160505 0.034180000000000044 0.11089
2 0.5083 0.156615 0.034180000000000044 0.11089
2 0.587405 0.156615 0.036129999999999995 0.11089
2 0.5893550000000001 0.364785 0.03809000000000007 0.12257000000000001
2 0.509275 0.36089499999999997 0.03613000000000005 0.12257000000000001
2 0.4292 0.36284 0.036140000000000005 0.12256
2 0.34863500000000003 0.36673500000000003 0.03711000000000003 0.12257000000000001
2 0.0405275 0.388135 0.036133 0.12257000000000001
2 0.268555 0.36673500000000003 0.035150000000000015 0.12257000000000001
2 0.041504 0.611865 0.036132 0.13034999999999997
2 0.26953499999999997 0.59825 0.03711000000000003 0.13424000000000003
2 0.34863500000000003 0.59533 0.03711000000000003 0.13617999999999997
2 0.43066499999999996 0.59241 0.03711000000000003 0.13423999999999991
2 0.507815 0.59241 0.03711000000000003 0.13423999999999991
2 0.590335 0.593385 0.03809000000000007 0.13618999999999992
2 0.429685 0.15078 0.03711000000000003 0.09922000000000002
2 0.11426 0.135216 0.017580000000000012 0.071988
2 0.181155 0.1420255 0.018549999999999983 0.093389
2 0.14745999999999998 0.137161 0.027340000000000003 0.075878
2 0.17822500000000002 0.36089499999999997 0.02051 0.12645
2 0.11132500000000001 0.363815 0.019530000000000006 0.12451000000000001
2 0.14453 0.361865 0.029299999999999993 0.12451000000000001
2 0.10986499999999999 0.585605 0.018549999999999997 0.11673
2 0.177735 0.59144 0.019529999999999992 0.12839999999999996
2 0.14453 0.5856 0.027340000000000003 0.12061999999999995
2 0.674805 0.1400775 0.019530000000000047 0.093385
2 0.73828 0.136188 0.01758000000000004 0.077824
2 0.707035 0.13327050000000001 0.025390000000000024 0.075879
2 0.7417 0.35895 0.01856000000000002 0.12256
2 0.677245 0.357005 0.018550000000000066 0.12257000000000001
2 0.7099599999999999 0.35895 0.02734000000000003 0.12256
2 0.6762699999999999 0.581715 0.01856000000000002 0.12451000000000001
2 0.742675 0.583655 0.018549999999999955 0.12451000000000001
2 0.71045 0.577825 0.028320000000000012 0.11673
2 0.838865 0.17996 0.019530000000000047 0.11090000000000001
2 0.8105450000000001 0.178015 0.019529999999999936 0.11089
2 0.921385 0.18190499999999998 0.018550000000000066 0.11089000000000002
2 0.949215 0.1858 0.019530000000000047 0.1109
2 0.953125 0.388135 0.019530000000000047 0.12257000000000001
2 0.925785 0.388135 0.019530000000000047 0.12257000000000001
2 0.8408199999999999 0.38327 0.019540000000000002 0.12451999999999996
2 0.8125 0.38327 0.01953999999999989 0.12451999999999996
2 0.885255 0.60895 0.036129999999999995 0.13230000000000008
2 0.826175 0.60798 0.04882999999999993 0.13424000000000003
2 0.93799 0.6118699999999999 0.04590000000000005 0.13424000000000003
3 0.427735 0.9114800000000001 0.048829999999999985 0.14980000000000004
2 0.42871000000000004 0.78794 0.04882000000000003 0.04279999999999995
2 0.30518 0.7908550000000001 0.10253999999999996 0.044749999999999956
2 0.1352535 0.794745 0.086913 0.052529999999999966
2 0.5483399999999999 0.7908550000000001 0.10449999999999998 0.044749999999999956
2 0.0336915 0.797665 0.043945 0.042810000000000015
3 0.817385 0.941635 0.037109999999999976 0.10116999999999998
5 0.269045 0.227625 0.05371000000000001 0.03112999999999999
5 0.347165 0.225685 0.053710000000000035 0.03112999999999999
5 0.0385745 0.25681 0.053711 0.03112000000000001
5 0.509275 0.22179 0.05370999999999998 0.03112000000000001
5 0.5893550000000001 0.22179 0.053710000000000035 0.03112000000000001
5 0.953125 0.25681 0.027349999999999985 0.03112000000000001
5 0.9238299999999999 0.254865 0.02734000000000003 0.03112999999999999
5 0.841795 0.250975 0.027349999999999985 0.03112999999999999
5 0.811525 0.249025 0.027350000000000096 0.03112999999999999
5 0.5893550000000001 0.681905 0.05761000000000005 0.04475000000000007
5 0.5083 0.6809350000000001 0.05761999999999995 0.04669000000000001
5 0.42822 0.67996 0.057620000000000005 0.04474
5 0.34814500000000004 0.6828799999999999 0.057609999999999995 0.046700000000000075
5 0.26611 0.68677 0.057620000000000005 0.046699999999999964
5 0.0346682 0.698445 0.057617600000000005 0.04669000000000001
4 0.88574 0.5 0.06835999999999998 0.07782
6 0.13476749999999998 0.66926 0.113285 0.07003999999999999
6 0.140137 0.215955 0.106446 0.10894999999999999
6 0.42432 0.206225 0.12988 0.10894999999999999
6 0.712405 0.213035 0.10449000000000008 0.10310999999999998
6 0.71582 0.67218 0.11328000000000005 0.08366000000000007
7 0.043457 0.17023 0.02832 0.06420000000000001
7 0.115725 0.12354000000000001 0.01465000000000001 0.03696000000000001
7 0.14844000000000002 0.12646 0.02343999999999999 0.046700000000000005
7 0.18164000000000002 0.12256500000000001 0.015619999999999995 0.038910000000000014
7 0.27197499999999997 0.14299499999999998 0.032230000000000036 0.06031
7 0.509765 0.12257000000000001 0.03125 0.03502000000000001
7 0.58789 0.12743 0.03320000000000001 0.040859999999999994
7 0.67432 0.11187 0.01660000000000006 0.021400000000000002
7 0.73828 0.11965 0.015620000000000078 0.029179999999999998
7 0.838375 0.14786 0.014650000000000052 0.03892000000000001
7 0.81006 0.15078 0.016599999999999948 0.04086000000000001
7 0.9199200000000001 0.15078 0.015620000000000078 0.03695999999999999
7 0.9238299999999999 0.357975 0.015620000000000078 0.05447000000000002
7 0.84033 0.347275 0.016599999999999948 0.04085000000000005
7 0.811035 0.34630000000000005 0.016609999999999903 0.042800000000000005
7 0.708985 0.31809 0.023430000000000062 0.029179999999999984
7 0.67676 0.328795 0.015619999999999967 0.050590000000000024
7 0.9370149999999999 0.56226 0.04199000000000008 0.02723999999999993
7 0.825195 0.59825 0.044929999999999914 0.10311999999999999
7 0.74268 0.55253 0.016599999999999948 0.05057999999999996
7 0.67676 0.5466949999999999 0.015619999999999967 0.04669000000000001
7 0.509275 0.32296 0.032230000000000036 0.035019999999999996
7 0.4292 0.32879 0.034180000000000044 0.042800000000000005
7 0.34912 0.331715 0.03417999999999999 0.04475000000000001
7 0.50781 0.5505800000000001 0.035160000000000025 0.04280000000000006
7 0.42969 0.543775 0.03320000000000001 0.02919000000000005
7 0.347655 0.551555 0.03320999999999996 0.04475000000000007
7 0.269045 0.32879 0.032230000000000036 0.035019999999999996
7 0.1792 0.32489999999999997 0.016600000000000004 0.042800000000000005
7 0.14599499999999999 0.33074000000000003 0.024410000000000015 0.050580000000000014
7 0.112305 0.32489999999999997 0.015630000000000005 0.035019999999999996
7 0.26904 0.548635 0.03417999999999999 0.03112999999999999
7 0.17822 0.566145 0.016600000000000004 0.07393000000000005
7 0.14502 0.55739 0.024419999999999997 0.056420000000000026
7 0.11133 0.562255 0.015619999999999995 0.06615000000000004
7 0.0429685 0.57393 0.029297 0.05447999999999997
8 0.14307 0.46692999999999996 0.05175999999999999 0.07781999999999994
8 0.34765500000000005 0.46887500000000004 0.039069999999999994 0.06614999999999999
8 0.507815 0.470815 0.04297000000000001 0.07393
8 0.71045 0.46401000000000003 0.047860000000000014 0.07588
8 0.88428 0.38132 0.04589999999999994 0.12062
8 0.5488299999999999 0.0301558 0.029299999999999993 0.048638400000000005
8 0.30615000000000003 0.02821005 0.028319999999999956 0.0486379
4 0.4292 0.0369648 0.11230000000000001 0.0622564
9 0.5122085 0.05933605 0.965823 0.1031079
9 0.5029278 0.7217899999999999 0.9863244 0.05447999999999997
9 0.4995131 0.26361999999999997 0.9912138 0.07197999999999999
10 0.205075 0.448445 0.025389999999999996 0.28989
10 0.0683595 0.45331 0.025391000000000004 0.28794000000000003
10 0.23291 0.459145 0.01074 0.28404999999999997
10 0.30566499999999996 0.459145 0.025389999999999968 0.28404999999999997
10 0.387695 0.4572 0.025390000000000024 0.28403999999999996
10 0.469725 0.4572 0.025390000000000024 0.28403999999999996
10 0.549315 0.4572 0.026370000000000005 0.28403999999999996
10 0.648435 0.44358 0.025390000000000024 0.28404
10 0.785155 0.445525 0.025389999999999913 0.28405
10 0.624025 0.4572 0.01366999999999996 0.28403999999999996
10 0.98779 0.480545 0.022460000000000035 0.27237
10 0.06738250000000001 0.65175 0.029297000000000004 0.10506000000000004
10 0.20459 0.645915 0.028320000000000012 0.10504999999999998
10 0.30566499999999996 0.6537 0.029289999999999983 0.10506000000000004
10 0.23389 0.6546700000000001 0.016599999999999976 0.10311999999999999
10 0.38672 0.65175 0.029299999999999993 0.10506000000000004
10 0.46875 0.65175 0.029299999999999993 0.10506000000000004
10 0.5488299999999999 0.6537 0.029299999999999993 0.10506000000000004
10 0.645995 0.64786 0.03222999999999998 0.12451999999999996
10 0.785645 0.649805 0.03222999999999998 0.12451000000000001
10 0.62158 0.6507799999999999 0.012699999999999934 0.09921999999999997
10 0.985355 0.674125 0.025390000000000024 0.11478999999999995
10 0.067383 0.269455 0.03125 0.07586999999999999
10 0.205075 0.26459 0.03125 0.07782
10 0.306645 0.308365 0.03125 0.017510000000000026
10 0.388185 0.30545 0.03027000000000002 0.019460000000000033
10 0.233885 0.307395 0.014649999999999996 0.019450000000000023
10 0.470705 0.31128500000000003 0.03125 0.019450000000000023
10 0.549805 0.30934 0.03125 0.019460000000000033
10 0.6230450000000001 0.30545 0.01366999999999996 0.019460000000000033
10 0.645995 0.258755 0.03222999999999998 0.07782999999999998
10 0.785645 0.26361999999999997 0.03222999999999998 0.07976
10 0.9863299999999999 0.303505 0.023440000000000016 0.08171
10 0.6450199999999999 0.1488305 0.02636000000000005 0.142019
10 0.7832 0.1488305 0.023439999999999905 0.142019
10 0.07177700000000001 0.1566165 0.024414000000000005 0.14202700000000001
10 0.205565 0.15077849999999998 0.024409999999999987 0.14202299999999998
10 0.205565 0.04085605 0.03222999999999998 0.0739299
10 0.0717775 0.0466928 0.032227 0.0739304
10 0.78369 0.0428018 0.032219999999999915 0.07393040000000001
10 0.645995 0.04085605 0.03222999999999998 0.0739299
11 0.427245 0.74514 0.17481000000000008 0.04279999999999995
11 0.71582 0.81323 0.16016000000000008 0.07782
11 0.8867149999999999 0.82101 0.17383000000000004 0.08950000000000002
11 0.71338 0.92315 0.057620000000000005 0.1109
11 0.882325 0.921205 0.03808999999999996 0.10700999999999994
11 0.944825 0.9202349999999999 0.03808999999999996 0.10894999999999999
11 0.140625 0.91245 0.07421 0.12451999999999996
11 0.306155 0.90953 0.09863 0.1264599999999999
11 0.0366215 0.911475 0.040039 0.12256999999999996
11 0.54736 0.89981 0.10254000000000002 0.12646000000000002
