1 0.3721505 0.4989647 0.6498389999999999 0.9896306
2 0.15798 0.0798755 0.029319999999999985 0.03112100000000001
2 0.26873 0.077801 0.029319999999999957 0.031120000000000002
2 0.37866500000000003 0.0736515 0.027690000000000048 0.031121000000000003
2 0.49267 0.072614 0.027680000000000038 0.02904600000000001
2 0.6034200000000001 0.071577 0.027680000000000038 0.03112000000000001
2 0.15472 0.21369500000000002 0.048860000000000015 0.09129000000000001
2 0.26384 0.21058499999999997 0.048860000000000015 0.08920999999999998
2 0.37785 0.20747 0.048860000000000015 0.09128
2 0.491045 0.20747 0.047229999999999994 0.09128
2 0.6066750000000001 0.205395 0.047229999999999994 0.09128999999999998
2 0.90391 0.155605 0.042340000000000044 0.07469
2 0.838765 0.15352500000000002 0.03909000000000007 0.07469
2 0.775245 0.15352500000000002 0.03908999999999996 0.07469
2 0.90635 0.30394 0.04071999999999998 0.08506000000000002
2 0.841205 0.30394 0.040710000000000024 0.08506000000000002
2 0.77606 0.30186999999999997 0.04071999999999998 0.08505999999999997
2 0.90798 0.455395 0.04072000000000009 0.08506999999999998
2 0.842835 0.454355 0.040710000000000024 0.08299000000000001
2 0.776875 0.454355 0.04235 0.08299000000000001
2 0.908795 0.61307 0.04235 0.08505999999999991
2 0.84446 0.61307 0.04071999999999998 0.08505999999999991
2 0.78013 0.61307 0.042340000000000044 0.08505999999999991
2 0.8322499999999999 0.031120000000000002 0.07818000000000003 0.041494
2 0.15065499999999998 0.376555 0.05049000000000001 0.08920999999999996
2 0.26221500000000003 0.376555 0.05211000000000002 0.08920999999999996
2 0.377035 0.372405 0.050490000000000035 0.08921000000000001
2 0.48941500000000004 0.372405 0.05048999999999998 0.08921000000000001
2 0.6066750000000001 0.368255 0.050490000000000035 0.08921000000000001
2 0.14902500000000002 0.5456449999999999 0.05049000000000001 0.10372999999999999
2 0.259775 0.54772 0.05049000000000001 0.10373999999999994
2 0.37377499999999997 0.549795 0.05048999999999998 0.10372999999999999
2 0.491045 0.54357 0.050490000000000035 0.10373999999999994
2 0.608305 0.5414950000000001 0.050489999999999924 0.10372999999999999
2 0.147395 0.724065 0.05048999999999999 0.10372999999999999
2 0.259775 0.724065 0.05049000000000001 0.10372999999999999
2 0.37377499999999997 0.72614 0.05048999999999998 0.10373999999999994
2 0.49186 0.724065 0.052120000000000055 0.10788999999999993
2 0.6066750000000001 0.72199 0.050490000000000035 0.10787999999999998
3 0.604235 0.92635 0.05862999999999996 0.13070000000000004
4 0.15391 0.154565 0.08306000000000001 0.018669999999999992
4 0.263845 0.15041500000000002 0.08143 0.018669999999999992
4 0.37785 0.15041500000000002 0.08144000000000001 0.018669999999999992
4 0.490225 0.147305 0.08142999999999995 0.02074999999999999
4 0.60668 0.14626499999999998 0.08305999999999991 0.018669999999999992
4 0.15065 0.31639 0.08306 0.01868000000000003
4 0.26303 0.314315 0.08306 0.01867000000000002
4 0.37622 0.31327499999999997 0.08143999999999996 0.02074999999999999
4 0.48860000000000003 0.31223999999999996 0.08144000000000001 0.018679999999999974
4 0.6050500000000001 0.31120499999999995 0.08306000000000002 0.02074999999999999
4 0.147395 0.48236500000000004 0.08956999999999998 0.026969999999999994
4 0.608305 0.478215 0.09282999999999997 0.02697000000000005
4 0.37541 0.48755 0.32410000000000005 0.04149999999999998
4 0.775245 0.24066500000000002 0.06840999999999997 0.024889999999999995
4 0.904725 0.243775 0.06677 0.026969999999999994
4 0.841205 0.2334 0.060270000000000046 0.03942000000000001
5 0.77443 0.19398500000000002 0.06351999999999991 0.018669999999999992
5 0.83958 0.197095 0.06352000000000002 0.02074999999999999
5 0.90472 0.19917 0.06352000000000002 0.02074000000000001
5 0.90635 0.34958500000000003 0.06025999999999998 0.014529999999999987
5 0.775245 0.348545 0.06189 0.012449999999999961
5 0.6058600000000001 0.25415 0.07165999999999995 0.014519999999999977
5 0.49104499999999995 0.256225 0.07002999999999998 0.014530000000000015
5 0.37622 0.2583 0.07166 0.014520000000000033
5 0.15228 0.26244999999999996 0.07003999999999999 0.014520000000000033
5 0.262215 0.2583 0.07166999999999998 0.014520000000000033
5 0.14902500000000002 0.42842 0.07003000000000001 0.014520000000000033
5 0.26059 0.42635 0.07166000000000003 0.014519999999999977
5 0.37785 0.42427499999999996 0.07166 0.014529999999999987
5 0.493485 0.4222 0.07167000000000001 0.014520000000000033
5 0.6058600000000001 0.4222 0.07165999999999995 0.014520000000000033
5 0.6074900000000001 0.59751 0.07818000000000003 0.016599999999999948
5 0.487785 0.59751 0.07654999999999995 0.016599999999999948
5 0.14821 0.602695 0.07818 0.018669999999999964
5 0.25895999999999997 0.60166 0.07817999999999997 0.016599999999999948
6 0.37215 0.62552 0.16775999999999996 0.13070000000000004
6 0.850975 0.365145 0.09609000000000001 0.10372999999999999
6 0.84935 0.5228200000000001 0.23942000000000008 0.10374000000000005
7 0.11319499999999999 0.21472999999999998 0.024429999999999993 0.09335999999999997
7 0.194625 0.21161999999999997 0.024430000000000007 0.09128
7 0.22313 0.21161999999999997 0.02606 0.09128
7 0.30537499999999995 0.20954499999999998 0.024430000000000007 0.09128999999999998
7 0.364005 0.20747 0.024430000000000007 0.09128
7 0.390065 0.20850999999999997 0.024430000000000007 0.09335999999999997
7 0.44788 0.20747 0.026059999999999972 0.09128
7 0.53257 0.205395 0.026059999999999972 0.09128999999999998
7 0.56515 0.20643 0.026059999999999972 0.09336
7 0.64821 0.20435999999999999 0.026060000000000083 0.09336
7 0.64821 0.36826 0.026060000000000083 0.09336
7 0.56515 0.36722 0.026059999999999972 0.09128000000000003
7 0.5342 0.37033 0.026059999999999972 0.09336
7 0.44625000000000004 0.37241 0.026060000000000028 0.09336
7 0.41857 0.37137 0.026059999999999972 0.09127999999999997
7 0.33225 0.37137 0.026059999999999972 0.09127999999999997
7 0.30293000000000003 0.37241 0.026060000000000028 0.09336
7 0.21987 0.37448 0.02606 0.09336
7 0.19218000000000002 0.37656 0.02606 0.09336
7 0.1091205 0.377595 0.026059 0.09128999999999998
7 0.105862 0.5456449999999999 0.026055999999999996 0.10372999999999999
7 0.18730000000000002 0.5456449999999999 0.02606 0.10372999999999999
7 0.217425 0.54357 0.027689999999999992 0.10373999999999994
7 0.273615 0.54461 0.026050000000000018 0.10165999999999997
7 0.32899 0.561205 0.029320000000000013 0.13900999999999997
7 0.41856499999999996 0.56328 0.029310000000000003 0.139
7 0.5342 0.5414950000000001 0.026059999999999972 0.10372999999999999
7 0.564335 0.5414950000000001 0.027689999999999992 0.10372999999999999
7 0.650655 0.53942 0.027689999999999992 0.10374
7 0.650655 0.720955 0.027689999999999992 0.10994999999999999
7 0.56352 0.7230300000000001 0.026059999999999972 0.10995999999999995
7 0.53257 0.7230300000000001 0.026059999999999972 0.10995999999999995
7 0.47557 0.720955 0.026059999999999972 0.10994999999999999
7 0.38761999999999996 0.7251000000000001 0.026060000000000028 0.10995999999999995
7 0.21661000000000002 0.7251000000000001 0.02606 0.10995999999999995
7 0.18811 0.7251000000000001 0.027679999999999982 0.10995999999999995
7 0.2956 0.720955 0.01465999999999995 0.10994999999999999
7 0.101794 0.7230300000000001 0.02769200000000001 0.10995999999999995
9 0.3729655 0.063279 0.625409 0.101662
1 0.83388 0.49792735 0.27036000000000004 0.9917053
9 0.371338 0.648345 0.6351840000000001 0.035270000000000024
9 0.36645 0.785265 0.63518 0.03526999999999991
9 0.838765 0.08195 0.25733000000000006 0.03527000000000001
9 0.8355049999999999 0.69295 0.26385000000000003 0.07883999999999991
9 0.8306199999999999 0.83714 0.26383999999999996 0.07675999999999994
11 0.6058650000000001 0.8309150000000001 0.08143 0.05186999999999997
11 0.491855 0.8298749999999999 0.08143 0.05395000000000005
11 0.372965 0.834025 0.08143 0.05394999999999994
11 0.1840405 0.826765 0.24755899999999997 0.07677
11 0.14658 0.9138999999999999 0.07165999999999999 0.15560000000000007
11 0.25895999999999997 0.91701 0.07166 0.14938000000000007
11 0.375405 0.929465 0.07329000000000002 0.12863000000000002
11 0.491045 0.929465 0.07328999999999997 0.12863000000000002
11 0.758145 0.935685 0.06677 0.11203000000000007
