1 0.5146485 0.542375 0.914063 0.83963
2 0.17578 0.297915 0.05077999999999999 0.11343
2 0.33789 0.297265 0.05077999999999999 0.11473
2 0.5146499999999999 0.297265 0.05077999999999999 0.11473
2 0.68652 0.301175 0.05078000000000005 0.11473000000000003
2 0.853515 0.306385 0.05079 0.11473000000000003
2 0.17578 0.537155 0.05077999999999999 0.11473000000000005
2 0.33789 0.5410699999999999 0.05077999999999999 0.11473999999999995
2 0.5146499999999999 0.5410699999999999 0.05077999999999999 0.11473999999999995
2 0.6875 0.543675 0.05078000000000005 0.11473
2 0.8525400000000001 0.5456350000000001 0.050779999999999936 0.11343000000000003
2 0.17871 0.842245 0.05077999999999999 0.11473
2 0.33984000000000003 0.842895 0.05077999999999999 0.11343000000000003
2 0.68652 0.84485 0.05078000000000005 0.11474000000000006
2 0.85156 0.843545 0.05078000000000005 0.11473
3 0.517085 0.8442000000000001 0.12792999999999993 0.2255600000000001
4 0.17432 0.42438 0.09667999999999999 0.02477999999999997
4 0.33545 0.42503 0.09668000000000004 0.026079999999999992
4 0.69189 0.43025 0.0966800000000001 0.026079999999999992
4 0.8549800000000001 0.432205 0.09667999999999999 0.02476999999999996
4 0.516605 0.435465 0.11132999999999993 0.04432999999999998
7 0.212405 0.29791 0.024410000000000015 0.11082000000000003
7 0.137205 0.29856499999999997 0.024409999999999987 0.11213000000000001
7 0.29834 0.29661 0.024419999999999997 0.11082
7 0.37549 0.29596 0.024419999999999997 0.11212
7 0.476075 0.29856499999999997 0.024409999999999987 0.11213000000000001
7 0.553225 0.29856499999999997 0.024410000000000043 0.11213000000000001
7 0.649905 0.29987 0.024409999999999932 0.11212000000000003
7 0.725095 0.30117499999999997 0.024409999999999932 0.11213000000000001
7 0.815915 0.30378 0.024409999999999932 0.11212
7 0.891115 0.30378 0.024410000000000043 0.11212
7 0.162595 0.5410699999999999 0.024410000000000015 0.13298
7 0.18701 0.5410699999999999 0.024419999999999997 0.13298
7 0.324705 0.542375 0.024409999999999987 0.13299
7 0.351075 0.5410699999999999 0.024409999999999987 0.13298
7 0.50049 0.543675 0.024420000000000053 0.13299
7 0.52783 0.543675 0.024419999999999997 0.13299
7 0.674315 0.54433 0.024410000000000043 0.13167999999999996
7 0.70166 0.54433 0.024419999999999997 0.13167999999999996
7 0.8667 0.54759 0.024419999999999997 0.13297999999999993
7 0.842285 0.54759 0.024409999999999932 0.13297999999999993
7 0.19043 0.84355 0.02343999999999999 0.10952000000000006
7 0.16699 0.84355 0.023440000000000016 0.10952000000000006
7 0.32715 0.84355 0.023440000000000016 0.10952000000000006
7 0.35156 0.84355 0.023440000000000016 0.10952000000000006
7 0.6738299999999999 0.84485 0.023440000000000016 0.10952000000000006
7 0.69922 0.84355 0.023440000000000016 0.10952000000000006
7 0.83887 0.84485 0.023439999999999905 0.10952000000000006
7 0.86426 0.84355 0.023440000000000016 0.10952000000000006
9 0.516113 0.667535 0.887694 0.06519000000000008
9 0.5156265 0.17340499999999998 0.896487 0.07823
10 0.420895 0.863105 0.054690000000000016 0.12776999999999994
10 0.257815 0.863105 0.054690000000000016 0.12776999999999994
10 0.607425 0.867015 0.054689999999999905 0.12776999999999994
10 0.7714799999999999 0.863755 0.05663999999999991 0.12124999999999997
10 0.11426 0.854625 0.02148 0.12124999999999997
10 0.91553 0.857235 0.022460000000000035 0.12124999999999997
10 0.115235 0.782265 0.029289999999999997 0.02346999999999999
10 0.25928 0.78618 0.06348000000000001 0.023460000000000036
10 0.421385 0.787485 0.06347000000000003 0.02346999999999999
10 0.608395 0.790745 0.06445000000000001 0.022170000000000023
10 0.7709950000000001 0.790745 0.06347000000000003 0.022170000000000023
10 0.9140600000000001 0.784875 0.02734000000000003 0.02346999999999999
