1 0.49175284999999996 0.49999828 0.9787943 0.99804344
2 0.1107175 0.0161131 0.040045 0.024413800000000003
2 0.21908 0.01318355 0.02592 0.022460900000000002
2 0.18551 0.01171885 0.024740000000000012 0.017578299999999998
2 0.29269999999999996 0.01171855 0.034160000000000024 0.0195309
2 0.39988500000000005 0.01416035 0.03650999999999999 0.0224613
2 0.48233499999999996 0.00927735 0.027090000000000003 0.0126953
2 0.597765 0.0161134 0.03651000000000004 0.0224612
2 0.88221 0.016113250000000003 0.03298000000000001 0.0166015
2 0.812135 0.016601400000000002 0.027089999999999947 0.023437200000000002
2 0.7779750000000001 0.0131834 0.02473000000000003 0.0166012
2 0.5182549999999999 0.0151366 0.02590999999999999 0.022460800000000003
2 0.70789 0.0175782 0.03298000000000001 0.0234376
2 0.888695 0.083008 0.03886999999999996 0.03125
2 0.788575 0.0800785 0.04359000000000002 0.033202999999999996
2 0.690225 0.079102 0.03769 0.03125
2 0.588925 0.079102 0.03769 0.03125
2 0.48528 0.07666 0.04476000000000002 0.03418
2 0.386335 0.0776365 0.040049999999999975 0.032227
2 0.28503999999999996 0.0786135 0.04004000000000002 0.032227000000000006
2 0.18080000000000002 0.077637 0.04357999999999998 0.03418000000000001
2 0.083626 0.0800785 0.037688 0.029297000000000004
2 0.0818605 0.172365 0.04357900000000001 0.047850000000000004
2 0.18198 0.168455 0.04358000000000001 0.047850000000000004
2 0.28445 0.16748000000000002 0.04358000000000001 0.047859999999999986
2 0.38339 0.16748000000000002 0.04358000000000001 0.047859999999999986
2 0.88869 0.17334 0.04357999999999995 0.047860000000000014
2 0.48704000000000003 0.16504000000000002 0.04358000000000001 0.046880000000000005
2 0.58716 0.168455 0.04357999999999995 0.047850000000000004
2 0.6884600000000001 0.168455 0.04358000000000006 0.047850000000000004
2 0.78975 0.169435 0.04358000000000006 0.047850000000000004
2 0.0806815 0.23877 0.043577000000000005 0.026359999999999995
2 0.18080000000000002 0.236815 0.04357999999999998 0.026370000000000005
2 0.2821 0.236815 0.04358000000000001 0.026370000000000005
2 0.38456999999999997 0.233885 0.04358000000000001 0.026370000000000005
2 0.48587 0.234865 0.04358000000000001 0.026370000000000005
2 0.58598 0.234865 0.04358000000000006 0.026370000000000005
2 0.689635 0.236815 0.04359000000000002 0.026370000000000005
2 0.788575 0.236815 0.04359000000000002 0.026370000000000005
2 0.8881 0.23974499999999999 0.04475999999999991 0.026369999999999977
2 0.89046 0.325195 0.04712000000000005 0.04100999999999999
2 0.79034 0.32323999999999997 0.04711999999999994 0.04102
2 0.6914 0.32372999999999996 0.04712000000000005 0.04199999999999998
2 0.58775 0.32372999999999996 0.04712000000000005 0.04199999999999998
2 0.48645499999999997 0.322265 0.047109999999999985 0.041010000000000046
2 0.382805 0.324705 0.047109999999999985 0.04199000000000003
2 0.281505 0.32616999999999996 0.047109999999999985 0.04102
2 0.17903000000000002 0.32715000000000005 0.044759999999999994 0.04102
2 0.08009250000000001 0.327635 0.044755 0.04198999999999997
2 0.0777395 0.408205 0.044761 0.04100999999999999
2 0.17786000000000002 0.407225 0.044759999999999994 0.04100999999999999
2 0.28032999999999997 0.406735 0.044759999999999966 0.04198999999999997
2 0.381625 0.405275 0.04475000000000001 0.04100999999999999
2 0.48351 0.40332 0.04357999999999995 0.04102
2 0.58775 0.404295 0.04475999999999991 0.04100999999999999
2 0.6902200000000001 0.404295 0.04476000000000002 0.04100999999999999
2 0.79152 0.404785 0.04475999999999991 0.04198999999999997
2 0.8892800000000001 0.40625 0.04476000000000002 0.041019999999999945
2 0.89105 0.489745 0.04357999999999995 0.05174999999999996
2 0.79152 0.487305 0.04239999999999999 0.05079000000000006
2 0.689635 0.489745 0.04359000000000002 0.05174999999999996
2 0.58775 0.48926000000000003 0.04239999999999999 0.05078000000000005
2 0.48292 0.48828 0.04239999999999999 0.050779999999999936
2 0.38045 0.49022999999999994 0.04239999999999999 0.05077999999999999
2 0.28033 0.49219 0.04239999999999999 0.05078000000000005
2 0.17844500000000002 0.49219 0.04358999999999999 0.05078000000000005
2 0.0806815 0.49414 0.043577000000000005 0.05078000000000005
2 0.07950650000000001 0.572265 0.041227 0.04296999999999995
2 0.179625 0.569825 0.04122999999999999 0.04198999999999997
2 0.381035 0.572265 0.04122999999999999 0.04296999999999995
2 0.482335 0.5722700000000001 0.048290000000000055 0.05663999999999991
2 0.5865750000000001 0.566895 0.049470000000000014 0.04198999999999997
2 0.68728 0.564945 0.04830000000000001 0.04198999999999997
2 0.79034 0.5717749999999999 0.04239999999999999 0.053710000000000035
2 0.892815 0.5644549999999999 0.04241000000000006 0.042970000000000064
2 0.27856000000000003 0.569825 0.04358000000000001 0.043950000000000045
2 0.0818595 0.6523399999999999 0.04122100000000001 0.04491999999999996
2 0.179625 0.65039 0.04122999999999999 0.04491999999999996
2 0.27915 0.65088 0.04476000000000002 0.04200000000000004
2 0.381035 0.649905 0.045930000000000026 0.043950000000000045
2 0.08304049999999999 0.7417 0.045938999999999994 0.040039999999999965
2 0.17903000000000002 0.74463 0.044759999999999994 0.040040000000000076
2 0.08716 0.821775 0.04239999999999999 0.04198999999999997
2 0.183745 0.822755 0.04241 0.04198999999999997
2 0.28033 0.8237300000000001 0.04239999999999999 0.041999999999999926
2 0.38045 0.824705 0.04239999999999999 0.04198999999999997
2 0.37986 0.743655 0.04358000000000001 0.04199000000000008
2 0.27915 0.7431650000000001 0.04239999999999999 0.042970000000000064
2 0.48233000000000004 0.742185 0.04358000000000001 0.04296999999999995
2 0.48233000000000004 0.646485 0.04358000000000001 0.04296999999999995
2 0.58834 0.64795 0.04357999999999995 0.04200000000000004
2 0.689635 0.648925 0.04359000000000002 0.04198999999999997
2 0.6884600000000001 0.739745 0.04358000000000006 0.04198999999999997
2 0.58657 0.742185 0.04239999999999999 0.04296999999999995
2 0.48115 0.824215 0.04358000000000006 0.04296999999999995
2 0.58422 0.8237300000000001 0.04239999999999999 0.041999999999999926
2 0.6860999999999999 0.822755 0.04358000000000006 0.04198999999999997
2 0.78975 0.64795 0.04358000000000006 0.04200000000000004
2 0.89046 0.648435 0.04239999999999999 0.04296999999999995
2 0.78975 0.740725 0.04358000000000006 0.04198999999999997
2 0.8922300000000001 0.741215 0.04358000000000006 0.042970000000000064
2 0.887515 0.8208 0.04358999999999991 0.04200000000000004
2 0.7879849999999999 0.822265 0.04240999999999995 0.04296999999999995
4 0.0818615 0.138185 0.07891699999999999 0.02051
4 0.18198 0.13916 0.07891999999999999 0.02049999999999999
4 0.282095 0.134275 0.07891000000000001 0.020509999999999987
4 0.38339 0.134275 0.07891999999999999 0.020509999999999987
4 0.4894 0.13525500000000001 0.07891999999999999 0.02051
4 0.585985 0.134275 0.07891000000000004 0.020509999999999987
4 0.6860999999999999 0.136715 0.07891999999999999 0.019529999999999992
4 0.7909299999999999 0.139645 0.07891999999999999 0.019529999999999992
4 0.8969400000000001 0.14404499999999998 0.07891999999999999 0.02051
4 0.173145 0.364255 0.08481 0.03125
4 0.47938499999999995 0.36084 0.08481 0.030279999999999974
4 0.79152 0.363285 0.08479999999999999 0.03125
4 0.88928 0.446285 0.08479999999999999 0.03125
4 0.684925 0.444825 0.0836300000000001 0.030269999999999964
4 0.58186 0.444825 0.08479999999999999 0.030269999999999964
4 0.377505 0.444335 0.08363000000000004 0.03125
4 0.27444 0.446285 0.08480000000000001 0.03125
4 0.076563 0.449705 0.082454 0.030269999999999964
4 0.481155 0.436035 0.09305000000000002 0.03222999999999998
4 0.48056499999999996 0.519045 0.11070999999999998 0.04784999999999995
4 0.37749999999999995 0.6015600000000001 0.08598 0.02734000000000003
4 0.27444 0.6025400000000001 0.08480000000000001 0.02734000000000003
4 0.585985 0.600585 0.08599000000000001 0.027349999999999985
4 0.68728 0.59961 0.08597999999999995 0.02734000000000003
4 0.892225 0.59863 0.08599000000000001 0.02733999999999992
4 0.073617 0.6025400000000001 0.085986 0.02734000000000003
4 0.17079 0.521485 0.10599999999999998 0.044930000000000025
4 0.173145 0.438475 0.09423000000000001 0.035150000000000015
4 0.78563 0.43457 0.09422000000000008 0.03515999999999997
4 0.78799 0.520995 0.11072000000000004 0.04784999999999995
4 0.469375 0.6762699999999999 0.11661000000000005 0.030279999999999974
5 0.075383 0.352055 0.080094 0.014649999999999996
5 0.284455 0.351075 0.08126999999999998 0.014649999999999996
5 0.17668 0.35009500000000005 0.0801 0.014649999999999996
5 0.381035 0.349125 0.08127000000000001 0.014649999999999996
5 0.48292 0.347165 0.08010000000000006 0.014650000000000052
5 0.585985 0.347165 0.08126999999999995 0.014650000000000052
5 0.68728 0.347165 0.08128000000000002 0.014650000000000052
5 0.7956449999999999 0.35009500000000005 0.08127000000000006 0.014649999999999996
5 0.886925 0.351075 0.08009 0.014649999999999996
6 0.88516 0.851075 0.0482999999999999 0.014650000000000052
6 0.78622 0.852055 0.04830000000000001 0.014650000000000052
6 0.684925 0.85254 0.048289999999999944 0.015619999999999967
6 0.581275 0.8530249999999999 0.048289999999999944 0.01464999999999994
6 0.47997500000000004 0.8530249999999999 0.04829 0.01464999999999994
6 0.377505 0.8530249999999999 0.04829 0.01464999999999994
6 0.280915 0.8530249999999999 0.04829 0.01464999999999994
6 0.183155 0.85254 0.04829 0.015619999999999967
6 0.087752 0.853515 0.048296000000000006 0.015630000000000033
6 0.077737 0.77637 0.08244599999999999 0.03320000000000001
6 0.17255500000000001 0.7783199999999999 0.08126999999999998 0.03320000000000001
6 0.272085 0.777345 0.08244999999999997 0.03321000000000007
6 0.37455499999999997 0.780275 0.08244999999999997 0.03321000000000007
6 0.477035 0.7783199999999999 0.08245000000000008 0.03320000000000001
6 0.5795049999999999 0.77881 0.08245000000000002 0.0341800000000001
6 0.683155 0.7758799999999999 0.08245000000000002 0.03417999999999999
6 0.782095 0.77637 0.08245000000000002 0.03320000000000001
6 0.886335 0.777345 0.08126999999999995 0.03321000000000007
6 0.89046 0.677735 0.054180000000000006 0.017569999999999975
6 0.78975 0.677735 0.055359999999999965 0.017569999999999975
6 0.6902200000000001 0.6792 0.054180000000000006 0.01856000000000002
6 0.5912850000000001 0.675785 0.10364999999999991 0.019530000000000047
6 0.368665 0.679685 0.10364999999999996 0.019530000000000047
6 0.27620500000000003 0.6811499999999999 0.06007000000000001 0.01660000000000006
6 0.176675 0.68018 0.05889 0.016599999999999948
6 0.080094 0.683595 0.058892 0.01562999999999992
6 0.171965 0.603515 0.08481 0.044930000000000025
6 0.47879499999999997 0.6025400000000001 0.08363000000000004 0.04491999999999996
6 0.789755 0.59863 0.08362999999999998 0.04492000000000007
6 0.888695 0.52051 0.08362999999999998 0.04491999999999996
6 0.683155 0.5175799999999999 0.08480999999999994 0.04491999999999996
6 0.585395 0.51953 0.08481000000000005 0.04491999999999996
6 0.37927 0.521485 0.08479999999999999 0.044930000000000025
6 0.273265 0.523925 0.08481 0.043950000000000045
6 0.073616 0.521485 0.08362800000000001 0.044930000000000025
6 0.88575 0.19629000000000002 0.07774000000000003 0.03906000000000001
6 0.79034 0.19629000000000002 0.07774000000000003 0.03906000000000001
6 0.68669 0.19482 0.07774000000000003 0.04003999999999999
6 0.58657 0.19385000000000002 0.07774000000000003 0.04003999999999999
6 0.48528 0.19238 0.07774000000000003 0.039059999999999984
6 0.37809000000000004 0.19091999999999998 0.07773999999999998 0.04003999999999999
6 0.27915 0.19091999999999998 0.07774000000000003 0.04003999999999999
6 0.17786000000000002 0.194335 0.07774 0.039069999999999994
6 0.074203 0.194335 0.077734 0.039069999999999994
8 0.0318025 0.30029 0.040047 0.05176000000000003
8 0.1089495 0.296875 0.02944100000000001 0.05079
8 0.138395 0.29785 0.029450000000000004 0.05078000000000005
8 0.20965499999999998 0.29491999999999996 0.02826999999999999 0.05077999999999999
8 0.23733500000000002 0.293945 0.029450000000000004 0.05079
8 0.30801 0.293945 0.02944000000000002 0.05079
8 0.339225 0.2959 0.028270000000000017 0.05078000000000005
8 0.414015 0.29491999999999996 0.02945000000000003 0.05077999999999999
8 0.43933999999999995 0.29296999999999995 0.028260000000000007 0.05077999999999999
8 0.51649 0.29346 0.02943999999999991 0.05176000000000003
8 0.5459350000000001 0.29296999999999995 0.029450000000000087 0.05077999999999999
8 0.6248549999999999 0.29491999999999996 0.029450000000000087 0.05077999999999999
8 0.65371 0.29491999999999996 0.028259999999999952 0.05077999999999999
8 0.7202599999999999 0.29491999999999996 0.02944000000000002 0.05077999999999999
8 0.748525 0.29346 0.029449999999999976 0.05176000000000003
8 0.8298000000000001 0.29736 0.02944000000000002 0.05176000000000003
8 0.858655 0.29785 0.028269999999999906 0.05078000000000005
8 0.931095 0.29736 0.029449999999999976 0.05176000000000003
8 0.9729099999999999 0.30078000000000005 0.01884000000000008 0.05077999999999999
8 0.0712605 0.2915 0.024734999999999993 0.03417999999999999
8 0.173145 0.28906 0.02590999999999999 0.035160000000000025
8 0.27149500000000004 0.288085 0.024729999999999974 0.035150000000000015
8 0.378095 0.28467 0.02590999999999999 0.03417999999999999
8 0.48233 0.28271 0.024739999999999984 0.03417999999999999
8 0.58363 0.28271 0.024739999999999984 0.03417999999999999
8 0.688455 0.2832 0.02473000000000003 0.03515999999999997
8 0.78504 0.28711 0.024739999999999984 0.035160000000000025
8 0.88516 0.28955 0.024740000000000095 0.034180000000000044
8 0.47939 0.7050799999999999 0.03298000000000001 0.01758000000000004
8 0.37691 0.70703 0.03298000000000001 0.01758000000000004
8 0.17491 0.7050799999999999 0.031799999999999995 0.01758000000000004
8 0.58422 0.7050799999999999 0.03298000000000001 0.01758000000000004
8 0.78916 0.7041 0.03298000000000001 0.01758000000000004
8 0.13663 0.705565 0.023559999999999984 0.018550000000000066
8 0.21142499999999997 0.7041 0.024730000000000002 0.01758000000000004
9 0.496466 0.124022 0.962308 0.06835600000000001
9 0.49411299999999997 0.2793 0.962314 0.06835999999999998
9 0.498823 0.70703 0.959954 0.04491999999999996
9 0.4917545 0.86719 0.959951 0.04492000000000007
10 0.43345 0.947265 0.018839999999999968 0.09765000000000001
10 0.23734 0.946775 0.020019999999999982 0.09863
10 0.63192 0.94922 0.020020000000000038 0.09765999999999997
10 0.832155 0.944825 0.020029999999999992 0.09863
10 0.23557 0.890135 0.02592 0.014650000000000052
10 0.43404 0.8916 0.024739999999999984 0.015620000000000078
10 0.63133 0.894045 0.025920000000000054 0.014650000000000052
10 0.833925 0.888185 0.02590999999999999 0.014650000000000052
11 0.139578 0.924805 0.175504 0.07227000000000006
11 0.34040000000000004 0.927735 0.17431999999999997 0.07227000000000006
11 0.535925 0.92871 0.17433000000000004 0.07225999999999999
11 0.73498 0.92578 0.17432000000000003 0.07225999999999999
11 0.9022399999999999 0.9248000000000001 0.11072000000000004 0.06836000000000009
9 0.49293145 0.049805 0.9670171 0.044922
8 0.48233000000000004 0.041504 0.02238000000000001 0.030273999999999995
8 0.27620999999999996 0.0444335 0.02238000000000001 0.030272999999999998
8 0.6855100000000001 0.04834000000000001 0.023559999999999914 0.030274000000000002
8 0.7874 0.045898499999999995 0.022380000000000067 0.029296999999999997
8 0.88869 0.052734500000000004 0.022380000000000067 0.029296999999999997
8 0.18080000000000002 0.0449215 0.022379999999999983 0.029296999999999997
8 0.08068349999999999 0.0449215 0.022378999999999996 0.029296999999999997
8 0.5883400000000001 0.046387 0.022379999999999955 0.024413999999999998
8 0.38456999999999997 0.046387 0.02238000000000001 0.024413999999999998
