1 0.50000115 0.5004881 0.9978377 0.9931638
2 0.5 0.134275 0.054119999999999946 0.047850000000000004
2 0.5589850000000001 0.135255 0.05303000000000002 0.04784999999999999
2 0.438855 0.135255 0.05303000000000002 0.04784999999999999
2 0.561145 0.23584 0.05302999999999991 0.047860000000000014
2 0.500545 0.234865 0.053029999999999966 0.04785000000000003
2 0.43939 0.23535499999999998 0.047619999999999996 0.04883000000000001
2 0.564395 0.333985 0.05303000000000002 0.04297000000000001
2 0.503785 0.333005 0.053029999999999966 0.04297000000000001
2 0.438315 0.33203499999999997 0.051949999999999996 0.04297000000000001
2 0.436685 0.43555 0.05303000000000002 0.056640000000000024
2 0.500545 0.43555 0.053029999999999966 0.056640000000000024
2 0.562225 0.436035 0.05303000000000002 0.05567
2 0.56277 0.54834 0.051939999999999986 0.06151999999999991
2 0.49946 0.5488249999999999 0.05085999999999996 0.06054999999999999
2 0.43723 0.54834 0.051939999999999986 0.06151999999999991
2 0.56277 0.666995 0.049779999999999935 0.06445000000000001
2 0.49892000000000003 0.666995 0.04977999999999999 0.06445000000000001
2 0.43615000000000004 0.666995 0.04977999999999999 0.06445000000000001
2 0.72944 0.236815 0.09523999999999999 0.05761000000000002
2 0.728895 0.13623000000000002 0.09199000000000002 0.05176
2 0.273265 0.13477 0.09198999999999999 0.05077999999999999
2 0.272185 0.23779 0.08767000000000003 0.057620000000000005
2 0.27381 0.34424 0.051939999999999986 0.06152000000000002
2 0.72619 0.34424 0.0519400000000001 0.06152000000000002
2 0.73106 0.44727 0.05520000000000003 0.07421999999999995
2 0.27002 0.44677999999999995 0.0552 0.07519999999999999
2 0.27110500000000004 0.561035 0.05519000000000002 0.08496999999999999
2 0.7299800000000001 0.55908 0.05520000000000003 0.08496000000000004
2 0.7272700000000001 0.678225 0.05628 0.08887
2 0.26731499999999997 0.6792 0.05626999999999999 0.08886000000000005
2 0.27002 0.7905249999999999 0.04654 0.06542999999999999
2 0.7283550000000001 0.788575 0.04761000000000004 0.06542999999999999
2 0.920455 0.79199 0.024889999999999968 0.0625
2 0.082251 0.79395 0.025973999999999997 0.0625
2 0.33225000000000005 0.0405275 0.04111999999999999 0.028321
2 0.37987000000000004 0.039551 0.04111999999999999 0.02832
2 0.430195 0.0405275 0.04220999999999997 0.028321
2 0.477275 0.039551 0.043289999999999995 0.02832
2 0.527595 0.039551 0.04437000000000002 0.02832
2 0.5735950000000001 0.0390625 0.04328999999999994 0.029297
2 0.064394 0.09228599999999999 0.035714 0.094728
2 0.06385300000000001 0.194825 0.034632 0.09472999999999998
2 0.1060625 0.103027 0.034635 0.094726
2 0.104976 0.20751999999999998 0.03462799999999999 0.09472
2 0.13961 0.11767449999999999 0.02164000000000002 0.086911
2 0.13745 0.22119 0.019479999999999997 0.09082000000000001
2 0.028139 0.09618900000000001 0.025974000000000004 0.094722
2 0.025974 0.197265 0.025974000000000004 0.09375
2 0.9269499999999999 0.094236 0.035720000000000085 0.09276799999999999
2 0.96537 0.09521400000000001 0.030299999999999994 0.092772
2 0.96645 0.19775500000000001 0.030299999999999994 0.09276999999999999
2 0.9307350000000001 0.200195 0.03678999999999999 0.09375
2 0.89123 0.20752 0.029220000000000024 0.10254000000000002
2 0.88907 0.1059585 0.029220000000000024 0.09082300000000001
2 0.862555 0.1235375 0.015149999999999997 0.09668500000000001
2 0.863095 0.22607 0.016230000000000078 0.09082000000000001
2 0.064394 0.313965 0.035714 0.06347000000000003
2 0.103356 0.323245 0.031388 0.07227
2 0.030844000000000003 0.316405 0.027056 0.06054999999999999
2 0.1342 0.33789 0.01948000000000001 0.06836000000000003
2 0.13149 0.44238500000000003 0.018400000000000014 0.07812999999999998
2 0.101189 0.43164 0.03138199999999999 0.07226000000000005
2 0.06277100000000001 0.42285 0.034632 0.07811999999999997
2 0.0281385 0.427245 0.028139000000000004 0.07715
2 0.06060600000000001 0.540035 0.034632 0.08202999999999994
2 0.1006515 0.5459 0.034637 0.08594000000000002
2 0.12987 0.555665 0.01948000000000001 0.07813000000000003
2 0.024892 0.541505 0.028138000000000003 0.07715000000000005
2 0.05952350000000001 0.665525 0.038961 0.09277000000000002
2 0.024351 0.6650400000000001 0.024892000000000004 0.08984000000000003
2 0.1006515 0.669435 0.034637 0.09277000000000002
2 0.12879 0.67432 0.019479999999999983 0.09082000000000001
2 0.9329000000000001 0.31348 0.032460000000000044 0.06836000000000003
2 0.96753 0.31787 0.028140000000000054 0.06738
2 0.89394 0.32177500000000003 0.032460000000000044 0.07129000000000002
2 0.8658 0.33691499999999996 0.017320000000000002 0.07031000000000004
2 0.968075 0.42383000000000004 0.02705000000000002 0.07812000000000002
2 0.9339850000000001 0.421875 0.03463000000000005 0.07616999999999996
2 0.896645 0.4292 0.03139000000000003 0.0791
2 0.867425 0.439455 0.018389999999999906 0.07030999999999998
2 0.87067 0.552245 0.01623999999999992 0.08691000000000004
2 0.896645 0.5424800000000001 0.03139000000000003 0.07910000000000006
2 0.93669 0.540035 0.035719999999999974 0.08202999999999994
2 0.97132 0.5415000000000001 0.024900000000000033 0.08496000000000004
2 0.93723 0.66162 0.036799999999999944 0.08885999999999994
2 0.89881 0.66699 0.029220000000000024 0.08984000000000003
2 0.871215 0.675295 0.015149999999999997 0.08691000000000004
2 0.971865 0.663085 0.023809999999999998 0.09179000000000004
3 0.50108 0.93115 0.10821999999999998 0.11816000000000004
5 0.436145 0.369145 0.05410999999999999 0.03125
5 0.501085 0.370115 0.05411000000000005 0.03125
5 0.563315 0.371095 0.05302999999999991 0.03125
5 0.562225 0.47997999999999996 0.05303000000000002 0.03221999999999997
5 0.49945500000000004 0.480465 0.05303000000000002 0.03125
5 0.436145 0.480465 0.05410999999999999 0.03125
5 0.562225 0.595705 0.05303000000000002 0.03125
5 0.5 0.595705 0.054119999999999946 0.03125
5 0.435605 0.595705 0.053029999999999966 0.03125
5 0.56277 0.717775 0.054119999999999946 0.03125
5 0.498915 0.717775 0.05411000000000005 0.03125
5 0.435605 0.717775 0.053029999999999966 0.03125
2 0.563855 0.78516 0.03247 0.056640000000000024
2 0.437775 0.7856449999999999 0.033550000000000024 0.05957000000000001
6 0.27381 0.16064499999999998 0.14286 0.06543000000000002
6 0.7305200000000001 0.16064499999999998 0.1428600000000001 0.06543000000000002
6 0.732685 0.260255 0.14285000000000003 0.06543000000000002
6 0.27056 0.262695 0.14286000000000001 0.06641
6 0.27056 0.368165 0.14286000000000001 0.06054999999999999
6 0.26731499999999997 0.475585 0.14284999999999998 0.06054999999999999
6 0.72727 0.3667 0.14286 0.061519999999999964
6 0.72944 0.47412 0.14286 0.06152000000000002
6 0.26407 0.59131 0.14286000000000001 0.06152000000000002
6 0.26407 0.714845 0.14286000000000001 0.06054999999999999
6 0.733765 0.59131 0.14284999999999992 0.06152000000000002
6 0.7316 0.70996 0.14286 0.06054000000000004
6 0.233765 0.0488285 0.13637 0.046875
6 0.727275 0.052734 0.2380899999999999 0.044922
6 0.06764300000000001 0.019531200000000002 0.10065400000000001 0.027343600000000003
6 0.937775 0.019531200000000002 0.10065000000000002 0.027343600000000003
7 0.512985 0.4375 0.023809999999999998 0.048819999999999975
7 0.48755499999999996 0.4375 0.024890000000000023 0.048819999999999975
7 0.488095 0.549315 0.023809999999999998 0.05760999999999994
7 0.511905 0.549315 0.023809999999999998 0.05760999999999994
7 0.488095 0.66748 0.023809999999999998 0.06152000000000002
7 0.511905 0.66748 0.021650000000000058 0.06152000000000002
7 0.550325 0.66797 0.022730000000000028 0.0625
7 0.574675 0.66748 0.021650000000000058 0.06152000000000002
7 0.513525 0.33447499999999997 0.02489000000000008 0.03809000000000001
7 0.49026 0.33447499999999997 0.021639999999999993 0.03809000000000001
7 0.29762 0.13574 0.041120000000000045 0.04492
7 0.25433 0.13574 0.04112000000000002 0.04492
7 0.7061649999999999 0.136715 0.04220999999999997 0.04883
7 0.75 0.13623 0.041120000000000045 0.04786
7 0.32197 0.22900500000000001 0.024899999999999978 0.06933
7 0.252705 0.239745 0.04437000000000002 0.05175000000000002
7 0.780845 0.231935 0.022729999999999917 0.06347000000000003
7 0.704 0.231445 0.037880000000000025 0.06835000000000002
7 0.237015 0.342285 0.015149999999999997 0.06542999999999999
7 0.28734 0.34375 0.020560000000000023 0.06054000000000004
7 0.761365 0.34130499999999997 0.014070000000000027 0.06543000000000004
7 0.69372 0.34033 0.010820000000000052 0.06348000000000004
7 0.41396 0.43310499999999996 0.009739999999999971 0.05175000000000002
7 0.765695 0.44433999999999996 0.011909999999999976 0.07422000000000001
7 0.69643 0.44433999999999996 0.011900000000000022 0.07422000000000001
7 0.6953499999999999 0.555175 0.009739999999999971 0.07911000000000001
7 0.765155 0.55664 0.012989999999999946 0.08008000000000004
7 0.25054 0.56055 0.009740000000000026 0.08007999999999993
7 0.29167 0.56006 0.009740000000000026 0.08105999999999991
7 0.23106 0.6772499999999999 0.011899999999999994 0.09082000000000001
7 0.304655 0.6787099999999999 0.011909999999999976 0.08984000000000003
7 0.6942649999999999 0.67676 0.011909999999999976 0.09179999999999999
7 0.74405 0.677735 0.02055999999999991 0.08789000000000002
7 0.05573600000000001 0.7949250000000001 0.020562000000000004 0.06054999999999999
7 0.101734 0.79248 0.012992000000000004 0.06152000000000002
7 0.24188500000000002 0.791015 0.016229999999999994 0.06640999999999997
7 0.299245 0.788575 0.016230000000000022 0.06347000000000003
7 0.695345 0.7890649999999999 0.016229999999999967 0.06640999999999997
7 0.7629900000000001 0.7876 0.019480000000000053 0.06347999999999998
7 0.89935 0.788575 0.015160000000000062 0.05957000000000001
7 0.945345 0.791015 0.02489000000000008 0.05859000000000003
8 0.18993500000000002 0.30713 0.053029999999999994 0.032220000000000026
8 0.35606000000000004 0.30664 0.05412 0.03320000000000001
8 0.811145 0.305175 0.05302999999999991 0.032230000000000036
8 0.6461049999999999 0.305665 0.05195000000000005 0.03125
6 0.17640675 0.848635 0.33982650000000003 0.06054999999999999
6 0.829545 0.84717 0.33441 0.057620000000000005
8 0.501625 0.80078 0.09414999999999996 0.08398000000000005
9 0.50379 0.291015 0.70238 0.03514999999999996
9 0.5092 0.083983 0.70238 0.03515399999999999
11 0.083874 0.93799 0.06385199999999999 0.10840000000000005
11 0.266235 0.938965 0.08440999999999999 0.11035000000000006
11 0.728355 0.9375 0.09741 0.10742000000000007
11 0.915585 0.934085 0.07793000000000005 0.10449000000000008
