1 0.47217 0.5061065 0.62012 0.816827
2 0.08301 0.3806 0.04102 0.08548
2 0.22314 0.22999 0.04003999999999999 0.09361999999999998
2 0.305665 0.22999 0.04100999999999999 0.09361999999999998
2 0.387695 0.22999 0.04100999999999999 0.09361999999999998
2 0.47168 0.230665 0.04102 0.09226999999999999
2 0.55518 0.23134 0.040040000000000076 0.09362000000000001
2 0.640625 0.229985 0.04100999999999999 0.09633
2 0.72217 0.22863 0.040039999999999965 0.09633999999999998
2 0.22411999999999999 0.40908999999999995 0.04003999999999999 0.10176000000000002
2 0.30615000000000003 0.40841 0.04004000000000002 0.10311999999999999
2 0.38866999999999996 0.407735 0.04102 0.10177000000000003
2 0.47168 0.407735 0.04102 0.10177000000000003
2 0.55469 0.40908999999999995 0.041020000000000056 0.10176000000000002
2 0.6401399999999999 0.40637999999999996 0.040039999999999965 0.10176000000000002
2 0.722655 0.407735 0.04100999999999999 0.10177000000000003
2 0.22363 0.6078699999999999 0.04102 0.10311999999999999
2 0.305665 0.60719 0.04100999999999999 0.1044799999999999
2 0.387695 0.6092299999999999 0.04100999999999999 0.10311999999999999
2 0.47168 0.6099049999999999 0.04102 0.10446999999999995
2 0.5542 0.6105799999999999 0.040039999999999965 0.10311999999999999
2 0.6386700000000001 0.6085499999999999 0.041019999999999945 0.10448000000000002
2 0.72168 0.6085499999999999 0.041020000000000056 0.10448000000000002
2 0.0859365 0.5651299999999999 0.048827 0.09633999999999998
3 0.38866999999999996 0.81818 0.044920000000000015 0.14382000000000006
3 0.63721 0.81886 0.04589999999999994 0.14246000000000003
4 0.223145 0.34057 0.06739 0.029859999999999998
4 0.30810499999999996 0.33921500000000004 0.06739 0.029849999999999988
4 0.39014 0.34125 0.06738 0.02849999999999997
4 0.473145 0.34125 0.06738999999999995 0.02849999999999997
4 0.55615 0.34057 0.06738 0.029859999999999998
4 0.64209 0.337855 0.06738 0.029849999999999988
4 0.72412 0.337855 0.06738 0.029849999999999988
4 0.081056 0.305295 0.066408 0.029849999999999988
4 0.08203250000000001 0.32767999999999997 0.064455 0.017640000000000045
4 0.0859355 0.502715 0.07030900000000001 0.02306999999999998
4 0.08544750000000001 0.472185 0.071285 0.03256999999999999
4 0.22314499999999998 0.53935 0.07910999999999999 0.025779999999999914
4 0.30615000000000003 0.54071 0.0791 0.025780000000000025
4 0.38965 0.54071 0.08008000000000004 0.025780000000000025
4 0.47168 0.541385 0.08007999999999993 0.024429999999999952
4 0.55664 0.53935 0.08008000000000004 0.025779999999999914
4 0.6386700000000001 0.53935 0.08008000000000004 0.025779999999999914
4 0.72412 0.53935 0.07909999999999995 0.025779999999999914
5 0.222655 0.285615 0.06640999999999997 0.028490000000000015
5 0.306155 0.28833 0.06542999999999999 0.028500000000000025
5 0.390135 0.285615 0.06542999999999999 0.028490000000000015
5 0.473635 0.286975 0.06640999999999997 0.028490000000000015
5 0.55664 0.28833 0.06640000000000001 0.028500000000000025
5 0.640625 0.28629499999999997 0.06641000000000008 0.027130000000000043
5 0.72461 0.28358 0.06640000000000001 0.027140000000000053
5 0.225095 0.473545 0.06542999999999999 0.029849999999999988
5 0.30566499999999996 0.473545 0.06641000000000002 0.029849999999999988
5 0.38965 0.472865 0.06640000000000001 0.031210000000000016
5 0.473635 0.473545 0.06640999999999997 0.029849999999999988
5 0.5546850000000001 0.473545 0.06640999999999997 0.029849999999999988
5 0.6416 0.47218499999999997 0.0663999999999999 0.029849999999999988
5 0.722655 0.47082500000000005 0.06640999999999997 0.029849999999999988
5 0.082032 0.43894 0.058595999999999995 0.042059999999999986
5 0.085447 0.634325 0.065426 0.04749000000000003
8 0.14453 0.28358 0.02343999999999999 0.04069999999999996
9 0.47461 0.139755 0.6113200000000001 0.07326999999999999
9 0.475095 0.495255 0.58105 0.029849999999999988
9 0.47217 0.681135 0.6084 0.021710000000000007
10 0.14599499999999999 0.481685 0.026369999999999977 0.29850999999999994
10 0.14501999999999998 0.644505 0.03028 0.0271300000000001
10 0.14453 0.316825 0.03320000000000001 0.031210000000000016
11 0.0825195 0.78901 0.09082099999999999 0.21846
11 0.2251 0.808685 0.05175999999999997 0.13297000000000003
11 0.30615000000000003 0.809365 0.05175999999999997 0.13433000000000006
11 0.47265500000000005 0.808685 0.05273 0.13297000000000003
11 0.5542 0.808685 0.05176000000000003 0.13297000000000003
11 0.71826 0.808685 0.05176000000000003 0.13297000000000003
11 0.429685 0.82361 0.025389999999999968 0.08955999999999997
