1 0.5026195 0.44751620000000003 0.851661 0.8895076
2 0.517455 0.1201665 0.029670000000000085 0.07458699999999999
2 0.5610850000000001 0.118785 0.029669999999999974 0.07734999999999999
2 0.602965 0.11740500000000001 0.029669999999999974 0.07459
2 0.517455 0.292815 0.029670000000000085 0.07735000000000003
2 0.5610850000000001 0.291435 0.029669999999999974 0.07459000000000005
2 0.604715 0.288675 0.029670000000000085 0.07458999999999999
2 0.517455 0.46408499999999997 0.029670000000000085 0.07734999999999997
2 0.5610850000000001 0.46547 0.029669999999999974 0.07457999999999998
2 0.604715 0.46547 0.029670000000000085 0.07457999999999998
2 0.5191950000000001 0.6326 0.029669999999999974 0.07182
2 0.5610850000000001 0.6326 0.029669999999999974 0.07182
2 0.602965 0.6326 0.029669999999999974 0.07182
2 0.41885 0.468235 0.048860000000000015 0.08011000000000001
2 0.417975 0.29696500000000003 0.05060999999999999 0.08010999999999996
2 0.420595 0.1256925 0.04886999999999997 0.080115
2 0.41885 0.639505 0.048860000000000015 0.08011000000000001
2 0.712915 0.46685 0.07852999999999999 0.08288000000000001
2 0.7068049999999999 0.292815 0.07679000000000002 0.08287
2 0.708555 0.1243115 0.07679000000000002 0.082877
2 0.71204 0.6616 0.07329999999999992 0.11878
2 0.301915 0.636745 0.09075 0.0801099999999999
2 0.18063 0.656075 0.0925 0.12431000000000003
2 0.17452 0.49033 0.09076000000000001 0.11326000000000003
2 0.17714000000000002 0.31906 0.0925 0.11878
2 0.2993 0.31768 0.08899999999999997 0.11602000000000001
2 0.29668500000000003 0.142264 0.09773000000000001 0.107732
2 0.172775 0.143645 0.08376999999999998 0.10497
2 0.84555 0.627075 0.09597999999999995 0.05524999999999991
2 0.847295 0.486185 0.09946999999999995 0.12154999999999999
2 0.8481650000000001 0.309395 0.09075 0.12154999999999999
2 0.8499099999999999 0.13950400000000002 0.09423999999999999 0.102212
3 0.42669999999999997 0.823205 0.08900000000000002 0.13258999999999999
3 0.320245 0.823205 0.08901000000000003 0.13258999999999999
3 0.21553 0.823205 0.089 0.13258999999999999
3 0.5401400000000001 0.823205 0.08900000000000002 0.13258999999999999
3 0.646595 0.8204400000000001 0.08901000000000003 0.13259999999999994
3 0.756545 0.823205 0.08901000000000003 0.13258999999999999
3 0.11692949999999999 0.823205 0.07330099999999999 0.13258999999999999
5 0.5610850000000001 0.16022 0.13787000000000005 0.02210000000000001
5 0.559335 0.32873 0.13787 0.02210000000000001
5 0.561955 0.50276 0.13613000000000003 0.02210000000000001
5 0.561955 0.67403 0.13613000000000003 0.02210000000000001
6 0.2233875 0.1837 0.268765 0.10774
6 0.2233875 0.360495 0.268765 0.10772999999999999
6 0.22513 0.53453 0.26876 0.10774000000000006
6 0.8446750000000001 0.17541 0.13262999999999991 0.11326
6 0.84642 0.35221 0.13263999999999998 0.11325999999999997
6 0.8446750000000001 0.53315 0.12915 0.09392
6 0.5034895 0.69337 0.846421 0.08287999999999995
7 0.457245 0.12293000000000001 0.024430000000000007 0.08564000000000001
7 0.3822 0.12431 0.024440000000000017 0.08839999999999999
7 0.45637 0.46823000000000004 0.02617999999999998 0.08564
7 0.380455 0.46409 0.024430000000000007 0.08840000000000003
7 0.40576 0.29696 0.022680000000000033 0.07457999999999998
7 0.430195 0.29696 0.022689999999999988 0.07457999999999998
7 0.407505 0.639505 0.022689999999999988 0.07458999999999993
7 0.430195 0.638125 0.022689999999999988 0.07734999999999992
7 0.6841200000000001 0.12430750000000002 0.024439999999999906 0.07734500000000001
7 0.710295 0.12430750000000002 0.024429999999999952 0.07734500000000001
7 0.7356050000000001 0.12430750000000002 0.022689999999999988 0.07734500000000001
7 0.65881 0.291435 0.026180000000000092 0.08562999999999998
7 0.71117 0.292815 0.022680000000000033 0.07735000000000003
7 0.732985 0.294195 0.020950000000000024 0.08011000000000001
7 0.66143 0.46547000000000005 0.027920000000000056 0.08564
7 0.760035 0.46408499999999997 0.026170000000000027 0.08286999999999994
7 0.6596850000000001 0.656075 0.024430000000000063 0.12983
7 0.759165 0.65884 0.024429999999999952 0.12983999999999996
9 0.5061100000000001 0.04281765 0.8377 0.0690607
9 0.501747 0.7306600000000001 0.846426 0.04696
