1 0.531824 0.45643894999999995 0.930692 0.9053021
2 0.321075 0.138259 0.09619 0.162882
2 0.321075 0.35038 0.09619 0.16287999999999997
2 0.31966 0.563445 0.09618000000000004 0.16098999999999997
2 0.885435 0.20644 0.07921 0.14772
2 0.695895 0.19981 0.07921 0.14583999999999997
2 0.49787499999999996 0.19697 0.07920999999999995 0.14772000000000002
2 0.49929500000000004 0.38636499999999996 0.07921000000000006 0.14772999999999997
2 0.695895 0.3911 0.07921 0.14583999999999997
2 0.884015 0.395835 0.07921 0.14773000000000003
2 0.884015 0.58144 0.07921 0.14771999999999996
2 0.695895 0.5823849999999999 0.07921 0.14583000000000002
2 0.49859000000000003 0.58239 0.08628000000000002 0.14961999999999998
2 0.247525 0.104169 0.03110999999999997 0.09470199999999998
2 0.24894 0.3125 0.03112000000000001 0.0947
2 0.24894 0.5265150000000001 0.03112000000000001 0.09469000000000005
2 0.173975 0.545455 0.07072999999999999 0.08333000000000002
2 0.17468 0.348485 0.06647999999999998 0.07574999999999998
2 0.17609999999999998 0.14488499999999999 0.06648000000000001 0.051129999999999995
2 0.79491 0.36268999999999996 0.08204 0.08144000000000001
2 0.797735 0.17235 0.08487 0.08334
2 0.79915 0.55114 0.08204 0.08711999999999998
2 0.60467 0.55019 0.08628000000000002 0.08521999999999996
2 0.605375 0.35606 0.08769000000000005 0.08711999999999998
2 0.603255 0.166665 0.08345000000000002 0.07955000000000001
2 0.41867 0.161935 0.06506 0.07765
2 0.41725500000000004 0.357005 0.06507000000000002 0.07765
2 0.41584 0.548295 0.06506 0.07765
2 0.176805 0.73769 0.06789 0.08144000000000007
2 0.285715 0.741475 0.11314999999999997 0.07765
2 0.40665 0.742425 0.08628000000000002 0.07955000000000001
2 0.500705 0.742425 0.08768999999999999 0.07955000000000001
2 0.60396 0.74053 0.0877 0.07953999999999994
2 0.694485 0.73958 0.08769000000000005 0.08143999999999996
2 0.794205 0.738635 0.08344999999999991 0.07955000000000001
2 0.881185 0.73769 0.07921 0.07765999999999995
6 0.1499285 0.41856 0.16124300000000003 0.125
6 0.1499285 0.625 0.16124300000000003 0.125
6 0.1506355 0.20455 0.159829 0.125
6 0.96747 0.26893999999999996 0.056579999999999964 0.10227999999999998
6 0.966055 0.45644 0.05657000000000001 0.10228000000000004
6 0.96747 0.642045 0.056579999999999964 0.10226999999999997
7 0.249645 0.52557 0.029710000000000014 0.0928
7 0.31966 0.5625 0.09052000000000004 0.1553
7 0.49929 0.38636000000000004 0.07637999999999995 0.14394
7 0.417255 0.354165 0.06223000000000001 0.07955000000000001
7 0.417255 0.54924 0.06223000000000001 0.07575999999999994
7 0.603255 0.16477 0.07779000000000003 0.07576
7 0.606085 0.35701 0.08345000000000002 0.08143999999999996
7 0.49717 0.196025 0.07495999999999997 0.14205
7 0.69519 0.19981 0.07496000000000003 0.14204000000000003
7 0.7963199999999999 0.17235 0.08204 0.07954
7 0.885435 0.14678000000000002 0.07355 0.020839999999999997
7 0.49929500000000004 0.5833349999999999 0.08487000000000006 0.14773000000000003
7 0.60467 0.55019 0.08062000000000002 0.07765999999999995
7 0.69519 0.58144 0.07496000000000003 0.14015999999999995
7 0.79915 0.551135 0.07638 0.07955000000000001
7 0.884015 0.58144 0.07355 0.14015999999999995
7 0.8811899999999999 0.73769 0.07638 0.07385999999999993
7 0.7942 0.73864 0.08062000000000002 0.07575999999999994
7 0.6937800000000001 0.74053 0.08062000000000002 0.07576000000000005
7 0.60396 0.741475 0.08204 0.07765
7 0.49858500000000006 0.74432 0.08063000000000003 0.07576000000000005
7 0.405235 0.743375 0.08345000000000002 0.07765
7 0.28642 0.74148 0.11173999999999998 0.07386000000000004
7 0.176805 0.73769 0.06506999999999999 0.07765999999999995
