1 0.56267 0.5200295 0.7771600000000001 0.951661
2 0.279945 0.1132585 0.06963 0.07458299999999998
2 0.532035 0.11532999999999999 0.09748999999999997 0.07043999999999999
2 0.807105 0.485495 0.08216999999999997 0.10635
2 0.807795 0.675415 0.07521 0.11048999999999998
2 0.807105 0.30456 0.06825000000000003 0.09253999999999996
2 0.28551499999999996 0.29696 0.06685000000000002 0.08564000000000005
2 0.28134 0.47652000000000005 0.06964000000000001 0.10774
2 0.27507 0.6685099999999999 0.07381999999999997 0.11326000000000003
2 0.11768999999999999 0.665055 0.07381999999999998 0.10910999999999993
2 0.1267395 0.47375500000000004 0.07242100000000001 0.10220999999999997
2 0.128134 0.29213 0.06685200000000001 0.08701999999999999
2 0.51671 0.29696 0.05014000000000002 0.09116000000000002
2 0.5766 0.29764999999999997 0.05014000000000007 0.08978000000000003
2 0.57521 0.49309500000000006 0.05014000000000007 0.14089000000000002
2 0.512535 0.49309500000000006 0.05012999999999995 0.14089000000000002
2 0.508355 0.6899150000000001 0.05292999999999998 0.15055000000000007
2 0.5696399999999999 0.6899150000000001 0.05291999999999997 0.15055000000000007
3 0.82521 0.883975 0.03760000000000008 0.14364999999999994
3 0.098189 0.894335 0.107242 0.19474999999999998
5 0.802925 0.547655 0.11839 0.031770000000000076
5 0.27088999999999996 0.540055 0.11837999999999999 0.03315000000000001
5 0.539695 0.5732 0.16294999999999998 0.02210000000000001
5 0.537605 0.77279 0.15877000000000002 0.023479999999999945
5 0.1169905 0.34392500000000004 0.11141899999999999 0.01657000000000003
5 0.11072599999999999 0.53315 0.118388 0.019340000000000024
7 0.22702 0.29489 0.033420000000000005 0.08978000000000003
7 0.33635000000000004 0.29489 0.03482000000000002 0.08978000000000003
7 0.461005 0.29558 0.05293000000000003 0.09116000000000002
7 0.629525 0.29834 0.05292999999999992 0.09392
7 0.7903899999999999 0.30387 0.03203999999999996 0.08839999999999998
7 0.824515 0.30387 0.03343000000000007 0.08839999999999998
7 0.74373 0.48066 0.038999999999999924 0.11049999999999999
7 0.86351 0.48204500000000006 0.038999999999999924 0.11049000000000003
7 0.627435 0.49516499999999997 0.051529999999999965 0.14502999999999994
7 0.45264499999999996 0.491715 0.05292999999999998 0.14640999999999998
7 0.21727000000000002 0.47514 0.03622 0.10774
7 0.33565500000000004 0.47514 0.03621000000000002 0.10774
7 0.211005 0.66782 0.04038999999999998 0.11187999999999998
7 0.33287 0.6698900000000001 0.039000000000000035 0.11326000000000003
7 0.865595 0.6754100000000001 0.040389999999999926 0.11326000000000003
7 0.745125 0.67403 0.03898999999999997 0.11050000000000004
7 0.56894 0.6899150000000001 0.048740000000000006 0.14778999999999998
7 0.509055 0.6899150000000001 0.04874999999999996 0.14778999999999998
8 0.5250699999999999 0.855665 0.04735999999999996 0.037290000000000045
8 0.19638 0.854285 0.03899999999999998 0.03453000000000006
8 0.8690800000000001 0.860495 0.04178000000000004 0.03315000000000001
9 0.564065 0.18301 0.76045 0.06767999999999999
9 0.566155 0.34807 0.75627 0.02210000000000001
9 0.561285 0.78453 0.76323 0.02210000000000001
11 0.36908 0.877765 0.26183999999999996 0.15054999999999996
11 0.688025 0.8832850000000001 0.20890999999999993 0.14227
11 0.906685 0.8163 0.05571000000000004 0.05247999999999997
