1 0.3281677 0.459 0.6509446 0.91
1 0.82682 0.459 0.34636 0.91
2 0.500675 0.277 0.04447000000000001 0.12600000000000003
2 0.6031 0.277 0.044479999999999964 0.12600000000000003
2 0.2783 0.273 0.044479999999999964 0.12600000000000003
2 0.276955 0.505 0.04447000000000001 0.12599999999999995
2 0.50135 0.505 0.04581999999999997 0.12599999999999995
2 0.605795 0.503 0.04447000000000001 0.12599999999999995
2 0.506065 0.736 0.047169999999999934 0.128
2 0.391505 0.736 0.04716999999999999 0.128
2 0.27964999999999995 0.7330000000000001 0.052559999999999996 0.13
2 0.81941 0.28099999999999997 0.04581999999999997 0.12599999999999997
2 0.82345 0.5 0.04581999999999997 0.12400000000000005
2 0.822775 0.724 0.04447000000000001 0.124
2 0.053234500000000004 0.271 0.036389000000000005 0.12600000000000003
2 0.101754 0.269 0.03639200000000001 0.12600000000000003
2 0.101754 0.497 0.03639200000000001 0.12600000000000006
2 0.051887 0.498 0.036388000000000004 0.12800000000000006
2 0.055256 0.7310000000000001 0.037736 0.134
2 0.103773 0.7330000000000001 0.037734000000000004 0.134
2 0.38139999999999996 0.047 0.035040000000000016 0.08199999999999999
2 0.50135 0.047 0.03504000000000007 0.08199999999999999
2 0.60377 0.049999999999999996 0.03503999999999996 0.08
2 0.28032 0.049 0.035040000000000016 0.08199999999999999
2 0.7068749999999999 0.056 0.03908999999999996 0.08
2 0.82075 0.061 0.03503999999999996 0.07800000000000001
2 0.9561999999999999 0.065 0.03369999999999995 0.078
2 0.7129399999999999 0.285 0.04852000000000001 0.142
2 0.71563 0.525 0.04852000000000001 0.16599999999999998
3 0.60849 0.766 0.055259999999999976 0.19999999999999996
3 0.71631 0.78 0.05526000000000009 0.22799999999999998
4 0.7142850000000001 0.194 0.0916499999999999 0.04799999999999999
4 0.38678999999999997 0.188 0.09434000000000003 0.05199999999999999
4 0.07749450000000001 0.644 0.10647100000000001 0.03200000000000003
4 0.28032 0.648 0.07007999999999998 0.03600000000000003
4 0.50674 0.652 0.07008000000000003 0.03600000000000003
4 0.824125 0.646 0.06065000000000009 0.03200000000000003
4 0.5047200000000001 0.403 0.08760000000000001 0.066
4 0.60849 0.401 0.08760000000000001 0.066
4 0.0774915 0.181 0.11185700000000001 0.045999999999999985
4 0.0774925 0.379 0.125335 0.09799999999999998
4 0.27763 0.4 0.09164000000000003 0.068
5 0.27627999999999997 0.35 0.07815999999999998 0.03999999999999998
5 0.504715 0.354 0.08220999999999995 0.03999999999999998
5 0.6044449999999999 0.355 0.08221 0.04199999999999998
5 0.608495 0.5920000000000001 0.08221 0.06399999999999995
5 0.508085 0.595 0.08087 0.062000000000000055
5 0.27763 0.596 0.08086000000000002 0.06400000000000006
5 0.07749149999999999 0.5940000000000001 0.122637 0.06399999999999995
5 0.07883899999999999 0.829 0.119942 0.07399999999999995
5 0.392185 0.831 0.08894999999999997 0.07399999999999995
5 0.5067349999999999 0.831 0.08894999999999997 0.07399999999999995
5 0.8254699999999999 0.5860000000000001 0.06334000000000006 0.05599999999999994
5 0.82345 0.8180000000000001 0.06738 0.06799999999999995
6 0.39690000000000003 0.369 0.13611999999999996 0.16600000000000004
6 0.40162 0.6040000000000001 0.14286000000000004 0.14400000000000002
6 0.733155 0.37 0.14284999999999992 0.16000000000000003
6 0.73922 0.608 0.15498 0.15999999999999992
7 0.0518865 0.496 0.030997000000000004 0.12000000000000005
7 0.1031005 0.496 0.030999 0.12000000000000005
7 0.055929999999999994 0.7310000000000001 0.03369199999999999 0.126
7 0.1031015 0.7310000000000001 0.033697000000000005 0.126
7 0.27964500000000003 0.734 0.04716999999999999 0.124
7 0.39151 0.736 0.04448000000000002 0.124
7 0.506065 0.736 0.04447000000000001 0.124
7 0.502695 0.506 0.040429999999999966 0.12399999999999994
7 0.277625 0.495 0.040429999999999966 0.09800000000000003
7 0.6044499999999999 0.496 0.04178000000000004 0.10800000000000004
7 0.27965 0.274 0.039080000000000004 0.12000000000000002
7 0.603775 0.279 0.04043000000000008 0.12200000000000003
7 0.387465 0.524 0.047170000000000045 0.16399999999999998
2 0.38612 0.3 0.05526000000000003 0.13599999999999998
2 0.38814000000000004 0.523 0.0539 0.16999999999999998
7 0.822105 0.472 0.040429999999999966 0.064
7 0.8221050000000001 0.7050000000000001 0.04313 0.08199999999999996
9 0.32479654999999996 0.127 0.6415069 0.07800000000000001
9 0.8274950000000001 0.133 0.33153 0.054000000000000006
9 0.32951315 0.625 0.6428537 0.026000000000000023
9 0.8254699999999999 0.625 0.33828 0.026000000000000023
