2 0.32747499999999996 0.11425950000000001 0.06641000000000002 0.085941
2 0.327475 0.27637 0.06901000000000002 0.08594000000000002
2 0.27018 0.12548600000000001 0.022139999999999993 0.09862800000000001
2 0.270185 0.28369 0.019529999999999992 0.09472
2 0.38997 0.12451100000000001 0.024739999999999984 0.096678
2 0.38997 0.284665 0.024739999999999984 0.09472999999999998
2 0.26888 0.444825 0.022139999999999993 0.09473000000000004
2 0.390625 0.443845 0.02342999999999995 0.09472999999999998
2 0.265625 0.606445 0.020830000000000015 0.08984999999999999
2 0.38932 0.6049800000000001 0.023440000000000016 0.09082000000000001
2 0.326175 0.601075 0.06640999999999997 0.08691000000000004
2 0.328125 0.437985 0.06771000000000005 0.08887
2 0.330075 0.774905 0.09504999999999997 0.08690999999999993
2 0.534505 0.788575 0.09505000000000002 0.06738999999999995
3 0.53255 0.910645 0.07811999999999997 0.10448999999999997
2 0.539065 0.45067999999999997 0.09375 0.08495999999999998
2 0.538415 0.61035 0.09505000000000002 0.08594000000000002
2 0.539715 0.1362285 0.09504999999999997 0.083003
2 0.539715 0.293945 0.09504999999999997 0.08399000000000001
2 0.6862 0.12402450000000001 0.02864 0.09961100000000002
2 0.807295 0.12158250000000001 0.01822999999999997 0.09277500000000001
2 0.68685 0.283695 0.02734000000000003 0.09862999999999997
2 0.807295 0.282715 0.01822999999999997 0.09276999999999999
2 0.750655 0.27538999999999997 0.06901000000000002 0.08593999999999999
2 0.75 0.11328099999999999 0.0677000000000001 0.085938
2 0.751305 0.4375 0.06770999999999994 0.08789999999999998
2 0.750655 0.60107 0.06901000000000002 0.09082000000000001
2 0.68815 0.44336 0.02734000000000003 0.09570000000000001
2 0.808595 0.442385 0.01823000000000008 0.09375
2 0.808595 0.604005 0.01823000000000008 0.09277000000000002
2 0.6875 0.604495 0.026040000000000063 0.09375
2 0.740885 0.77295 0.10416999999999998 0.08886000000000005
1 0.50064915 0.5097635 0.9908817 0.960933
2 0.112629 0.137695 0.10286200000000001 0.08203
2 0.110677 0.293945 0.10416599999999998 0.08202999999999999
2 0.106769 0.451175 0.10416199999999999 0.08789000000000002
2 0.952475 0.1376965 0.08202999999999994 0.08398699999999999
2 0.954425 0.29198999999999997 0.08072999999999997 0.08398
3 0.70573 0.9316450000000001 0.052080000000000015 0.09961000000000009
3 0.36719 0.9375 0.039059999999999984 0.08790000000000009
5 0.11327949999999999 0.186035 0.127601 0.02246999999999999
5 0.1061195 0.34131 0.126301 0.022460000000000035
5 0.1093765 0.501465 0.127607 0.022470000000000045
5 0.54297 0.49951 0.11718 0.02245999999999998
5 0.54427 0.34033 0.1276 0.02245999999999998
5 0.5397099999999999 0.18213000000000001 0.12629999999999997 0.022460000000000008
5 0.94922 0.18701 0.08853999999999995 0.022460000000000008
5 0.95052 0.336915 0.08853999999999995 0.02149000000000001
5 0.328125 0.165035 0.08072999999999997 0.01953000000000002
5 0.32942499999999997 0.326175 0.08073000000000002 0.019529999999999992
5 0.32877500000000004 0.489745 0.08202999999999999 0.020509999999999973
5 0.32682500000000003 0.651855 0.08073000000000002 0.020510000000000028
5 0.753255 0.655275 0.08203000000000005 0.019529999999999936
5 0.75 0.48877000000000004 0.0807199999999999 0.020500000000000018
5 0.751305 0.324705 0.08072999999999997 0.020509999999999973
5 0.751305 0.16552499999999998 0.08072999999999997 0.02051
5 0.8111999999999999 0.171385 0.026039999999999952 0.03026999999999999
5 0.81185 0.33496 0.02734000000000003 0.029299999999999993
5 0.8099000000000001 0.49365000000000003 0.026039999999999952 0.02245999999999998
5 0.8099000000000001 0.65381 0.026039999999999952 0.022459999999999924
5 0.68815 0.654785 0.037760000000000016 0.020509999999999917
5 0.6875 0.49414 0.03645999999999994 0.02148
5 0.6861999999999999 0.333005 0.03646000000000005 0.025390000000000024
5 0.6861999999999999 0.17334 0.03646000000000005 0.024419999999999997
5 0.39388 0.17334 0.037760000000000016 0.024419999999999997
5 0.39322999999999997 0.33447499999999997 0.03906000000000004 0.024409999999999987
5 0.38997 0.49365499999999995 0.037760000000000016 0.024409999999999987
5 0.39127500000000004 0.654295 0.029949999999999977 0.02149000000000001
5 0.26627500000000004 0.654785 0.029949999999999977 0.02246999999999999
5 0.26627500000000004 0.49316499999999996 0.029949999999999977 0.021489999999999954
5 0.270185 0.331055 0.029950000000000032 0.02149000000000001
5 0.268225 0.17383 0.03125 0.02148
5 0.53906 0.65967 0.11197999999999997 0.022460000000000035
9 0.5039075 0.0595705 0.976565 0.03906300000000001
9 0.5019512500000001 0.8525400000000001 0.9882775 0.013680000000000025
11 0.22070499999999998 0.901365 0.05599000000000001 0.07813000000000003
11 0.330075 0.868165 0.13151000000000002 0.037109999999999976
11 0.30208 0.93604 0.08594000000000002 0.09667999999999999
11 0.74284 0.859865 0.13932 0.024410000000000043
11 0.77214 0.921385 0.07551999999999992 0.09863
11 0.7050799999999999 0.876465 0.050779999999999936 0.008789999999999965
