1 0.497308 0.50048828 0.886944 0.99902344
2 0.34455 0.19043 0.05114000000000002 0.08008000000000001
2 0.17362 0.174805 0.06459999999999999 0.05859
2 0.45222 0.19043 0.05384 0.08204
2 0.555855 0.18994 0.05115000000000003 0.0791
2 0.660165 0.18847999999999998 0.052489999999999926 0.08008000000000001
2 0.827055 0.171875 0.06594999999999995 0.05273
2 0.13996999999999998 0.32715000000000005 0.07268 0.08398
2 0.34657 0.35302999999999995 0.05518000000000001 0.0791
2 0.451545 0.35205 0.05248999999999998 0.08105999999999997
2 0.55518 0.35205 0.05787999999999993 0.08105999999999997
2 0.661505 0.35205 0.052489999999999926 0.0791
2 0.8162849999999999 0.32666 0.07133 0.08106000000000002
2 0.14132 0.49414 0.06998 0.08398
2 0.34724 0.5112300000000001 0.05384 0.07910000000000006
2 0.45222 0.51172 0.05384 0.08008000000000004
2 0.5578700000000001 0.51074 0.049799999999999955 0.07811999999999997
2 0.6608350000000001 0.51172 0.05382999999999993 0.08008000000000004
2 0.81561 0.49268 0.07267999999999997 0.08495999999999998
2 0.179005 0.66797 0.06461 0.07225999999999999
2 0.34387500000000004 0.672365 0.05248999999999998 0.08105000000000007
2 0.44886 0.671875 0.05518000000000001 0.08203000000000005
2 0.5538350000000001 0.671385 0.05249000000000004 0.08301000000000003
2 0.65814 0.671875 0.05384 0.08203000000000005
2 0.825705 0.664555 0.06594999999999995 0.06542999999999999
2 0.16958499999999999 0.828615 0.06999000000000002 0.08301000000000003
2 0.60633 0.8300799999999999 0.08209999999999995 0.08008000000000004
2 0.82436 0.828615 0.06864000000000003 0.08301000000000003
3 0.6009450000000001 0.9584950000000001 0.06595000000000006 0.06933
3 0.161505 0.9643550000000001 0.06999 0.05957000000000001
2 0.8216699999999999 0.9609350000000001 0.06325999999999998 0.054690000000000016
2 0.393675 0.818845 0.07940999999999998 0.05957000000000001
3 0.38291 0.942385 0.07671999999999995 0.11133000000000004
4 0.170255 0.131345 0.08748999999999998 0.02636999999999999
4 0.341185 0.14502 0.09287000000000001 0.036140000000000005
4 0.446835 0.14501999999999998 0.09421000000000002 0.034180000000000016
4 0.55182 0.14551 0.09152000000000005 0.035160000000000025
4 0.6568 0.14551 0.09151999999999993 0.035160000000000025
4 0.82436 0.131345 0.09555999999999998 0.02636999999999999
5 0.3432 0.23974499999999999 0.08614 0.024410000000000015
5 0.448185 0.239255 0.08345000000000002 0.025389999999999996
5 0.5538350000000001 0.23876999999999998 0.08748999999999996 0.022460000000000008
5 0.65882 0.23876999999999998 0.08209999999999995 0.02441999999999997
5 0.345895 0.56494 0.06191000000000002 0.030280000000000085
5 0.4502 0.56494 0.06325999999999998 0.032219999999999915
5 0.555855 0.565425 0.06191000000000002 0.03125
5 0.6601600000000001 0.565425 0.06325999999999998 0.03125
5 0.6049800000000001 0.88672 0.11170000000000002 0.039059999999999984
5 0.82369 0.8886700000000001 0.10497999999999996 0.041019999999999945
5 0.167565 0.8901399999999999 0.10362999999999999 0.040039999999999965
6 0.34387500000000004 0.730955 0.08478999999999998 0.036129999999999995
6 0.448185 0.7275400000000001 0.08345000000000002 0.03320000000000001
6 0.55249 0.72705 0.08479999999999999 0.030279999999999974
6 0.6588149999999999 0.729005 0.09016999999999997 0.036129999999999995
6 0.152084 0.748535 0.191112 0.10449000000000008
6 0.8109 0.746585 0.17899999999999994 0.10449000000000008
6 0.822345 0.5786100000000001 0.16151000000000004 0.09082000000000001
6 0.15477849999999999 0.577145 0.183043 0.09375
6 0.1561255 0.22998000000000002 0.188429 0.07324
6 0.8223400000000001 0.229495 0.16957999999999995 0.07030999999999998
8 0.177655 0.0747095 0.13996999999999998 0.06934100000000001
8 0.277925 0.0185547 0.06595000000000001 0.0253906
8 0.0854645 0.0136721 0.052491 0.019531800000000002
5 0.345895 0.40137 0.06999 0.023440000000000016
5 0.44886000000000004 0.40039 0.06863999999999998 0.02343999999999996
5 0.553165 0.40039 0.06729000000000007 0.02148
5 0.66016 0.39941499999999996 0.06864000000000003 0.019529999999999992
5 0.1379565 0.37744 0.087487 0.024419999999999997
5 0.81494 0.376465 0.08748 0.02246999999999999
8 0.34724 0.28955 0.05384 0.026359999999999995
8 0.13929999999999998 0.26367 0.07133999999999999 0.023440000000000016
8 0.44953 0.29003999999999996 0.059219999999999995 0.027339999999999975
8 0.553835 0.28906 0.06057000000000001 0.027339999999999975
8 0.65814 0.291015 0.051140000000000074 0.02735000000000004
8 0.608345 0.328125 0.04306999999999994 0.04296999999999995
8 0.50336 0.329105 0.04576000000000002 0.03711000000000003
8 0.398385 0.3291 0.04844999999999999 0.039059999999999984
8 0.304175 0.329105 0.02423000000000003 0.03711000000000003
8 0.26648499999999997 0.325195 0.04307 0.039069999999999994
8 0.19044499999999998 0.30078499999999997 0.030950000000000005 0.025389999999999968
8 0.092192 0.29491999999999996 0.022875999999999994 0.035160000000000025
8 0.06998650000000001 0.32422 0.032301 0.03515999999999997
8 0.700535 0.32665999999999995 0.02018999999999993 0.036140000000000005
8 0.73217 0.325195 0.04038000000000008 0.04100999999999999
8 0.7671600000000001 0.30371000000000004 0.02422000000000002 0.04882000000000003
8 0.8633949999999999 0.29541 0.02556999999999998 0.03417999999999999
8 0.919245 0.322265 0.04037000000000002 0.041010000000000046
8 0.886945 0.311035 0.018850000000000033 0.04003000000000001
8 0.8183050000000001 0.410155 0.07537000000000005 0.04100999999999999
4 0.815615 0.440915 0.08345000000000002 0.020510000000000028
4 0.658815 0.45996000000000004 0.06325000000000003 0.02148
4 0.5538350000000001 0.45947499999999997 0.05786999999999998 0.024409999999999987
4 0.450875 0.45996000000000004 0.061909999999999965 0.02343999999999996
4 0.34589499999999995 0.45996000000000004 0.06461 0.02148
4 0.14064500000000002 0.43945 0.08479 0.023440000000000016
8 0.661505 0.4292 0.06057000000000001 0.03808
8 0.5538350000000001 0.42871000000000004 0.05786999999999998 0.035160000000000025
8 0.45020499999999997 0.43018 0.05787000000000003 0.03417999999999999
8 0.345895 0.43164 0.05652999999999997 0.035160000000000025
8 0.13996999999999998 0.40869 0.07805999999999999 0.03613999999999995
4 0.656795 0.61182 0.09421000000000002 0.03417999999999999
4 0.5545100000000001 0.6113299999999999 0.08614 0.03515999999999997
4 0.44953 0.611815 0.08614 0.036129999999999995
4 0.34387500000000004 0.613285 0.08749000000000001 0.037109999999999976
8 0.39232500000000003 0.7700199999999999 0.05248999999999998 0.03808
8 0.60431 0.768555 0.07806000000000002 0.04100999999999999
8 0.82436 0.7675799999999999 0.09285999999999994 0.03320000000000001
8 0.44616500000000003 0.842775 0.04172999999999999 0.03125
8 0.33714500000000003 0.84131 0.039029999999999954 0.032219999999999915
8 0.388965 0.88721 0.14805000000000001 0.06934000000000007
8 0.82167 0.09277450000000001 0.12247999999999992 0.048831
9 0.4892305 0.10547000000000001 0.8546389999999999 0.08008
9 0.5060555 0.27197 0.8748290000000001 0.07910000000000003
9 0.502017 0.573245 0.855986 0.06445000000000001
9 0.4959635 0.73291 0.865413 0.057620000000000005
10 0.26514 0.17676 0.04037999999999997 0.08983999999999998
10 0.0794065 0.175295 0.043067 0.08887
10 0.26648499999999997 0.23926 0.04307 0.035160000000000025
10 0.0787345 0.23828500000000002 0.041723 0.037110000000000004
10 0.078736 0.11816499999999999 0.047108000000000004 0.02539000000000001
10 0.265145 0.117675 0.04845000000000002 0.026370000000000005
10 0.734855 0.1167 0.05652999999999997 0.022459999999999994
10 0.732165 0.17285 0.04307000000000005 0.08984
10 0.9185749999999999 0.17382999999999998 0.03903000000000001 0.08984
10 0.7308250000000001 0.236815 0.04307000000000005 0.038089999999999985
10 0.91655 0.23828 0.04576000000000002 0.039059999999999984
10 0.444145 0.9834 0.032310000000000005 0.03320000000000001
10 0.33243500000000004 0.982425 0.02423000000000003 0.03125
10 0.333105 0.93555 0.020189999999999986 0.0625
10 0.443475 0.93555 0.02556999999999998 0.0625
10 0.334455 0.89551 0.022889999999999966 0.01758000000000004
10 0.44347000000000003 0.8950199999999999 0.028260000000000007 0.01856000000000002
