1 0.4646295 0.4965835 0.926861 0.940433
2 0.1049185 0.18310500000000002 0.05156300000000001 0.08301
2 0.17086 0.18310500000000002 0.05156000000000002 0.08301
2 0.32614 0.183595 0.05756 0.08202999999999999
2 0.4994 0.18310500000000002 0.06115999999999999 0.08301
2 0.655275 0.182615 0.05395000000000005 0.08202999999999999
2 0.72062 0.182615 0.05036000000000007 0.08202999999999999
2 0.10251850000000001 0.344725 0.04676300000000001 0.08984999999999999
2 0.169665 0.3457 0.046770000000000006 0.08984000000000003
2 0.32554 0.344725 0.056359999999999966 0.08984999999999999
2 0.4982 0.345215 0.056359999999999966 0.08887
2 0.6528799999999999 0.344235 0.046760000000000024 0.08887
2 0.718225 0.344235 0.04797000000000007 0.08887
2 0.103718 0.506835 0.046763999999999986 0.08789000000000002
2 0.16846499999999998 0.506345 0.046770000000000006 0.08690999999999993
2 0.32554 0.503905 0.056359999999999966 0.08985000000000004
2 0.5 0.50537 0.05996000000000001 0.08885999999999994
2 0.655275 0.5058549999999999 0.04677000000000009 0.08788999999999997
2 0.72122 0.50586 0.05396000000000001 0.08984000000000003
2 0.1031185 0.671875 0.04796299999999999 0.09179000000000004
2 0.16965999999999998 0.671875 0.04916000000000001 0.09179000000000004
2 0.32494 0.671385 0.05756 0.08887
2 0.49940000000000007 0.67041 0.05636000000000002 0.08886000000000005
2 0.72122 0.67041 0.05396000000000001 0.08886000000000005
2 0.65528 0.671385 0.05156000000000005 0.08887
2 0.556955 0.859375 0.06594999999999995 0.14063000000000003
2 0.13609 0.8584 0.06593999999999998 0.14062000000000008
3 0.27278 0.871095 0.07314000000000001 0.1621100000000001
3 0.420865 0.87402 0.08633000000000002 0.17578000000000005
3 0.69245 0.876465 0.07313999999999998 0.17675000000000007
4 0.140288 0.28564500000000004 0.17026400000000003 0.049809999999999965
4 0.32913499999999996 0.28613500000000003 0.11391000000000001 0.048829999999999985
4 0.691845 0.28467 0.17027000000000003 0.04980000000000001
4 0.505395 0.28369500000000003 0.11391000000000001 0.047850000000000004
4 0.32854 0.432125 0.1271 0.05957000000000001
4 0.5036 0.432125 0.12710000000000005 0.05957000000000001
4 0.1408855 0.430175 0.183449 0.06346999999999997
4 0.692445 0.429685 0.19065 0.06054999999999999
5 0.138489 0.39697499999999997 0.147482 0.01855000000000001
5 0.326135 0.39746000000000004 0.08872999999999998 0.017579999999999985
5 0.4994 0.39746000000000004 0.09232000000000007 0.015620000000000023
5 0.68765 0.395995 0.14988 0.01855000000000001
5 0.1396875 0.56738 0.166665 0.03320000000000001
5 0.329735 0.565915 0.11031000000000002 0.036130000000000106
5 0.504195 0.5644499999999999 0.10910999999999998 0.03320000000000001
5 0.691845 0.566405 0.16787000000000007 0.035150000000000015
8 0.245205 0.18262 0.08513000000000004 0.08984
8 0.042565500000000006 0.18018 0.05875300000000001 0.09082000000000001
8 0.41127 0.18311 0.10071999999999998 0.09082000000000001
8 0.578535 0.18213000000000001 0.08753 0.09081999999999998
8 0.77518 0.18164 0.04915999999999998 0.09179999999999999
8 0.86391 0.17676 0.07554000000000005 0.09179999999999999
8 0.867505 0.342285 0.06835000000000002 0.07325000000000004
8 0.8687050000000001 0.490725 0.06595000000000006 0.12207000000000001
8 0.5821350000000001 0.42285 0.037170000000000036 0.05274000000000001
8 0.414265 0.421875 0.039569999999999994 0.04686999999999997
8 0.24760000000000001 0.42334000000000005 0.03238000000000002 0.04980000000000001
8 0.418465 0.7041 0.13909 0.04687999999999992
8 0.8747 0.66699 0.09472000000000003 0.04491999999999996
8 0.42025999999999997 0.77295 0.025180000000000036 0.02636000000000005
9 0.4640276 0.0903335 0.9160648 0.122073
9 0.4646276 0.24316500000000002 0.9172648 0.046869999999999995
9 0.469424 0.583985 0.9076719999999999 0.08789000000000002
9 0.4700245 0.72607 0.913671 0.022459999999999924
10 0.28956499999999996 0.49609000000000003 0.01318999999999998 0.05078000000000005
10 0.36331 0.49658 0.014380000000000004 0.05176000000000003
10 0.205635 0.50342 0.013190000000000007 0.07323999999999997
10 0.13729000000000002 0.50586 0.013179999999999997 0.06639999999999996
10 0.07134299999999999 0.503905 0.013189999999999993 0.07226999999999995
10 0.463425 0.49658 0.01318999999999998 0.05176000000000003
10 0.53777 0.49658 0.01317999999999997 0.05176000000000003
10 0.622905 0.50391 0.013189999999999924 0.07421999999999995
10 0.686455 0.504885 0.013190000000000035 0.06444999999999995
10 0.755395 0.50391 0.014390000000000014 0.07421999999999995
10 0.07194249999999999 0.5463899999999999 0.014388999999999999 0.010740000000000083
10 0.205635 0.54541 0.01559000000000002 0.010740000000000083
10 0.13789 0.54443 0.014379999999999976 0.010739999999999972
10 0.288965 0.534665 0.014389999999999958 0.026369999999999894
10 0.36331 0.535645 0.014380000000000004 0.026370000000000005
10 0.463425 0.535645 0.01318999999999998 0.026370000000000005
10 0.53777 0.535645 0.01317999999999997 0.026370000000000005
10 0.622905 0.54541 0.015589999999999993 0.00878000000000001
10 0.68645 0.543455 0.015579999999999927 0.012689999999999979
10 0.755995 0.54541 0.015589999999999993 0.00878000000000001
10 0.290165 0.46484499999999995 0.014390000000000014 0.009770000000000001
10 0.36331 0.46484000000000003 0.014380000000000004 0.011720000000000008
10 0.46282999999999996 0.46484000000000003 0.014380000000000004 0.011720000000000008
10 0.5377700000000001 0.46435499999999996 0.015580000000000038 0.012690000000000035
10 0.07194249999999999 0.46484000000000003 0.014388999999999999 0.005860000000000032
10 0.13669 0.467285 0.014380000000000004 0.010750000000000037
10 0.205035 0.46484000000000003 0.014390000000000014 0.005860000000000032
10 0.755395 0.46435499999999996 0.014390000000000014 0.0048900000000000055
10 0.622305 0.46435499999999996 0.014389999999999903 0.0048900000000000055
10 0.68645 0.467285 0.015579999999999927 0.010750000000000037
11 0.630695 0.900875 0.03597000000000006 0.04784999999999995
11 0.764985 0.901365 0.03597000000000006 0.04686999999999997
11 0.645085 0.828615 0.03597000000000006 0.04198999999999997
11 0.869305 0.895015 0.05994999999999995 0.13379000000000008
