1 0.55078 0.5007732 0.45312 0.9953736
1 0.16210828000000002 0.593365 0.32226344 0.8132699999999999
2 0.051269499999999996 0.348765 0.032227 0.09259
2 0.12304999999999999 0.34953500000000004 0.03319999999999999 0.09412999999999999
2 0.21875 0.347225 0.03320000000000001 0.09259
2 0.27246 0.348765 0.029299999999999993 0.09259
2 0.0517575 0.54475 0.033203 0.09567999999999993
2 0.12256 0.546295 0.032219999999999985 0.09876999999999997
2 0.217285 0.54321 0.03026999999999999 0.09875999999999996
2 0.050293000000000004 0.743055 0.032226000000000005 0.09723000000000004
2 0.12206999999999998 0.743825 0.03319999999999999 0.09877000000000002
2 0.27197499999999997 0.54321 0.030269999999999964 0.09875999999999996
2 0.21631 0.742285 0.03028 0.09877000000000002
2 0.27002000000000004 0.742285 0.03028000000000003 0.09877000000000002
2 0.121095 0.94599 0.03320999999999999 0.10494000000000003
2 0.216795 0.94599 0.03125 0.10802
2 0.270505 0.94522 0.03125 0.10648000000000002
2 0.38573999999999997 0.258485 0.03319999999999995 0.10031000000000004
2 0.385255 0.456015 0.03222999999999998 0.10031000000000001
2 0.38573999999999997 0.652005 0.03319999999999995 0.10338999999999998
2 0.384765 0.8464499999999999 0.03321000000000002 0.10340000000000005
2 0.465335 0.256945 0.026370000000000005 0.10030999999999998
2 0.5200199999999999 0.256945 0.02636000000000005 0.10030999999999998
2 0.5737300000000001 0.256945 0.02636000000000005 0.10030999999999998
2 0.629395 0.256945 0.026370000000000005 0.10030999999999998
2 0.46582 0.45216 0.025399999999999978 0.10186000000000006
2 0.519535 0.453705 0.025390000000000024 0.10185
2 0.5737300000000001 0.453705 0.02636000000000005 0.10185
2 0.629885 0.453705 0.025390000000000024 0.10185
2 0.63037 0.649695 0.02635999999999994 0.10185
2 0.465335 0.6489199999999999 0.026370000000000005 0.10340000000000005
2 0.519535 0.649695 0.025390000000000024 0.10185
2 0.464845 0.845675 0.025390000000000024 0.10185
2 0.628905 0.844135 0.025389999999999913 0.10185
2 0.714355 0.652005 0.03222999999999998 0.10338999999999998
2 0.71387 0.844905 0.03320000000000001 0.10338999999999998
2 0.714355 0.456015 0.03222999999999998 0.10031000000000001
2 0.714845 0.258485 0.03321000000000007 0.10031000000000004
2 0.85693 0.300925 0.022460000000000035 0.08950999999999998
2 0.828125 0.300155 0.019530000000000047 0.09104999999999996
2 0.842775 0.122683 0.04883000000000004 0.066354
2 0.8574200000000001 0.48147999999999996 0.021480000000000055 0.08023999999999998
2 0.828125 0.48302500000000004 0.019530000000000047 0.08024999999999999
2 0.95801 0.493055 0.04491999999999996 0.10030999999999995
2 0.95654 0.30401500000000004 0.04589999999999994 0.09259
2 0.84131 0.683645 0.05176000000000003 0.10185
2 0.956545 0.683645 0.04784999999999995 0.10185
3 0.0463865 0.94676 0.047851000000000005 0.10340000000000005
2 0.9585 0.88966 0.07909999999999995 0.10339999999999994
4 0.38183500000000004 0.189815 0.07617000000000002 0.024690000000000017
4 0.46338 0.185185 0.05175999999999997 0.024690000000000017
4 0.51807 0.18595499999999998 0.05176000000000003 0.026230000000000003
4 0.57373 0.185185 0.05176000000000003 0.02776999999999999
4 0.6293949999999999 0.18595499999999998 0.051750000000000074 0.026230000000000003
4 0.518065 0.37037 0.05370999999999998 0.021600000000000008
4 0.463375 0.37037 0.05370999999999998 0.021600000000000008
4 0.572755 0.37037 0.053709999999999924 0.021600000000000008
4 0.627445 0.37037 0.053710000000000035 0.021600000000000008
4 0.7124 0.18904500000000002 0.06738 0.026230000000000003
4 0.711425 0.391975 0.06738999999999995 0.05554999999999999
4 0.383305 0.38656999999999997 0.07128999999999996 0.04784000000000005
4 0.382325 0.58873 0.07129000000000002 0.047839999999999994
4 0.46240499999999995 0.574075 0.05370999999999998 0.027770000000000072
4 0.518065 0.574845 0.05370999999999998 0.026230000000000087
4 0.574705 0.57485 0.053710000000000035 0.029320000000000013
4 0.628415 0.57485 0.053710000000000035 0.029320000000000013
4 0.71338 0.588735 0.06738 0.05092999999999992
4 0.837405 0.40354500000000004 0.10059000000000007 0.09105000000000002
4 0.953615 0.400465 0.08887 0.026229999999999976
4 0.8393550000000001 0.25462999999999997 0.08104999999999996 0.12345999999999999
5 0.38086 0.32638999999999996 0.06836000000000003 0.03858
5 0.71191 0.32562 0.06835999999999998 0.03704000000000002
5 0.38427999999999995 0.521605 0.07519999999999999 0.04013
5 0.46191499999999996 0.51929 0.058589999999999975 0.035499999999999976
5 0.51758 0.52006 0.052740000000000065 0.03703999999999996
5 0.572265 0.52006 0.054690000000000016 0.03703999999999996
5 0.627445 0.51852 0.053710000000000035 0.03703999999999996
5 0.71289 0.521605 0.07225999999999999 0.033949999999999925
5 0.385255 0.7260800000000001 0.057609999999999995 0.04476000000000002
5 0.7143550000000001 0.72685 0.05957000000000001 0.04630000000000001
5 0.630375 0.72454 0.04784999999999995 0.047839999999999994
5 0.46289 0.725305 0.044920000000000015 0.04320999999999997
5 0.3833 0.901235 0.05175999999999997 0.012350000000000083
5 0.46338 0.902005 0.045899999999999996 0.010810000000000097
5 0.62842 0.903545 0.04393999999999998 0.013890000000000069
5 0.713865 0.902005 0.052730000000000055 0.013890000000000069
5 0.83838 0.347995 0.06933999999999996 0.01697000000000004
5 0.95508 0.353395 0.0625 0.01543
6 0.833985 0.588735 0.10936999999999997 0.14351000000000003
8 0.8706050000000001 0.756175 0.010749999999999926 0.02468999999999999
8 0.808595 0.75463 0.009769999999999945 0.021600000000000064
8 0.84082 0.17978 0.05078000000000005 0.020059999999999995
9 0.55078 0.323305 0.44922 0.041669999999999985
9 0.550295 0.12114149999999999 0.44629 0.057096999999999995
9 0.55078 0.7314849999999999 0.44532 0.07099
11 0.7675799999999999 0.699845 0.02734000000000003 0.17438999999999993
6 0.46338 0.06712950000000001 0.09471999999999997 0.047839000000000007
6 0.6279300000000001 0.06712950000000001 0.09179999999999999 0.047839000000000007
3 0.5459 0.903545 0.050779999999999936 0.17747000000000002
3 0.84082 0.915125 0.048820000000000086 0.15740999999999994
2 0.574705 0.641205 0.026370000000000005 0.08796999999999999
6 0.5327149999999999 0.7260800000000001 0.14160999999999996 0.07561999999999991
