1 0.5004897 0.50123905 0.9892606 0.9901019
2 0.47461000000000003 0.798885 0.14844000000000002 0.21411000000000002
2 0.71777 0.79765 0.14844000000000002 0.20916
2 0.22168 0.805075 0.14844 0.21411000000000002
2 0.220215 0.5148550000000001 0.15332999999999997 0.23515000000000003
2 0.47021499999999994 0.5148550000000001 0.14941 0.23515000000000003
2 0.7143550000000001 0.52104 0.14940999999999993 0.23514000000000002
2 0.936035 0.5222800000000001 0.11425000000000007 0.23762000000000005
2 0.7158199999999999 0.236385 0.1543 0.13861
2 0.4707 0.23762499999999998 0.15429999999999994 0.13860999999999998
2 0.21826 0.23267500000000002 0.15528 0.13861000000000004
9 0.500491 0.35334 0.967778 0.125
9 0.503416 0.6646 0.979488 0.09406000000000003
9 0.500001 0.930075 0.978518 0.07549000000000006
10 0.0908195 0.508045 0.09570099999999998 0.80817
10 0.34277 0.51423 0.09570000000000001 0.79332
10 0.5956999999999999 0.51547 0.09570000000000001 0.78342
10 0.837405 0.51485 0.08887 0.7797
