2 0.22526000000000002 0.38965 0.046880000000000005 0.06054000000000004
2 0.22461 0.507815 0.04558000000000001 0.06054999999999994
2 0.3444 0.391605 0.037760000000000016 0.06054999999999999
2 0.402995 0.39209 0.04037000000000002 0.059579999999999966
2 0.34375 0.509275 0.039059999999999984 0.059569999999999956
2 0.401695 0.510255 0.04036999999999996 0.059569999999999956
4 0.37565 0.467775 0.12890000000000001 0.02149000000000001
2 0.51758 0.393065 0.03776000000000007 0.05957000000000001
2 0.57487 0.39453 0.037760000000000016 0.06054000000000004
2 0.515625 0.510745 0.03645000000000004 0.058589999999999975
2 0.5729200000000001 0.510745 0.039059999999999984 0.058589999999999975
4 0.5481750000000001 0.469725 0.13021000000000005 0.02149000000000001
2 0.691405 0.395505 0.041669999999999985 0.05859000000000003
2 0.6881550000000001 0.51172 0.042970000000000064 0.05859999999999993
2 0.690105 0.631345 0.04427000000000003 0.06542999999999999
4 0.69206 0.5844750000000001 0.08464000000000005 0.018549999999999955
4 0.5514300000000001 0.5825199999999999 0.12370000000000003 0.02636000000000005
2 0.5429649999999999 0.631345 0.06771000000000005 0.06542999999999999
2 0.37239500000000003 0.631345 0.07031000000000004 0.06542999999999999
4 0.37695 0.58154 0.12370000000000003 0.028320000000000012
4 0.227215 0.5800799999999999 0.07943 0.015620000000000078
2 0.22591 0.6293949999999999 0.04558000000000001 0.06738999999999995
2 0.22526000000000002 0.75244 0.044280000000000014 0.06738
2 0.3431 0.7519549999999999 0.037760000000000016 0.06640999999999997
4 0.227215 0.697755 0.09505 0.018550000000000066
4 0.37565 0.700195 0.14973999999999998 0.02149000000000001
2 0.40104 0.7519549999999999 0.039059999999999984 0.06640999999999997
2 0.51432 0.751465 0.03906000000000004 0.06542999999999999
2 0.571615 0.751465 0.03906999999999994 0.06542999999999999
4 0.54948 0.70068 0.15104 0.022460000000000035
4 0.6927099999999999 0.699705 0.10155999999999998 0.020510000000000028
2 0.686195 0.751465 0.04427000000000003 0.06542999999999999
2 0.686195 0.8706050000000001 0.04427000000000003 0.05957000000000001
2 0.57487 0.8706050000000001 0.037760000000000016 0.061529999999999974
2 0.51432 0.871095 0.03645999999999999 0.06054999999999999
3 0.401695 0.9306650000000001 0.058589999999999975 0.11719000000000002
2 0.28776 0.8730450000000001 0.039059999999999984 0.06054999999999999
2 0.22526000000000002 0.873535 0.03906000000000001 0.061529999999999974
3 0.690105 0.958985 0.06511 0.07227000000000006
2 0.578125 0.97119 0.03645000000000009 0.04394000000000009
2 0.516275 0.97119 0.03515000000000007 0.04394000000000009
2 0.22655999999999998 0.973635 0.03906000000000001 0.04296999999999995
2 0.28841 0.9731449999999999 0.037760000000000016 0.043950000000000045
1 0.45638 0.64551 0.60026 0.69726
2 0.8261750000000001 0.470705 0.04557 0.06445000000000001
2 0.828125 0.59424 0.04686999999999997 0.06933999999999996
2 0.83073 0.7231449999999999 0.04688000000000003 0.06738999999999995
2 0.0716145 0.49219 0.046875 0.0625
2 0.07356750000000001 0.61328 0.048177000000000005 0.06640000000000001
8 0.404295 0.8549800000000001 0.10287000000000002 0.020500000000000074
4 0.832685 0.427735 0.09505000000000008 0.021489999999999954
4 0.832685 0.536135 0.10546999999999995 0.04296999999999995
4 0.0729165 0.43701 0.104167 0.040039999999999965
5 0.3724 0.675295 0.11197999999999997 0.024410000000000043
5 0.54557 0.675785 0.11197999999999997 0.025390000000000024
5 0.6894499999999999 0.797365 0.07682 0.024410000000000043
5 0.577475 0.796875 0.06381000000000003 0.025390000000000024
5 0.51302 0.797855 0.06509999999999999 0.025390000000000024
5 0.40754999999999997 0.797855 0.06509999999999999 0.025390000000000024
5 0.34245000000000003 0.798825 0.06509999999999999 0.025390000000000024
5 0.22851500000000002 0.79834 0.07943000000000003 0.028320000000000012
5 0.072264 0.53369 0.084632 0.030280000000000085
5 0.835935 0.6386700000000001 0.10936999999999997 0.02734000000000003
8 0.458985 0.6084 0.03255000000000002 0.058600000000000096
8 0.691405 0.454105 0.08333000000000002 0.019529999999999992
8 0.22526000000000002 0.44921500000000003 0.08334 0.019529999999999992
8 0.122395 0.5878950000000001 0.04167 0.025389999999999913
9 0.457685 0.32715 0.5924499999999999 0.058599999999999985
9 0.458985 0.54834 0.5950500000000001 0.028320000000000012
9 0.45572999999999997 0.43359499999999995 0.5885400000000001 0.023430000000000006
9 0.45572999999999997 0.6674800000000001 0.5885400000000001 0.012700000000000045
9 0.45703000000000005 0.80908 0.59114 0.05566000000000004
10 0.27864500000000003 0.433105 0.018230000000000024 0.12207000000000001
10 0.171875 0.434085 0.018230000000000024 0.12207000000000001
10 0.639325 0.438965 0.01822999999999997 0.12207000000000001
10 0.74349 0.43994 0.018220000000000014 0.12012
10 0.547525 0.393065 0.014330000000000065 0.05567
10 0.37435 0.391115 0.01432 0.05567
10 0.17252499999999998 0.515135 0.027350000000000013 0.04394999999999999
10 0.28059999999999996 0.516115 0.027339999999999975 0.043949999999999934
10 0.639975 0.52051 0.027349999999999985 0.041019999999999945
10 0.74349 0.52051 0.026040000000000063 0.041019999999999945
10 0.5449200000000001 0.538575 0.01432 0.00488999999999995
10 0.37305 0.5376 0.01432 0.0048799999999999955
10 0.37305 0.51172 0.011720000000000008 0.04687999999999998
10 0.5449200000000001 0.51367 0.011720000000000064 0.04687999999999998
10 0.279945 0.359865 0.028649999999999953 0.024409999999999987
10 0.173175 0.359865 0.02865000000000001 0.024409999999999987
10 0.742185 0.367675 0.028650000000000064 0.024409999999999987
10 0.6393249999999999 0.366215 0.028649999999999953 0.025390000000000024
10 0.548175 0.359375 0.01822999999999997 0.01366999999999996
10 0.37434999999999996 0.357425 0.01691999999999999 0.01366999999999996
10 0.546225 0.48486 0.01693 0.010739999999999972
10 0.373045 0.48291 0.01693 0.010739999999999972
10 0.33008000000000004 0.63086 0.011720000000000008 0.05274000000000001
10 0.41732 0.63086 0.011720000000000008 0.05274000000000001
10 0.50195 0.63086 0.011720000000000008 0.05274000000000001
10 0.58789 0.6318349999999999 0.011719999999999953 0.052730000000000055
10 0.328775 0.660155 0.01693 0.007809999999999984
10 0.417315 0.661135 0.01693 0.007809999999999984
10 0.5019549999999999 0.660155 0.01693 0.007809999999999984
10 0.5891949999999999 0.661135 0.01693 0.007809999999999984
11 0.330075 0.597655 0.019529999999999992 0.01366999999999996
11 0.41927000000000003 0.598635 0.020840000000000025 0.01366999999999996
11 0.589195 0.59912 0.019530000000000047 0.012699999999999934
11 0.5019549999999999 0.59863 0.019529999999999936 0.011719999999999953
10 0.19661499999999998 0.762205 0.010410000000000003 0.03808999999999996
10 0.25651 0.762205 0.010419999999999985 0.03808999999999996
10 0.317055 0.762205 0.009110000000000007 0.03808999999999996
10 0.37305 0.761715 0.011720000000000008 0.037109999999999976
10 0.428385 0.762205 0.010409999999999975 0.03808999999999996
10 0.48828 0.762205 0.010419999999999985 0.03808999999999996
10 0.54427 0.761715 0.010419999999999985 0.037109999999999976
10 0.59961 0.761715 0.009120000000000017 0.037109999999999976
10 0.659505 0.7612300000000001 0.009109999999999951 0.03613999999999995
10 0.7174499999999999 0.760745 0.010419999999999985 0.037109999999999976
10 0.7168 0.78174 0.011719999999999953 0.0048799999999999955
10 0.6588499999999999 0.78174 0.01301999999999992 0.0048799999999999955
10 0.59961 0.782225 0.011719999999999953 0.003909999999999969
10 0.54362 0.782225 0.011719999999999953 0.003909999999999969
10 0.48828 0.782225 0.013020000000000032 0.003909999999999969
10 0.42904 0.78369 0.011720000000000008 0.0048799999999999955
10 0.37305 0.782715 0.01432 0.00488999999999995
10 0.316405 0.78369 0.015630000000000033 0.0048799999999999955
10 0.25716 0.7832049999999999 0.01432 0.003909999999999969
10 0.19596 0.7832049999999999 0.01432 0.003909999999999969
10 0.19661499999999998 0.7397450000000001 0.015630000000000005 0.006830000000000003
10 0.25781 0.7402299999999999 0.015620000000000023 0.005860000000000087
10 0.317055 0.7397450000000001 0.01693 0.006830000000000003
10 0.373045 0.7397450000000001 0.01693 0.006830000000000003
10 0.42969 0.7397450000000001 0.015620000000000023 0.006830000000000003
10 0.489585 0.7397450000000001 0.015630000000000033 0.006830000000000003
10 0.5449250000000001 0.7397450000000001 0.01693 0.006830000000000003
10 0.60026 0.7397450000000001 0.015619999999999967 0.006830000000000003
10 0.659505 0.7397450000000001 0.01693 0.006830000000000003
10 0.7194 0.7397450000000001 0.016919999999999935 0.006830000000000003
