1 0.2343775 0.511628 0.375005 0.9767440000000001
1 0.62305 0.5029087 0.39843999999999996 0.9912826
2 0.638675 0.117007 0.025390000000000024 0.09738599999999999
2 0.60547 0.11555 0.02734000000000003 0.09738
2 0.606445 0.287065 0.027349999999999985 0.09739
2 0.63916 0.287065 0.028320000000000012 0.09739
2 0.603515 0.462935 0.027349999999999985 0.09739000000000003
2 0.6411100000000001 0.462935 0.028320000000000012 0.09739000000000003
2 0.745115 0.11627699999999999 0.04100999999999999 0.095926
2 0.5009750000000001 0.11773349999999999 0.041010000000000046 0.09593299999999999
2 0.5009750000000001 0.284885 0.041010000000000046 0.09592999999999999
2 0.745115 0.284885 0.04100999999999999 0.09592999999999999
2 0.5 0.462205 0.04102 0.09593000000000002
2 0.743165 0.463665 0.04100999999999999 0.09593000000000002
2 0.49853500000000006 0.648985 0.04199000000000003 0.10028999999999999
2 0.61816 0.650435 0.056640000000000024 0.10028999999999999
2 0.740235 0.6468 0.04296999999999995 0.10174000000000005
2 0.371095 0.651165 0.04100999999999999 0.09593000000000007
2 0.375975 0.46802499999999997 0.04100999999999999 0.09592999999999996
2 0.375975 0.293605 0.04100999999999999 0.09592999999999999
2 0.381835 0.119184 0.04100999999999999 0.090112
2 0.26025 0.1170055 0.045899999999999996 0.09156899999999998
2 0.25488500000000003 0.65552 0.058589999999999975 0.08430000000000004
2 0.13623 0.65116 0.040040000000000006 0.10174000000000005
2 0.37109499999999995 0.842295 0.048829999999999985 0.09738999999999998
2 0.134765 0.84811 0.048829999999999985 0.09738000000000002
2 0.256835 0.47166 0.05859 0.07994000000000001
2 0.13672 0.46584000000000003 0.03906 0.10320000000000001
2 0.140625 0.29288 0.04297000000000001 0.09738
2 0.27002000000000004 0.29215 0.02245999999999998 0.09302000000000002
2 0.23974499999999999 0.29215 0.02051 0.09012
2 0.902835 0.470205 0.04199000000000008 0.09156999999999993
2 0.901855 0.1191855 0.04198999999999997 0.09592899999999999
2 0.90039 0.29506 0.039059999999999984 0.09301999999999999
2 0.8994150000000001 0.651885 0.042970000000000064 0.10028999999999999
5 0.137695 0.34592999999999996 0.06641 0.023260000000000003
5 0.25049 0.34592999999999996 0.09081999999999998 0.023260000000000003
5 0.375 0.34884000000000004 0.06640000000000001 0.023260000000000003
5 0.37451 0.51599 0.06738 0.023259999999999947
5 0.37158 0.706395 0.06738 0.023249999999999993
5 0.37060499999999996 0.897525 0.06739 0.02471000000000001
5 0.13428 0.900435 0.06738000000000001 0.02471000000000001
5 0.74463 0.17006 0.06738 0.023260000000000003
5 0.62256 0.17151 0.09278000000000008 0.023260000000000003
5 0.6196299999999999 0.340115 0.09277999999999997 0.023249999999999993
5 0.61914 0.516715 0.08397999999999994 0.02471000000000001
5 0.499515 0.171515 0.06542999999999999 0.02034999999999998
5 0.49951 0.337935 0.06738 0.018890000000000018
5 0.742675 0.337935 0.06542999999999999 0.018890000000000018
5 0.49707 0.516715 0.07812000000000002 0.02471000000000001
5 0.7363299999999999 0.518165 0.07812000000000008 0.02471000000000001
5 0.737305 0.705665 0.08789000000000002 0.02471000000000001
5 0.492675 0.7093050000000001 0.08105000000000001 0.02034999999999998
5 0.89502 0.5225299999999999 0.07713999999999999 0.02179999999999993
5 0.894045 0.70712 0.07715000000000005 0.018900000000000028
5 0.89746 0.347385 0.06640000000000001 0.023249999999999993
5 0.901365 0.17442 0.06640999999999997 0.023260000000000003
3 0.25049 0.922965 0.08496000000000001 0.14534999999999998
3 0.617185 0.8742700000000001 0.052729999999999944 0.17006
7 0.29639 0.291425 0.028320000000000012 0.09738999999999998
7 0.24072 0.29288 0.028319999999999984 0.09738
7 0.36572000000000005 0.292155 0.02245999999999998 0.09592999999999999
7 0.38866999999999996 0.292155 0.02148 0.09592999999999999
7 0.15088000000000001 0.292155 0.022460000000000008 0.09592999999999999
7 0.12939499999999998 0.292155 0.018549999999999983 0.09592999999999999
7 0.149415 0.46438999999999997 0.023430000000000006 0.10610000000000003
7 0.125485 0.465115 0.02051 0.10465000000000002
7 0.26221 0.45276 0.045900000000000024 0.03051999999999999
7 0.34131 0.46657 0.022460000000000035 0.09883999999999993
7 0.38573999999999997 0.46657 0.02148 0.09301999999999999
7 0.097169 0.649705 0.028322 0.10465000000000002
7 0.169435 0.648985 0.02051 0.10028999999999999
7 0.33545 0.651165 0.024419999999999997 0.10464999999999991
7 0.40576 0.650435 0.022460000000000035 0.10610999999999993
7 0.138675 0.850295 0.037110000000000004 0.08721000000000001
7 0.37451 0.8430249999999999 0.03808 0.09011000000000002
7 0.468265 0.117007 0.020510000000000028 0.09738599999999999
7 0.53125 0.11628 0.01953999999999989 0.09883999999999998
7 0.57666 0.11628 0.024419999999999997 0.09883999999999998
7 0.666505 0.11555 0.024410000000000043 0.09738
7 0.712405 0.117007 0.020509999999999917 0.09738599999999999
7 0.776855 0.117007 0.020510000000000028 0.09738599999999999
7 0.775875 0.28415999999999997 0.020510000000000028 0.09737999999999997
7 0.711425 0.28561 0.020510000000000028 0.09738
7 0.63965 0.28779 0.023440000000000016 0.09301999999999999
7 0.606935 0.287065 0.024410000000000043 0.09156999999999998
7 0.532715 0.286335 0.020509999999999917 0.09592999999999999
7 0.468265 0.284885 0.020510000000000028 0.09592999999999999
7 0.46582 0.463665 0.02148 0.09593000000000002
7 0.530275 0.463665 0.021489999999999898 0.09593000000000002
7 0.574215 0.465115 0.025390000000000024 0.09592999999999996
7 0.640625 0.46438999999999997 0.023430000000000062 0.09737999999999997
7 0.734865 0.46438500000000005 0.018550000000000066 0.09156999999999998
7 0.75342 0.46438500000000005 0.01856000000000002 0.09156999999999998
7 0.459965 0.6468050000000001 0.025390000000000024 0.10465000000000002
7 0.530275 0.651165 0.025389999999999913 0.10464999999999991
7 0.571285 0.649705 0.025390000000000024 0.10465000000000002
7 0.63428 0.648985 0.03417999999999999 0.10028999999999999
7 0.697755 0.6468050000000001 0.03808999999999996 0.10465000000000002
7 0.751465 0.648255 0.02246999999999999 0.10175000000000001
7 0.983885 0.1191835 0.026370000000000005 0.098833
7 0.892575 0.119184 0.019530000000000047 0.090112
7 0.9126000000000001 0.11991399999999999 0.01856000000000002 0.09157199999999999
7 0.976565 0.295785 0.03125 0.10029000000000002
7 0.890625 0.29506 0.017570000000000086 0.09011999999999998
7 0.90967 0.29578499999999996 0.01856000000000002 0.09156999999999998
7 0.8671899999999999 0.467295 0.023440000000000016 0.09447000000000005
7 0.92871 0.46802 0.015619999999999967 0.09883999999999998
7 0.88818 0.65189 0.01660000000000006 0.09738000000000002
7 0.908695 0.65189 0.020510000000000028 0.09738000000000002
9 0.23535050000000002 0.182415 0.363279 0.05087
9 0.624025 0.035610499999999996 0.38866999999999996 0.050872999999999995
11 0.50293 0.876455 0.09570000000000006 0.13952999999999993
11 0.50195 0.80087 0.14843999999999996 0.03198000000000001
11 0.7207 0.80523 0.1484399999999999 0.0319799999999999
11 0.7299800000000001 0.88081 0.09082000000000001 0.13372000000000006
11 0.89209 0.8641 0.08496000000000004 0.09738000000000002
11 0.952635 0.8641 0.026370000000000005 0.09738000000000002
11 0.8667 0.789245 0.16308 0.05232999999999999
11 0.98584 0.86555 0.024419999999999997 0.09738000000000002
