1 0.589565 0.517578 0.81179 0.9589840000000001
2 0.28118 0.175785 0.0703 0.07617000000000002
2 0.440475 0.357425 0.04874999999999996 0.08789000000000002
2 0.278915 0.35547 0.08163000000000001 0.08984000000000003
2 0.44388 0.17968499999999998 0.05781999999999998 0.07616999999999999
2 0.51701 0.18066500000000002 0.05896000000000001 0.07616999999999999
2 0.6496599999999999 0.1792 0.05896000000000001 0.07519999999999999
2 0.7244900000000001 0.180175 0.05896000000000001 0.07518999999999998
2 0.899095 0.174805 0.07028999999999996 0.07616999999999999
2 0.515305 0.358395 0.04875000000000007 0.08788999999999997
2 0.6479600000000001 0.355955 0.048760000000000026 0.08690999999999999
2 0.7244900000000001 0.356935 0.049880000000000035 0.08691000000000004
2 0.894555 0.354 0.08162999999999998 0.09082000000000001
2 0.27608 0.53174 0.08049999999999999 0.09668000000000004
2 0.440475 0.532715 0.04874999999999996 0.09473000000000004
2 0.517575 0.532715 0.048750000000000016 0.09473000000000004
2 0.649095 0.53076 0.04874999999999996 0.09471999999999997
2 0.7239249999999999 0.53076 0.04874999999999996 0.09471999999999997
2 0.8956949999999999 0.53027 0.08162999999999998 0.09569999999999995
2 0.27664500000000003 0.7084999999999999 0.08163000000000001 0.09082000000000001
2 0.515875 0.7099599999999999 0.04988999999999999 0.09179999999999999
2 0.44218 0.71045 0.047619999999999996 0.09277999999999997
2 0.6479600000000001 0.71045 0.048760000000000026 0.09472000000000003
2 0.7239249999999999 0.709475 0.04874999999999996 0.09472999999999998
2 0.896825 0.708495 0.08162999999999998 0.09472999999999998
2 0.6870700000000001 0.8916 0.08389999999999997 0.10351999999999995
3 0.276075 0.91797 0.11905000000000002 0.15234000000000003
3 0.480725 0.91455 0.08162999999999998 0.15136000000000005
4 0.280615 0.28955 0.11904999999999999 0.06738000000000005
4 0.8996599999999999 0.28564500000000004 0.11678 0.06739
4 0.47958999999999996 0.30029 0.16099999999999998 0.06152000000000002
4 0.687075 0.30029 0.16098999999999997 0.06152000000000002
4 0.280045 0.46191499999999996 0.11791000000000001 0.07227
4 0.27778 0.639165 0.12018000000000001 0.06542999999999999
4 0.901365 0.45898 0.12244999999999995 0.06835999999999998
4 0.89229 0.63574 0.12244 0.06835999999999998
4 0.48582499999999995 0.46289 0.17346999999999996 0.07812000000000002
4 0.690475 0.46338 0.17007000000000005 0.07519999999999999
4 0.480725 0.64404 0.17461000000000004 0.07324000000000008
4 0.68651 0.64209 0.1711999999999999 0.07128000000000001
5 0.28118 0.413575 0.12697999999999998 0.032230000000000036
5 0.48186 0.41553 0.17913999999999997 0.03417999999999999
5 0.690475 0.4165 0.18140999999999996 0.03417999999999999
5 0.898525 0.41162 0.13039 0.036140000000000005
5 0.279475 0.59131 0.12585 0.032219999999999915
5 0.48413 0.59521 0.17459999999999998 0.03417999999999999
5 0.691045 0.593265 0.18026999999999993 0.03222999999999998
5 0.89569 0.59082 0.12017999999999995 0.02733999999999992
9 0.5873 0.09472599999999999 0.8004600000000001 0.099608
9 0.5912700000000001 0.27393 0.8015800000000001 0.022460000000000035
9 0.59014 0.58887 0.79932 0.03516000000000008
9 0.590135 0.77783 0.80159 0.057620000000000005
10 0.36167499999999997 0.408205 0.03855000000000003 0.19530999999999998
10 0.201815 0.407715 0.034009999999999985 0.19628999999999996
10 0.815195 0.40625 0.038550000000000084 0.19532
10 0.977895 0.405765 0.030610000000000026 0.19628999999999996
2 0.064626 0.21679500000000002 0.086168 0.08399000000000001
2 0.0657615 0.385255 0.08163699999999999 0.08300999999999997
2 0.0657615 0.553225 0.08163699999999999 0.08301000000000003
2 0.0651915 0.71875 0.08049700000000001 0.08203999999999989
2 0.062358000000000004 0.8862300000000001 0.079364 0.08300000000000007
10 0.203515 0.5668949999999999 0.03741 0.11817
10 0.362815 0.566405 0.04988999999999999 0.12109000000000003
10 0.8174600000000001 0.563965 0.049880000000000035 0.12011000000000005
10 0.97506 0.56299 0.03627999999999998 0.11816000000000004
10 0.201245 0.287105 0.03514999999999999 0.04296999999999995
10 0.36224500000000004 0.28808500000000004 0.04194999999999999 0.04297000000000001
10 0.815755 0.28662 0.04194999999999993 0.04393999999999998
10 0.9778899999999999 0.28613500000000003 0.03514000000000006 0.04297000000000001
