1 0.50048828 0.5019222 0.99902344 0.9858956
2 0.10009950000000001 0.172435 0.05762099999999999 0.11923
2 0.29346 0.164745 0.057620000000000005 0.11923
2 0.47997999999999996 0.160895 0.05761999999999995 0.11923000000000002
2 0.677245 0.16217499999999999 0.05760999999999994 0.11922999999999999
2 0.86572 0.169875 0.057620000000000005 0.11923
2 0.8667 0.41859 0.057620000000000005 0.13718000000000002
2 0.67627 0.41474 0.057620000000000005 0.13717999999999997
2 0.48095999999999994 0.4141 0.05761999999999995 0.13589999999999997
2 0.0961915 0.42051 0.057617 0.13590000000000002
2 0.29248 0.415385 0.057620000000000005 0.13588999999999996
2 0.10009799999999999 0.677565 0.05566399999999999 0.13205
2 0.29248 0.678205 0.06347999999999998 0.1410300000000001
2 0.48291000000000006 0.68205 0.06348000000000004 0.13845999999999992
2 0.67529 0.67949 0.06348000000000009 0.13846000000000003
2 0.8637699999999999 0.67949 0.05565999999999993 0.13846000000000003
2 0.47851999999999995 0.91154 0.062499999999999944 0.15383999999999998
2 0.67187 0.91154 0.0625 0.15383999999999998
2 0.297365 0.9160250000000001 0.047850000000000004 0.13461
2 0.23681999999999997 0.890385 0.028319999999999984 0.06539000000000006
3 0.8584 0.91218 0.05663999999999991 0.1499999999999999
3 0.1000975 0.88077 0.100585 0.20000000000000007
4 0.0961915 0.305125 0.120117 0.09487000000000001
4 0.29003999999999996 0.29744000000000004 0.11913999999999997 0.10000000000000003
4 0.48241999999999996 0.3 0.12499999999999994 0.09999999999999998
4 0.6782250000000001 0.29872 0.12207000000000001 0.09999999999999998
4 0.86914 0.30385 0.11524000000000001 0.09999999999999998
4 0.09619249999999999 0.56218 0.10449499999999999 0.057700000000000085
4 0.291015 0.56218 0.10547000000000001 0.057700000000000085
4 0.481935 0.563465 0.10448999999999997 0.05769000000000002
4 0.678225 0.56346 0.10448999999999997 0.06025999999999998
4 0.865725 0.565385 0.10448999999999997 0.06411
5 0.0966775 0.5102599999999999 0.09374500000000001 0.048719999999999986
5 0.293455 0.50705 0.09473000000000001 0.050000000000000044
5 0.482425 0.507695 0.09375 0.05385000000000001
5 0.677245 0.50833 0.09472999999999998 0.04999999999999999
5 0.868655 0.50962 0.09472999999999998 0.04999999999999999
5 0.293455 0.775 0.09473000000000001 0.06025999999999998
5 0.480955 0.7775650000000001 0.09473000000000004 0.060250000000000026
5 0.6762699999999999 0.77628 0.09472000000000003 0.06025999999999998
5 0.862795 0.775 0.09472999999999998 0.06025999999999998
7 0.056640499999999996 0.163463 0.033203 0.132054
7 0.1333 0.163464 0.022459999999999994 0.129492
7 0.25049 0.159614 0.03222 0.12179200000000001
7 0.33252000000000004 0.157049 0.026359999999999995 0.12948199999999999
7 0.43652 0.156412 0.03320000000000001 0.120516
7 0.521975 0.157693 0.03222999999999998 0.12051400000000001
7 0.635255 0.156412 0.03222999999999998 0.120516
7 0.719725 0.156412 0.03321000000000007 0.120516
7 0.9081999999999999 0.165385 0.03320000000000001 0.12051
7 0.82568 0.16153499999999998 0.028320000000000012 0.12050999999999999
7 0.055664000000000005 0.41986999999999997 0.03125000000000001 0.13718000000000002
7 0.25 0.41346 0.031240000000000018 0.13717999999999997
7 0.13525 0.41667 0.022459999999999994 0.13845999999999997
7 0.333985 0.415385 0.023430000000000006 0.13846999999999998
7 0.525395 0.4141 0.03125 0.13845999999999997
7 0.438965 0.41346 0.03027000000000002 0.13717999999999997
7 0.635255 0.41090000000000004 0.03027000000000002 0.13718000000000002
7 0.71924 0.41281999999999996 0.030280000000000085 0.13845999999999997
7 0.825685 0.41474 0.03027000000000002 0.13717999999999997
7 0.909665 0.41730999999999996 0.030269999999999908 0.13718000000000002
7 0.719725 0.67885 0.03125 0.13717999999999997
7 0.634765 0.67949 0.03125 0.13846000000000003
7 0.850585 0.67885 0.027349999999999985 0.13717999999999997
7 0.87793 0.678205 0.02733999999999992 0.13846999999999998
7 0.524905 0.68013 0.03027000000000002 0.13718000000000008
7 0.438965 0.67949 0.03027000000000002 0.13846000000000003
7 0.248535 0.67692 0.03027000000000002 0.13846000000000003
7 0.333005 0.678205 0.03125 0.13846999999999998
7 0.419435 0.913465 0.03222999999999998 0.15769
7 0.535645 0.913465 0.03222999999999998 0.15769
7 0.726075 0.91218 0.03222999999999998 0.15769999999999995
7 0.618655 0.913465 0.03222999999999998 0.15769
7 0.808105 0.9140999999999999 0.03222999999999998 0.15127999999999997
7 0.913085 0.91218 0.03320999999999996 0.15256000000000003
8 0.171875 0.68782 0.06054999999999999 0.12436000000000003
8 0.0332031 0.68333 0.0585938 0.12563999999999997
9 0.4990231 0.0384615 0.9902338 0.056411
9 0.5019547 0.2391 0.9921906 0.03462000000000004
9 0.49902485 0.540385 0.9921903 0.03204999999999991
9 0.5009764 0.813465 0.9921872 0.03204999999999991
8 0.5800799999999999 0.6865349999999999 0.029299999999999993 0.05513000000000001
8 0.57959 0.772435 0.0478599999999999 0.044869999999999965
11 0.376955 0.8801300000000001 0.037109999999999976 0.04744000000000004
11 0.57666 0.88269 0.03613999999999995 0.04744000000000004
11 0.767575 0.88141 0.037109999999999976 0.04744000000000004
11 0.941405 0.7 0.035150000000000015 0.020519999999999983
11 0.941405 0.88782 0.01562999999999992 0.03974
11 0.941895 0.84744 0.016610000000000014 0.03846000000000005
8 0.374515 0.7391049999999999 0.036129999999999995 0.10641
