2 0.18229 0.779295 0.06509999999999999 0.09375
3 0.45052 0.81299 0.09114 0.18066000000000004
2 0.316405 0.779295 0.06511 0.09375
2 0.583985 0.7959 0.05859000000000003 0.12303999999999993
2 0.71875 0.794435 0.05729999999999991 0.12403000000000008
4 0.723955 0.507815 0.13020999999999994 0.03711000000000003
2 0.7207049999999999 0.587405 0.06640999999999997 0.09863
2 0.721355 0.40918 0.06511 0.09570000000000001
4 0.72526 0.33789 0.12240000000000006 0.019540000000000002
4 0.589195 0.338375 0.11848999999999998 0.020509999999999973
4 0.45377500000000004 0.33886499999999997 0.11849000000000004 0.021489999999999954
4 0.58789 0.509275 0.12629999999999997 0.03613000000000005
4 0.453125 0.510255 0.12761 0.03809000000000001
2 0.58594 0.5878950000000001 0.06509999999999994 0.09961000000000009
2 0.451175 0.58887 0.06640999999999997 0.09766000000000008
2 0.58594 0.409665 0.06509999999999994 0.09472999999999998
2 0.45052000000000003 0.410645 0.06509999999999999 0.09472999999999998
2 0.317055 0.589845 0.06641000000000002 0.09961000000000009
2 0.18294500000000002 0.5908199999999999 0.06641 0.09960000000000002
2 0.317055 0.410645 0.06641000000000002 0.09472999999999998
2 0.18229499999999998 0.410645 0.06771000000000002 0.09472999999999998
4 0.31771 0.509765 0.125 0.03711000000000003
4 0.18099 0.5083 0.1276 0.03808000000000006
4 0.317055 0.33886499999999997 0.11588999999999999 0.019529999999999992
4 0.18034 0.339845 0.11588 0.02149000000000001
1 0.4882823 0.56201 0.9583354000000001 0.69434
4 0.859375 0.33740499999999995 0.12761 0.024409999999999987
4 0.0585935 0.338375 0.09635300000000001 0.020509999999999973
4 0.059895500000000004 0.5083 0.093749 0.03808000000000006
4 0.860025 0.506345 0.13151000000000002 0.03809000000000001
5 0.182945 0.46582 0.10547000000000001 0.023440000000000016
5 0.317055 0.46582 0.10547000000000001 0.023440000000000016
5 0.45377500000000004 0.46582 0.10547000000000001 0.023440000000000016
5 0.589195 0.46533 0.10546999999999995 0.02245999999999998
5 0.858725 0.46240000000000003 0.10547000000000006 0.02245999999999998
5 0.72461 0.46289 0.10546 0.02343999999999996
5 0.0553385 0.464845 0.08723900000000001 0.02149000000000001
2 0.180985 0.296875 0.03125 0.025390000000000024
2 0.317055 0.295895 0.029949999999999977 0.025389999999999968
2 0.044922 0.295895 0.029948 0.025389999999999968
2 0.45247499999999996 0.297855 0.029949999999999977 0.025389999999999968
2 0.5865849999999999 0.296875 0.029950000000000032 0.025390000000000024
2 0.7207049999999999 0.295895 0.029950000000000032 0.025389999999999968
2 0.853515 0.294925 0.029950000000000032 0.025390000000000024
7 0.853515 0.294435 0.027349999999999985 0.024410000000000043
7 0.7200500000000001 0.29541 0.026039999999999952 0.024419999999999997
7 0.58724 0.296875 0.026040000000000063 0.02342999999999995
7 0.452475 0.29785 0.027349999999999985 0.023440000000000016
7 0.31706 0.296875 0.02734000000000003 0.02342999999999995
7 0.18034 0.296385 0.027339999999999975 0.024409999999999987
7 0.044922000000000004 0.2959 0.027344 0.023440000000000016
9 0.4850255 0.27148500000000003 0.9440090000000001 0.10351000000000002
9 0.4869773 0.66699 0.9557254000000001 0.07421999999999995
9 0.4902355 0.82959 0.941409 0.030279999999999974
9 0.48502649999999997 0.467285 0.941407 0.03027000000000002
2 0.85677 0.40723 0.06510000000000005 0.09570000000000001
2 0.85677 0.5849599999999999 0.06510000000000005 0.09570000000000001
