1 0.5659150000000001 0.63598 0.7255900000000001 0.7259200000000001
2 0.34375 0.762435 0.0625 0.06879000000000002
2 0.34326 0.625925 0.06152000000000002 0.062429999999999986
2 0.257325 0.627515 0.06153 0.06348999999999994
2 0.339845 0.401585 0.06054999999999999 0.030689999999999995
2 0.3418 0.49629500000000004 0.0625 0.06136999999999998
2 0.25684 0.49629500000000004 0.0625 0.06136999999999998
2 0.794435 0.43598000000000003 0.03222999999999998 0.057140000000000024
2 0.876465 0.914285 0.03223000000000009 0.06773000000000007
2 0.7959 0.913755 0.03320000000000001 0.06667000000000001
2 0.7133799999999999 0.913755 0.032220000000000026 0.06667000000000001
2 0.631835 0.913755 0.03125 0.06667000000000001
2 0.550295 0.914815 0.03222999999999998 0.06667000000000001
2 0.46631 0.914815 0.03417999999999999 0.06667000000000001
2 0.38183500000000004 0.914815 0.03321000000000002 0.06667000000000001
2 0.5488299999999999 0.6582 0.03515999999999997 0.05926000000000009
2 0.46533 0.6582 0.03417999999999999 0.05926000000000009
2 0.46582 0.784125 0.03515999999999997 0.061370000000000036
2 0.54932 0.7836000000000001 0.03417999999999999 0.06032000000000004
2 0.6313500000000001 0.7836000000000001 0.03417999999999999 0.06032000000000004
2 0.6303700000000001 0.65873 0.03417999999999999 0.05820000000000003
2 0.87598 0.7836000000000001 0.03320000000000001 0.06032000000000004
2 0.7949200000000001 0.7836000000000001 0.03515999999999997 0.06032000000000004
2 0.7123999999999999 0.784125 0.03417999999999999 0.061370000000000036
2 0.87598 0.6582 0.03320000000000001 0.05926000000000009
2 0.79443 0.6582 0.03417999999999999 0.05926000000000009
2 0.7123999999999999 0.65873 0.03417999999999999 0.05820000000000003
2 0.87695 0.5375650000000001 0.05078000000000005 0.05503000000000002
2 0.7939449999999999 0.5375650000000001 0.05079 0.05503000000000002
2 0.71191 0.5375650000000001 0.050779999999999936 0.05503000000000002
2 0.62988 0.537035 0.05078000000000005 0.05608999999999997
2 0.711915 0.43545 0.03320999999999996 0.05820000000000003
2 0.62988 0.43439 0.03320000000000001 0.05820000000000003
2 0.54834 0.5375650000000001 0.05175999999999992 0.05714999999999992
2 0.46484000000000003 0.537035 0.05077999999999999 0.05608999999999997
2 0.549805 0.43439 0.03125 0.05608000000000002
2 0.46582 0.43386 0.03320000000000001 0.057140000000000024
8 0.9174800000000001 0.5931200000000001 0.01660000000000006 0.03915999999999997
8 0.834965 0.595765 0.019529999999999936 0.04021000000000008
8 0.751955 0.596295 0.02149000000000001 0.03915000000000002
8 0.668945 0.596295 0.02149000000000001 0.04550999999999994
8 0.503905 0.593125 0.02342999999999995 0.04126999999999992
8 0.5859399999999999 0.594175 0.023440000000000016 0.04126999999999992
8 0.95752 0.557145 0.010739999999999972 0.03915000000000002
8 0.97217 0.559785 0.010739999999999972 0.04020999999999997
9 0.56738 0.8428549999999999 0.7148399999999999 0.06455
9 0.56592 0.46402 0.71582 0.10475999999999996
