1 0.549145 0.4831177 0.7606900000000001 0.9598046
2 0.33654 0.19534 0.07477999999999996 0.09164000000000003
2 0.547005 0.19534 0.07264999999999999 0.09164000000000003
2 0.7596149999999999 0.19775 0.07479000000000002 0.09004000000000001
2 0.338675 0.36254 0.07050999999999996 0.09486
2 0.5480750000000001 0.36415 0.07050999999999996 0.09486
2 0.7574799999999999 0.36415 0.07052000000000003 0.09486
2 0.340815 0.5321549999999999 0.07478999999999997 0.09324999999999994
2 0.75641 0.5321549999999999 0.07691999999999999 0.09324999999999994
2 0.54701 0.5490349999999999 0.0769200000000001 0.12378999999999996
2 0.75534 0.038585 0.04059999999999997 0.04823200000000001
2 0.55235 0.0369775 0.04059999999999997 0.048231
2 0.338675 0.71463 0.13888999999999996 0.08519999999999994
2 0.542735 0.71463 0.14103 0.08519999999999994
2 0.751065 0.713025 0.13888999999999996 0.08521000000000001
3 0.547005 0.8786149999999999 0.13675000000000004 0.16881000000000002
4 0.33654 0.14148 0.10897999999999997 0.022499999999999992
4 0.550215 0.14469500000000002 0.10897000000000001 0.022510000000000002
4 0.759615 0.14469500000000002 0.10897000000000001 0.022510000000000002
4 0.550215 0.284565 0.13889 0.05786999999999998
4 0.34188 0.45257000000000003 0.13676 0.04984000000000005
4 0.76282 0.45418000000000003 0.1367600000000001 0.04984000000000005
4 0.34295 0.28135 0.13033999999999996 0.051439999999999986
4 0.76389 0.28135 0.13034 0.051439999999999986
5 0.338675 0.24196499999999999 0.11324999999999996 0.01447000000000001
5 0.549145 0.242765 0.11111000000000004 0.01607000000000003
5 0.76282 0.24356500000000003 0.11112 0.01447000000000001
5 0.75641 0.413985 0.11112 0.014469999999999983
5 0.34188 0.412375 0.11112 0.014469999999999983
5 0.7649600000000001 0.599675 0.11965999999999999 0.051449999999999996
5 0.34188 0.6004799999999999 0.11965999999999999 0.049839999999999995
6 0.56517 0.43649499999999997 0.22436 0.11737000000000003
6 0.57158 0.6125400000000001 0.30128 0.11575999999999997
7 0.282055 0.192925 0.034190000000000054 0.09325
7 0.3953 0.19373 0.03417999999999999 0.09164
7 0.496795 0.194535 0.03205000000000008 0.09325
7 0.608975 0.19373 0.034190000000000054 0.09164
7 0.707265 0.196145 0.034190000000000054 0.09325000000000003
7 0.819445 0.19534 0.03632999999999997 0.09164000000000003
7 0.819445 0.36173500000000003 0.03632999999999997 0.09325
7 0.706195 0.36334500000000003 0.03632999999999997 0.09325
7 0.399575 0.36254 0.03419 0.09164
7 0.28098500000000004 0.36173500000000003 0.03633000000000003 0.09325
7 0.279915 0.53135 0.038470000000000004 0.09485999999999994
7 0.40171 0.53135 0.038459999999999994 0.09485999999999994
7 0.8205100000000001 0.53296 0.03846000000000005 0.09485999999999994
7 0.700855 0.53296 0.038470000000000004 0.09485999999999994
7 0.6132500000000001 0.550645 0.03846000000000005 0.11415000000000003
7 0.48824999999999996 0.553855 0.04059999999999997 0.11414999999999997
9 0.555555 0.100482 0.74359 0.065916
9 0.55235 0.650325 0.7457199999999999 0.07235000000000003
11 0.338675 0.8705799999999999 0.13888999999999996 0.14629999999999999
11 0.75107 0.869775 0.13461999999999996 0.14790999999999999
