1 0.503921 0.56975 0.847058 0.85736
2 0.22157 0.460815 0.06666000000000002 0.08150999999999997
2 0.362745 0.461595 0.06667000000000001 0.08306999999999998
2 0.67255 0.458465 0.06665999999999994 0.08306999999999998
2 0.807845 0.45925 0.06667000000000001 0.08150000000000002
2 0.22059 0.59248 0.06470000000000001 0.07210000000000005
2 0.36372499999999997 0.590125 0.06470999999999999 0.07052999999999998
2 0.513725 0.591695 0.07843 0.07052999999999998
2 0.67549 0.58699 0.06469999999999998 0.07054000000000005
2 0.808825 0.58777 0.06471000000000005 0.07210000000000005
2 0.22059 0.316615 0.052940000000000015 0.06897000000000003
2 0.3598 0.316615 0.05293999999999999 0.06897000000000003
2 0.52843 0.31348 0.05293999999999999 0.06895999999999997
2 0.67549 0.316615 0.05293999999999999 0.06897000000000003
2 0.812745 0.321315 0.05294999999999994 0.06897000000000003
2 0.21176499999999998 0.20297500000000002 0.035290000000000016 0.06112999999999999
2 0.35098 0.204545 0.0353 0.06113000000000002
2 0.514705 0.199845 0.04117000000000004 0.06112999999999999
2 0.6666650000000001 0.204545 0.03528999999999993 0.06113000000000002
2 0.80098 0.204545 0.033340000000000036 0.06113000000000002
2 0.51961 0.450625 0.09411999999999998 0.08306999999999998
2 0.23039500000000002 0.726485 0.11961000000000002 0.10815000000000008
2 0.366665 0.724925 0.12157000000000001 0.10815000000000008
2 0.6764699999999999 0.723355 0.12156 0.10814999999999997
2 0.808825 0.7225699999999999 0.11961 0.10658000000000001
2 0.5235299999999999 0.71317 0.11371999999999999 0.08464000000000005
2 0.55098 0.97179 0.0 0.0
2 0.513725 0.90831 0.09018999999999999 0.12696000000000007
3 0.22941499999999998 0.920065 0.07842999999999997 0.14107000000000003
4 0.22255000000000003 0.543105 0.1 0.02351000000000003
4 0.36373 0.539965 0.09999999999999998 0.02351000000000003
4 0.6754899999999999 0.539185 0.09999999999999998 0.025070000000000037
4 0.8107800000000001 0.539965 0.09999999999999998 0.02351000000000003
5 0.22254999999999997 0.516455 0.09215999999999999 0.03604999999999997
5 0.361765 0.51724 0.09214999999999995 0.03762000000000004
5 0.808825 0.515675 0.09214999999999995 0.03760999999999998
5 0.67745 0.51411 0.09216000000000002 0.03761999999999993
6 0.219605 0.6489 0.07450999999999997 0.03761999999999999
6 0.358825 0.647335 0.07450999999999997 0.03760999999999992
6 0.515685 0.6442 0.07450999999999997 0.03761999999999999
6 0.67255 0.64263 0.06274000000000002 0.03761999999999999
6 0.8049 0.6442 0.060779999999999945 0.03761999999999999
6 0.527455 0.77586 0.12548999999999993 0.04702000000000006
8 0.52843 0.38714499999999996 0.033340000000000036 0.04075000000000001
9 0.506864 0.25548499999999996 0.821572 0.03760999999999998
9 0.49803749999999997 0.376175 0.819605 0.05957000000000001
9 0.50686 0.672415 0.7941199999999999 0.03449000000000002
9 0.52059 0.800155 0.7902 0.02664999999999995
10 0.15294000000000002 0.545455 0.03137999999999999 0.24451
10 0.45098 0.537615 0.031379999999999963 0.24450999999999995
10 0.608825 0.540755 0.03332999999999997 0.24451
10 0.8990199999999999 0.53605 0.033340000000000036 0.24137999999999998
10 0.15195999999999998 0.7351099999999999 0.04118000000000002 0.13166
10 0.45 0.7272700000000001 0.041179999999999994 0.13166
10 0.60588 0.73041 0.043139999999999956 0.13166
10 0.90098 0.7225699999999999 0.041179999999999994 0.13166
10 0.15294000000000002 0.38793 0.05098 0.06425999999999998
10 0.45196000000000003 0.38636000000000004 0.04902000000000001 0.054859999999999964
10 0.6088199999999999 0.387145 0.04901999999999995 0.05642999999999998
10 0.89608 0.387145 0.050980000000000025 0.05642999999999998
11 0.45392 0.090911 0.5470600000000001 0.075238
11 0.29901500000000003 0.822885 0.22549000000000002 0.018809999999999993
11 0.737255 0.8158350000000001 0.23920999999999992 0.02351000000000003
11 0.46667000000000003 0.86442 0.047060000000000046 0.03605999999999998
11 0.7980400000000001 0.916145 0.08628000000000002 0.15203
11 0.6666650000000001 0.9184950000000001 0.08626999999999996 0.15047
