1 0.562825 0.604375 0.8020700000000001 0.78451
2 0.286575 0.30135 0.03958999999999996 0.07744000000000001
2 0.334765 0.30135 0.03958999999999996 0.07744000000000001
2 0.549915 0.30135 0.039590000000000014 0.07744000000000001
2 0.598965 0.29798 0.03786999999999996 0.07744000000000001
2 0.286575 0.46212 0.03614999999999996 0.08922000000000002
2 0.33648999999999996 0.46212 0.036140000000000005 0.08922000000000002
2 0.5490550000000001 0.463805 0.03786999999999996 0.08922999999999998
2 0.60155 0.46548999999999996 0.03613999999999995 0.08922000000000002
2 0.283995 0.640575 0.03786999999999996 0.08922999999999992
2 0.33563 0.63889 0.037860000000000005 0.08921999999999997
2 0.5499149999999999 0.64394 0.036150000000000015 0.08921999999999997
2 0.60155 0.6447849999999999 0.03613999999999995 0.09090999999999994
2 0.286575 0.8198650000000001 0.03614999999999996 0.09090999999999994
2 0.33648999999999996 0.8198650000000001 0.036140000000000005 0.09090999999999994
2 0.548195 0.826595 0.036150000000000015 0.09091000000000005
2 0.60155 0.82744 0.03613999999999995 0.08921999999999997
2 0.8296 0.29966000000000004 0.058519999999999905 0.07744000000000001
2 0.84165 0.4899 0.061960000000000015 0.12457999999999997
2 0.8468199999999999 0.66919 0.058520000000000016 0.133
2 0.82616 0.8282849999999999 0.061960000000000015 0.10100999999999993
4 0.310675 0.2399 0.12909 0.02188000000000001
4 0.57315 0.238215 0.12736000000000003 0.021889999999999993
4 0.829605 0.242425 0.10326999999999997 0.013469999999999982
2 0.1187585 0.61195 0.041303000000000006 0.05892000000000008
2 0.118763 0.71549 0.04475399999999999 0.06059999999999999
2 0.08347650000000001 0.405725 0.039587 0.05386999999999997
2 0.1144565 0.50589 0.04302700000000001 0.06566
5 0.30895 0.51431 0.12908 0.02525999999999995
5 0.574875 0.51431 0.13080999999999998 0.02525999999999995
5 0.57315 0.696125 0.13079999999999992 0.025249999999999995
5 0.310675 0.689395 0.12909 0.025249999999999995
5 0.311535 0.871215 0.13081 0.025249999999999995
5 0.567125 0.877945 0.12908999999999993 0.025249999999999995
6 0.814115 0.53788 0.24441000000000002 0.09260000000000002
6 0.821 0.718855 0.24440000000000006 0.09765000000000001
7 0.286575 0.26347 0.03958999999999996 0.01851999999999998
7 0.334765 0.25926 0.03958999999999996 0.010099999999999998
7 0.549915 0.29377 0.03271000000000002 0.07576
7 0.5998300000000001 0.26768000000000003 0.03613999999999995 0.03030000000000005
7 0.8296049999999999 0.29461499999999996 0.05507000000000006 0.08080999999999999
7 0.28485000000000005 0.420875 0.03270000000000001 0.013469999999999982
7 0.33563 0.430975 0.034420000000000006 0.03366999999999998
7 0.5490550000000001 0.42929 0.03443000000000007 0.026939999999999964
7 0.60155 0.431815 0.03269999999999995 0.03198999999999996
7 0.549915 0.6052200000000001 0.03271000000000002 0.03198000000000001
7 0.60155 0.617845 0.03269999999999995 0.05386999999999997
7 0.28399 0.6346799999999999 0.034420000000000006 0.09428000000000003
7 0.33563 0.632995 0.034420000000000006 0.09091000000000005
7 0.285715 0.7870349999999999 0.03442999999999996 0.031990000000000074
7 0.33563 0.787875 0.034420000000000006 0.03367000000000009
7 0.5473300000000001 0.7895650000000001 0.034420000000000006 0.03366999999999998
7 0.60069 0.791245 0.034420000000000006 0.03366999999999998
7 0.82702 0.80892 0.05679999999999996 0.055560000000000054
7 0.7900149999999999 0.482325 0.03786999999999996 0.12962999999999997
7 0.88812 0.487375 0.030980000000000008 0.12962999999999997
7 0.788295 0.6700299999999999 0.03442999999999996 0.13468000000000002
7 0.889845 0.66835 0.024089999999999945 0.1346799999999999
7 0.104992 0.50505 0.020656000000000008 0.06059999999999999
7 0.126505 0.50505 0.018930000000000002 0.06059999999999999
7 0.08347650000000001 0.609425 0.022374999999999992 0.06061000000000005
7 0.14888 0.61111 0.022379999999999983 0.06059999999999999
9 0.566265 0.392255 0.79173 0.04041
9 0.5654 0.91246 0.79346 0.026940000000000075
