1 0.50048828 0.4915118 0.99902344 0.9754763999999999
2 0.071289 0.20755 0.035156 0.15094
2 0.191405 0.19811 0.03514999999999999 0.15094
2 0.31787 0.19433499999999998 0.036140000000000005 0.14717
2 0.42040999999999995 0.186795 0.036140000000000005 0.14717
2 0.510745 0.186795 0.037109999999999976 0.14717
2 0.60205 0.186795 0.03613999999999995 0.14717
2 0.71045 0.19056499999999998 0.03613999999999995 0.14717
2 0.83545 0.19433499999999998 0.03613999999999995 0.14717
2 0.958005 0.19622499999999998 0.037109999999999976 0.14717
2 0.95947 0.48019 0.040039999999999965 0.16037999999999997
2 0.83643 0.48019 0.040040000000000076 0.16037999999999997
2 0.7084999999999999 0.48302 0.040039999999999965 0.16603999999999997
2 0.59961 0.48585 0.039059999999999984 0.16792
2 0.509765 0.48302 0.039069999999999994 0.16603999999999997
2 0.418945 0.48302 0.039069999999999994 0.16603999999999997
2 0.31543 0.48396 0.039059999999999984 0.16791999999999996
2 0.065918 0.48490500000000003 0.04004 0.16602999999999996
2 0.18847999999999998 0.48773500000000003 0.03906000000000001 0.16792999999999997
2 0.833985 0.691505 0.04883000000000004 0.047170000000000045
2 0.958495 0.68679 0.04784999999999995 0.04905999999999999
2 0.70703 0.693395 0.050779999999999936 0.05095000000000005
2 0.069824 0.69434 0.041991999999999995 0.04905999999999999
2 0.18945499999999998 0.6952849999999999 0.046869999999999995 0.047170000000000045
2 0.31494 0.696225 0.049799999999999955 0.04905000000000004
2 0.708005 0.828305 0.04296999999999995 0.13585000000000003
2 0.96045 0.8198099999999999 0.04200000000000004 0.13395999999999997
2 0.83545 0.8217 0.04200000000000004 0.13396000000000008
3 0.50781 0.782075 0.11327999999999999 0.23207
4 0.06591849999999999 0.37263999999999997 0.07910299999999999 0.10000000000000003
4 0.18701 0.36887000000000003 0.0791 0.10000000000000003
4 0.313965 0.36321000000000003 0.07911000000000001 0.10000000000000003
4 0.41846 0.362265 0.08496000000000004 0.11321000000000003
4 0.5102500000000001 0.356605 0.08496000000000004 0.11321000000000003
4 0.60156 0.357545 0.08007999999999993 0.11509000000000003
4 0.709475 0.36132 0.08691000000000004 0.10754000000000002
4 0.8383799999999999 0.36415 0.08692 0.10944000000000004
4 0.956055 0.36132 0.08203000000000005 0.09622000000000003
4 0.70654 0.749055 0.0673800000000001 0.018869999999999942
4 0.95752 0.739625 0.06738 0.018869999999999942
4 0.83447 0.742455 0.06738 0.020750000000000046
4 0.314455 0.75283 0.06445000000000001 0.0188600000000001
5 0.065918 0.587735 0.067382 0.039630000000000054
5 0.18701 0.587735 0.06738 0.039630000000000054
5 0.31201 0.58585 0.07323999999999997 0.03961999999999999
5 0.416995 0.584905 0.06445000000000001 0.03773000000000004
5 0.510255 0.5830200000000001 0.06542999999999993 0.037739999999999996
5 0.6001 0.58302 0.06738 0.03395999999999999
5 0.7085 0.5839650000000001 0.07909999999999995 0.03585000000000005
5 0.83447 0.582075 0.07910000000000006 0.03584999999999994
5 0.960445 0.58019 0.07129000000000008 0.03961999999999999
7 0.7412099999999999 0.829245 0.021480000000000055 0.14905000000000002
7 0.674315 0.83396 0.020510000000000028 0.15093999999999996
7 0.8037099999999999 0.826415 0.021480000000000055 0.15094999999999992
7 0.867675 0.82736 0.020510000000000028 0.14905999999999997
7 0.98975 0.82264 0.016599999999999948 0.15093999999999996
7 0.928225 0.82453 0.020510000000000028 0.15094000000000007
7 0.34130499999999997 0.83585 0.020509999999999973 0.15094000000000007
7 0.277835 0.834905 0.020510000000000028 0.14905000000000002
9 0.5019514 0.6179250000000001 0.9941372 0.047170000000000045
9 0.5014647 0.0584886 0.9912106 0.1018828
10 0.414555 0.75377 0.014649999999999996 0.21698000000000006
10 0.382325 0.753775 0.014649999999999996 0.20943
10 0.633785 0.75 0.01366999999999996 0.21320000000000006
10 0.59961 0.7518849999999999 0.013680000000000025 0.21321
10 0.60059 0.63962 0.01758000000000004 0.011319999999999997
10 0.63281 0.63962 0.01757999999999993 0.011319999999999997
10 0.41455 0.640565 0.018559999999999965 0.009429999999999938
10 0.38281 0.6434 0.017579999999999985 0.011319999999999997
10 0.6328100000000001 0.86698 0.023440000000000016 0.016979999999999995
10 0.59863 0.866035 0.023439999999999905 0.015090000000000048
10 0.41406 0.870755 0.023440000000000016 0.01698999999999995
10 0.382325 0.866035 0.024409999999999987 0.015090000000000048
11 0.3125 0.81887 0.03710000000000002 0.12075999999999998
11 0.57324 0.819815 0.015619999999999967 0.024530000000000052
