1 0.42676000000000003 0.5827950000000001 0.73438 0.7881900000000001
2 0.183595 0.41335 0.07616999999999999 0.15403999999999995
2 0.33886499999999997 0.41335 0.07227 0.15148
2 0.49804499999999996 0.412065 0.07227 0.15405000000000002
2 0.654785 0.41014 0.07324999999999993 0.15532
2 0.18652 0.73427 0.07422000000000001 0.18742000000000003
2 0.342775 0.7278549999999999 0.08399000000000001 0.17715000000000003
2 0.5019549999999999 0.73363 0.07616999999999996 0.1887000000000001
2 0.65723 0.735555 0.07421999999999995 0.18999
2 0.879885 0.437745 0.06640999999999997 0.15661000000000003
2 0.879885 0.7618750000000001 0.06640999999999997 0.16817000000000004
2 0.95117 0.15982 0.0625 0.09113999999999998
4 0.88428 0.63479 0.13184000000000007 0.07574000000000003
4 0.191405 0.57638 0.15039000000000002 0.11040000000000005
4 0.34912 0.5770200000000001 0.14745999999999998 0.10912
4 0.5083 0.5776600000000001 0.15332 0.11039999999999994
4 0.66699 0.57638 0.14844000000000002 0.11295999999999995
5 0.1875 0.5 0.11914000000000002 0.02696000000000004
5 0.34375 0.49936 0.12890000000000001 0.02567999999999998
5 0.502445 0.49743 0.12793 0.026959999999999984
5 0.65967 0.49422499999999997 0.12402000000000002 0.02566999999999997
5 0.8833 0.54044 0.11229999999999996 0.056479999999999975
5 0.882815 0.88447 0.11522999999999994 0.08216000000000001
6 0.45215 0.869705 0.6718799999999999 0.17587000000000008
8 0.5625 0.0937115 0.058599999999999985 0.074457
9 0.426268 0.270215 0.719724 0.13479000000000002
9 0.425295 0.894095 0.71973 0.14249
