1 0.5585950000000001 0.5127475 0.7968700000000001 0.886685
2 0.20898499999999998 0.160765 0.05859 0.07507
2 0.2959 0.160765 0.058599999999999985 0.07507
2 0.382815 0.160765 0.058589999999999975 0.07507
2 0.47021500000000005 0.161475 0.057609999999999995 0.07365000000000001
2 0.557615 0.161475 0.05859000000000003 0.07365000000000001
2 0.64746 0.161475 0.058599999999999985 0.07365000000000001
2 0.203125 0.330025 0.017569999999999975 0.08215
2 0.22754000000000002 0.328615 0.017580000000000012 0.08215
2 0.29003999999999996 0.330025 0.017579999999999985 0.08215
2 0.31348 0.330025 0.017579999999999985 0.08215
2 0.37695 0.330025 0.01758000000000004 0.08215
2 0.40137 0.330025 0.01758000000000004 0.08215
2 0.46191000000000004 0.32932 0.017579999999999985 0.08074000000000003
2 0.487305 0.32932 0.017569999999999975 0.08074000000000003
2 0.549315 0.32932 0.018550000000000066 0.08074000000000003
2 0.573245 0.330025 0.019530000000000047 0.08215
2 0.667965 0.330025 0.019530000000000047 0.08215
2 0.6933549999999999 0.330025 0.019529999999999936 0.08215
2 0.717775 0.330025 0.019529999999999936 0.08215
2 0.82666 0.330025 0.01856000000000002 0.08215
2 0.851075 0.330025 0.018549999999999955 0.08215
2 0.902345 0.330025 0.019529999999999936 0.08215
2 0.927735 0.330025 0.019530000000000047 0.08215
2 0.212405 0.49787499999999996 0.04199 0.10056999999999999
2 0.29834 0.49787499999999996 0.04200000000000004 0.10056999999999999
2 0.385255 0.49787499999999996 0.04199000000000003 0.10056999999999999
2 0.47119500000000003 0.49787499999999996 0.04199000000000003 0.10056999999999999
2 0.559085 0.498585 0.04199000000000008 0.09914999999999996
2 0.8378950000000001 0.500705 0.042970000000000064 0.10056999999999999
2 0.915035 0.5 0.042970000000000064 0.09915999999999997
2 0.9140600000000001 0.677055 0.039059999999999984 0.08499000000000001
2 0.837405 0.676345 0.03809000000000007 0.08640999999999999
2 0.5571299999999999 0.67493 0.03808 0.08640000000000003
2 0.470215 0.67351 0.03808999999999996 0.08639999999999992
2 0.38378999999999996 0.67351 0.03906000000000004 0.08639999999999992
2 0.297365 0.67493 0.03809000000000001 0.08640000000000003
2 0.20995999999999998 0.67493 0.03906000000000001 0.08640000000000003
2 0.663085 0.483005 0.02149000000000001 0.09064999999999995
2 0.626955 0.483005 0.02149000000000001 0.09064999999999995
2 0.69922 0.483005 0.021480000000000055 0.09064999999999995
2 0.7348600000000001 0.483005 0.022460000000000035 0.09064999999999995
2 0.63965 0.675635 0.021480000000000055 0.08214999999999995
2 0.674805 0.675635 0.02149000000000001 0.08214999999999995
2 0.70947 0.675635 0.022460000000000035 0.08214999999999995
2 0.74463 0.676345 0.022459999999999924 0.08357000000000003
2 0.20947 0.85198 0.057620000000000005 0.10340000000000005
2 0.29639 0.851275 0.057620000000000005 0.10481000000000007
2 0.3833 0.851275 0.05761999999999995 0.10481000000000007
2 0.46924 0.850565 0.057620000000000005 0.10623000000000005
2 0.555175 0.851985 0.05761000000000005 0.10623000000000005
2 0.876465 0.8533999999999999 0.10253000000000001 0.10340000000000005
2 0.68994 0.851275 0.10254000000000008 0.10481000000000007
5 0.20947 0.5517000000000001 0.055660000000000015 0.015580000000000038
5 0.29541 0.5524100000000001 0.05566000000000004 0.014160000000000061
5 0.3833 0.5524100000000001 0.05565999999999999 0.014160000000000061
5 0.46924 0.5524100000000001 0.05565999999999999 0.014160000000000061
5 0.55713 0.5531200000000001 0.05566000000000004 0.015580000000000038
5 0.8374 0.55524 0.05566000000000004 0.014160000000000061
5 0.91455 0.55524 0.05566000000000004 0.014160000000000061
7 0.217285 0.47096000000000005 0.03026999999999999 0.038239999999999996
7 0.30322499999999997 0.458925 0.032230000000000036 0.011330000000000007
7 0.38965 0.46671 0.03320000000000001 0.02407999999999999
7 0.47461 0.49575 0.03320000000000001 0.08498000000000006
7 0.5620099999999999 0.45963 0.03417999999999999 0.009919999999999984
7 0.6269549999999999 0.46670999999999996 0.019529999999999936 0.05524000000000001
7 0.640135 0.644475 0.020510000000000028 0.019830000000000014
7 0.674805 0.644475 0.019530000000000047 0.019830000000000014
7 0.74463 0.63881 0.020499999999999963 0.008499999999999952
7 0.386715 0.640935 0.03125 0.018410000000000037
8 0.623535 0.422095 0.026370000000000005 0.019830000000000014
8 0.660155 0.422095 0.027349999999999985 0.019830000000000014
8 0.6962900000000001 0.420675 0.02734000000000003 0.01982999999999996
8 0.7324200000000001 0.421385 0.02734000000000003 0.02124999999999999
8 0.75586 0.63527 0.023440000000000016 0.06658000000000008
8 0.71826 0.63598 0.022459999999999924 0.06516
8 0.683105 0.63527 0.026370000000000005 0.060899999999999954
8 0.64795 0.63456 0.02636000000000005 0.06231999999999993
8 0.61084 0.63598 0.02636000000000005 0.06231999999999993
4 0.546875 0.27904 0.025390000000000024 0.017000000000000015
4 0.571775 0.28045 0.024410000000000043 0.01699999999999996
4 0.484375 0.279745 0.02342999999999995 0.018409999999999982
4 0.459965 0.279745 0.025390000000000024 0.018409999999999982
9 0.55957 0.251415 0.7910200000000001 0.04107000000000002
9 0.555665 0.37322999999999995 0.78321 0.02692
9 0.55908 0.72238 0.78808 0.025499999999999967
10 0.7504850000000001 0.490085 0.008789999999999965 0.09065000000000006
10 0.7143550000000001 0.488665 0.008789999999999965 0.09064999999999995
10 0.6782250000000001 0.488665 0.008789999999999965 0.09064999999999995
10 0.6416 0.489375 0.009760000000000102 0.08922999999999998
10 0.604985 0.488665 0.008790000000000076 0.09064999999999995
10 0.75098 0.561615 0.011719999999999953 0.05240999999999996
10 0.714845 0.54745 0.01366999999999996 0.026920000000000055
10 0.677735 0.560195 0.011709999999999998 0.05241000000000007
10 0.64209 0.54745 0.014640000000000097 0.026920000000000055
10 0.60449 0.560195 0.011719999999999953 0.05241000000000007
10 0.75049 0.438385 0.010739999999999972 0.012749999999999984
10 0.7143550000000001 0.438385 0.010749999999999926 0.012749999999999984
10 0.67822 0.43767500000000004 0.010740000000000083 0.011330000000000007
10 0.64209 0.438385 0.010740000000000083 0.012749999999999984
10 0.60449 0.43767500000000004 0.011719999999999953 0.011330000000000007
