1 0.5059825 0.50127875 0.984615 0.9974425
2 0.24615 0.2711 0.1094 0.11764
2 0.24273499999999998 0.49616499999999997 0.10940999999999998 0.11764999999999998
2 0.246155 0.726345 0.10599000000000003 0.11765000000000003
2 0.42478499999999997 0.11125449999999999 0.09742999999999996 0.09463099999999999
2 0.5769249999999999 0.11125449999999999 0.09743000000000002 0.09463099999999999
2 0.42564 0.31457999999999997 0.09914 0.10742000000000002
2 0.578635 0.31457999999999997 0.10085 0.10742000000000002
2 0.42393000000000003 0.5243 0.09913999999999995 0.10742000000000002
2 0.578635 0.526855 0.10085 0.10740999999999995
2 0.42478499999999997 0.735295 0.09742999999999996 0.09462999999999999
2 0.58034 0.730175 0.09743999999999997 0.09462999999999999
2 0.7427349999999999 0.269825 0.10426999999999997 0.11509
2 0.7453000000000001 0.494885 0.10598000000000007 0.11508999999999997
2 0.74359 0.717395 0.10597999999999996 0.11508999999999991
2 0.729915 0.0831205 0.09915000000000007 0.043479
2 0.10256599999999999 0.29284 0.04786800000000001 0.06906000000000001
2 0.10000200000000001 0.51407 0.049575999999999995 0.08183999999999997
2 0.1025665 0.7289 0.051286999999999985 0.09207999999999994
2 0.90598 0.50895 0.047860000000000014 0.07671999999999995
2 0.9068350000000001 0.726345 0.046150000000000024 0.09206999999999999
2 0.90598 0.29284 0.047860000000000014 0.06906000000000001
4 0.728205 0.0370845 0.15727000000000002 0.038362999999999994
4 0.26325 0.0409205 0.15726 0.040921
6 0.092307 0.37468 0.150426 0.10998000000000002
6 0.091452 0.5959099999999999 0.14871600000000001 0.10741999999999996
6 0.09316150000000001 0.81714 0.148717 0.10485999999999995
6 0.9068350000000001 0.36829 0.17607000000000006 0.1023
6 0.9085449999999999 0.59463 0.17607000000000006 0.09973999999999994
6 0.9085449999999999 0.8133 0.17607000000000006 0.10230000000000006
7 0.1000015 0.5153449999999999 0.04615699999999999 0.07416999999999996
7 0.103421 0.7289 0.046158000000000005 0.08695999999999993
7 0.24701 0.681585 0.10085999999999998 0.017910000000000093
7 0.244445 0.45269000000000004 0.10257 0.020459999999999978
7 0.42393000000000003 0.494885 0.09571999999999997 0.038370000000000015
7 0.5777749999999999 0.102302 0.09572999999999998 0.066496
7 0.579485 0.73146 0.09572999999999998 0.08695999999999993
7 0.905985 0.277495 0.04103000000000001 0.03325
9 0.507692 0.8235300000000001 0.981196 0.11253999999999997
9 0.508546 0.5626599999999999 0.9726480000000001 0.05626000000000009
9 0.504272 0.349105 0.974356 0.05883000000000005
11 0.176067 0.9335 0.317946 0.12275999999999998
11 0.424785 0.93862 0.17607000000000006 0.11763999999999997
11 0.61795 0.93862 0.2102599999999999 0.11763999999999997
11 0.83419 0.9347799999999999 0.2188 0.12532
2 0.264955 0.08567949999999999 0.09914999999999999 0.043481000000000006
