1 0.49800815 0.5185545 0.9933637 0.9628909999999999
2 0.1213515 0.219235 0.067637 0.08887
2 0.31499 0.211915 0.06764000000000003 0.08788999999999997
2 0.5179 0.209965 0.06763999999999998 0.08789000000000002
2 0.7168399999999999 0.212895 0.06764000000000003 0.08789000000000002
2 0.91313 0.215825 0.06763999999999992 0.08789
2 0.722815 0.38817999999999997 0.07427000000000006 0.10254000000000002
2 0.917775 0.39159999999999995 0.07427000000000006 0.10352
2 0.5185649999999999 0.38671999999999995 0.07426999999999995 0.10352
2 0.31631 0.387695 0.0756 0.10350999999999999
2 0.119364 0.39307000000000003 0.074272 0.10254000000000002
2 0.12068699999999999 0.58594 0.07426599999999998 0.10352000000000006
2 0.31432499999999997 0.5873999999999999 0.07427 0.10643999999999998
2 0.5185649999999999 0.585445 0.07426999999999995 0.11034999999999995
2 0.724135 0.585935 0.07426999999999995 0.11132999999999993
2 0.92109 0.585445 0.0756 0.11034999999999995
2 0.722815 0.776365 0.07427000000000006 0.11133000000000004
2 0.5192300000000001 0.77832 0.0756 0.11132000000000009
2 0.316975 0.777835 0.07427 0.11035000000000006
2 0.1220155 0.77539 0.07426900000000002 0.11131999999999997
4 0.12069150000000001 0.15869 0.129977 0.03222
4 0.31962999999999997 0.14795000000000003 0.12998000000000004 0.03222
4 0.51459 0.149905 0.12997999999999998 0.03223000000000001
4 0.708225 0.152835 0.12996999999999992 0.03222999999999998
4 0.9124650000000001 0.154785 0.12997000000000003 0.03223000000000001
4 0.920425 0.31982 0.12997000000000003 0.040039999999999965
4 0.7214849999999999 0.31787 0.12997000000000003 0.04004000000000002
4 0.5185649999999999 0.313965 0.12997000000000003 0.04003000000000001
4 0.312995 0.31592 0.12996999999999997 0.04004000000000002
4 0.12069150000000001 0.3208 0.129977 0.04004000000000002
4 0.11936250000000001 0.513675 0.143235 0.048829999999999985
4 0.31764 0.510745 0.14456 0.048829999999999985
4 0.5179050000000001 0.510255 0.14456999999999998 0.047850000000000004
4 0.72082 0.511715 0.14456000000000002 0.048829999999999985
4 0.922415 0.511715 0.14190999999999998 0.048829999999999985
4 0.31565 0.706055 0.13794 0.04296999999999995
4 0.118036 0.705075 0.137928 0.04296999999999995
4 0.52056 0.707035 0.13926 0.04296999999999995
4 0.7221500000000001 0.705075 0.13926000000000005 0.04296999999999995
7 0.06962850000000001 0.220215 0.033157000000000006 0.08691000000000002
7 0.168435 0.215335 0.03449000000000002 0.08691000000000002
7 0.26326 0.211425 0.03315999999999997 0.08690999999999999
7 0.363395 0.20751999999999998 0.034489999999999965 0.08691999999999997
7 0.464855 0.209475 0.03315000000000001 0.08690999999999999
7 0.5683 0.209475 0.03315999999999997 0.08690999999999999
7 0.6651199999999999 0.21240499999999998 0.03315999999999997 0.08690999999999999
7 0.7679050000000001 0.209475 0.03449000000000002 0.08690999999999999
7 0.861405 0.21240499999999998 0.03315000000000001 0.08690999999999999
7 0.96618 0.211425 0.03315999999999997 0.08690999999999999
7 0.863395 0.391115 0.03978999999999999 0.10448999999999997
7 0.774535 0.388185 0.03978999999999999 0.10448999999999997
7 0.665785 0.390135 0.03978999999999999 0.10448999999999997
7 0.5742700000000001 0.387205 0.03978000000000004 0.10449000000000003
7 0.46153500000000003 0.388185 0.03979000000000005 0.10448999999999997
7 0.36936 0.385255 0.038459999999999994 0.10449000000000003
7 0.259945 0.38622999999999996 0.039789999999999964 0.10449999999999998
7 0.17374 0.39258000000000004 0.03978000000000001 0.10352
7 0.06631300000000001 0.394045 0.039788000000000004 0.10449000000000003
7 0.13793 0.585935 0.037140000000000006 0.09960999999999998
7 0.1021205 0.58545 0.034478999999999996 0.10058
7 0.259285 0.581545 0.03580999999999998 0.11034999999999995
7 0.370025 0.58545 0.037129999999999996 0.10643999999999998
7 0.4622 0.58545 0.041120000000000045 0.10643999999999998
7 0.573605 0.58301 0.04110999999999998 0.10741999999999996
7 0.6697649999999999 0.58203 0.0397900000000001 0.10741999999999996
7 0.77719 0.581545 0.03714000000000006 0.11231000000000002
7 0.8687 0.586425 0.03978000000000004 0.10645000000000004
7 0.170425 0.77637 0.03051000000000001 0.11328000000000005
7 0.10145850000000001 0.77637 0.03050299999999999 0.11328000000000005
7 0.261935 0.77783 0.03580999999999998 0.11230000000000007
7 0.37268 0.7793 0.037140000000000006 0.11328000000000005
7 0.46419 0.78027 0.037140000000000006 0.11328000000000005
7 0.5769249999999999 0.78027 0.037129999999999996 0.11328000000000005
7 0.66711 0.78027 0.03713999999999995 0.11328000000000005
7 0.77719 0.78027 0.03714000000000006 0.11328000000000005
7 0.86605 0.77832 0.03713999999999995 0.11328000000000005
8 0.259945 0.112795 0.07427 0.02441
8 0.416445 0.109373 0.15649000000000002 0.023433999999999996
8 0.17971 0.11865500000000001 0.07294 0.02441
8 0.0557038 0.120115 0.0954924 0.02539000000000001
8 0.61141 0.11035149999999999 0.15650000000000008 0.023437
8 0.8143199999999999 0.112795 0.15649999999999997 0.02441
8 0.9621999999999999 0.11621 0.059680000000000066 0.02343999999999999
9 0.5006615 0.092773 0.974797 0.103514
9 0.4999995 0.27344 0.970821 0.04687999999999998
9 0.49801189999999995 0.458495 0.9774562 0.03809000000000001
9 0.5006645 0.656735 0.972151 0.036129999999999995
11 0.320955 0.9599599999999999 0.09815000000000002 0.07422000000000006
11 0.51857 0.9619150000000001 0.09814000000000006 0.07226999999999995
11 0.7175100000000001 0.9619150000000001 0.09814 0.07226999999999995
11 0.127984 0.9594750000000001 0.09151200000000001 0.07714999999999994
