1 0.495041 0.48144328000000003 0.8190780000000001 0.96093344
2 0.284385 0.416995 0.10285 0.19141000000000002
2 0.49256500000000003 0.416505 0.10781000000000002 0.18846999999999997
2 0.699505 0.416505 0.10533000000000003 0.19042999999999993
2 0.27819 0.745115 0.11028000000000002 0.20703000000000005
2 0.48699000000000003 0.74707 0.10904000000000003 0.20897999999999994
2 0.700125 0.74805 0.11152999999999991 0.2109399999999999
2 0.284385 0.13671899999999998 0.07311000000000001 0.10742199999999999
2 0.490085 0.13574050000000001 0.07311000000000001 0.107419
2 0.699505 0.134279 0.07311000000000001 0.10840200000000001
2 0.393435 0.0463865 0.013629999999999975 0.022461000000000002
2 0.411405 0.046875 0.014869999999999994 0.023438
2 0.433085 0.046875 0.016109999999999958 0.023438
2 0.452295 0.046875 0.01487000000000005 0.023438
2 0.47397500000000004 0.046875 0.016110000000000013 0.023438
2 0.493185 0.0458985 0.014869999999999939 0.023437
2 0.514255 0.046387 0.014869999999999939 0.024413999999999998
2 0.535315 0.046387 0.014869999999999939 0.024413999999999998
2 0.556385 0.0458985 0.014869999999999939 0.023437
2 0.392815 0.0156252 0.014869999999999994 0.0195316
2 0.574345 0.0463865 0.013630000000000031 0.022461000000000002
2 0.41202 0.0151369 0.016100000000000003 0.0205082
2 0.41202 0.0151369 0.016100000000000003 0.0205082
2 0.433705 0.0156252 0.014869999999999994 0.0195316
2 0.454155 0.0156252 0.016110000000000013 0.0195316
2 0.47335499999999997 0.0156252 0.014869999999999994 0.0195316
2 0.494425 0.0151369 0.014869999999999994 0.0205082
2 0.494425 0.0151369 0.014869999999999994 0.0205082
2 0.51487 0.0156252 0.016100000000000003 0.0195316
2 0.536555 0.0156252 0.014869999999999939 0.0195316
2 0.557005 0.0156252 0.016109999999999958 0.0195316
2 0.5768249999999999 0.0156252 0.016109999999999958 0.0195316
5 0.27757 0.8662099999999999 0.17844000000000002 0.04491999999999996
5 0.48947 0.86719 0.17844000000000004 0.04492000000000007
5 0.7050799999999999 0.86816 0.17844000000000004 0.04491999999999996
6 0.465305 0.051758 0.59851 0.017577999999999996
9 0.495043 0.240235 0.801734 0.09571000000000002
9 0.49318300000000004 0.5727549999999999 0.798014 0.06347000000000003
6 0.964065 0.61572 0.0644300000000001 0.07910000000000006
