1 0.49999828 0.5005623 0.99804344 0.9943754
2 0.24951 0.170415 0.057620000000000005 0.06411
2 0.42041 0.170415 0.057620000000000005 0.06411
2 0.59033 0.17154 0.057620000000000005 0.06412000000000001
2 0.92334 0.174915 0.057620000000000005 0.06411
2 0.75928 0.170415 0.057620000000000005 0.06411
2 0.0781255 0.37570499999999996 0.054688999999999995 0.12599
2 0.24950999999999998 0.37570499999999996 0.05565999999999999 0.12599
2 0.422365 0.37626499999999996 0.053710000000000035 0.12935000000000002
2 0.590335 0.37514000000000003 0.053710000000000035 0.12935999999999998
2 0.7602549999999999 0.37908 0.06347000000000003 0.13498000000000004
2 0.92822 0.37458 0.06152000000000002 0.12823999999999997
2 0.592775 0.586615 0.07226999999999995 0.15635
2 0.42041 0.5854900000000001 0.07323999999999997 0.15635999999999994
2 0.248535 0.5854900000000001 0.07325000000000004 0.15635999999999994
2 0.077638 0.5854900000000001 0.073244 0.15635999999999994
2 0.76465 0.58155 0.0722600000000001 0.15748000000000006
2 0.932615 0.58155 0.07226999999999995 0.15298
3 0.584965 0.9229499999999999 0.09960999999999998 0.12486000000000008
2 0.58545 0.793585 0.10840000000000005 0.05286999999999997
2 0.439945 0.7964 0.08887 0.0517399999999999
2 0.7397450000000001 0.789085 0.06542999999999999 0.05286999999999997
2 0.28515999999999997 0.7947150000000001 0.044920000000000015 0.04836999999999991
6 0.07079985 0.45557 0.13574029999999998 0.11473999999999995
6 0.242185 0.454445 0.13477 0.11473
6 0.41552999999999995 0.45331999999999995 0.13184 0.11923999999999996
6 0.592285 0.452195 0.13183 0.11923
6 0.768065 0.44882 0.13183 0.11924000000000001
6 0.934085 0.44938 0.12207000000000001 0.11135999999999996
6 0.06836155000000001 0.6681649999999999 0.1328169 0.10572999999999999
6 0.24463000000000001 0.647355 0.10644 0.048370000000000024
6 0.59424 0.647355 0.10644000000000009 0.048370000000000024
6 0.418455 0.665355 0.13769000000000003 0.10911000000000004
6 0.7709950000000001 0.660855 0.13768999999999998 0.10911000000000004
6 0.9345699999999999 0.6417349999999999 0.10155999999999998 0.04836999999999991
6 0.5009778 0.0348705 0.9824244 0.053993
7 0.265625 0.17379 0.02342999999999995 0.05286000000000002
7 0.23828 0.17379 0.027340000000000003 0.05286000000000002
7 0.40625 0.17435499999999998 0.02734000000000003 0.05399000000000001
7 0.434575 0.17435499999999998 0.025390000000000024 0.05399000000000001
7 0.577635 0.172665 0.026370000000000005 0.057370000000000004
7 0.604495 0.17379 0.025390000000000024 0.05736000000000002
7 0.72168 0.172105 0.009759999999999991 0.06749
7 0.77832 0.17379 0.013679999999999914 0.05736000000000002
7 0.0444335 0.37233 0.022460999999999995 0.12824000000000002
7 0.115235 0.37233 0.017570000000000002 0.12824000000000002
7 0.20752 0.37233 0.024419999999999997 0.13048000000000004
7 0.282715 0.373455 0.020510000000000028 0.13049
7 0.38427999999999995 0.371765 0.02245999999999998 0.13611
7 0.45654 0.37514 0.022460000000000035 0.1361
7 0.5522499999999999 0.37514 0.022460000000000035 0.1361
7 0.62939 0.374015 0.022459999999999924 0.13611
7 0.745605 0.37908 0.03222999999999998 0.13047999999999998
7 0.804685 0.378515 0.019530000000000047 0.13161
7 0.89209 0.37626499999999996 0.01660000000000006 0.13611
7 0.943845 0.37795 0.024409999999999932 0.12597999999999998
7 0.0634765 0.61361 0.03710900000000001 0.09336
7 0.09765399999999999 0.6141700000000001 0.029292 0.09223999999999999
7 0.2334 0.6153 0.03320000000000001 0.09223999999999999
7 0.266115 0.614735 0.03027000000000002 0.09111000000000002
7 0.40088 0.610235 0.026359999999999995 0.09336999999999995
7 0.44531 0.6113599999999999 0.015620000000000023 0.09111999999999998
7 0.249025 0.538805 0.06640999999999997 0.05398999999999998
7 0.07910249999999999 0.5376799999999999 0.064455 0.05174000000000001
7 0.42139 0.536555 0.06738 0.049490000000000034
7 0.6137699999999999 0.582675 0.024419999999999997 0.1552300000000001
7 0.558105 0.58099 0.020510000000000028 0.15636000000000005
7 0.72363 0.5770500000000001 0.01757999999999993 0.15298
7 0.80713 0.575365 0.016599999999999948 0.14961000000000002
7 0.91211 0.5821149999999999 0.029299999999999993 0.15184999999999993
7 0.97119 0.57649 0.016599999999999948 0.15410000000000001
9 0.509767 0.095611 0.970706 0.05623800000000001
9 0.50146455 0.250845 0.9853509 0.10572999999999999
9 0.50292795 0.67379 0.9921841 0.0337400000000001
10 0.16113 0.46906499999999995 0.03516 0.27670999999999996
10 0.33301000000000003 0.47019 0.035160000000000025 0.27672
10 0.50586 0.466815 0.035160000000000025 0.27671
10 0.6796899999999999 0.466815 0.03515999999999997 0.27671
10 0.847655 0.46850499999999995 0.035150000000000015 0.27558999999999995
10 0.00634778 0.47243999999999997 0.01074244 0.27672
10 0.158695 0.64117 0.047850000000000004 0.0675
10 0.333495 0.64117 0.047850000000000004 0.0675
10 0.506345 0.639485 0.047850000000000004 0.06637000000000004
10 0.681155 0.639485 0.04785000000000006 0.06637000000000004
10 0.85498 0.638355 0.047860000000000014 0.06187000000000009
10 0.161135 0.30596 0.05273 0.04949999999999999
10 0.33301000000000003 0.307085 0.052739999999999954 0.049490000000000034
10 0.50635 0.30371499999999996 0.05175999999999997 0.04948999999999998
10 0.68115 0.30371499999999996 0.05176000000000003 0.04948999999999998
10 0.8457049999999999 0.30596 0.052730000000000055 0.04949999999999999
10 0.00683578 0.30989500000000003 0.01171844 0.04836999999999997
11 0.73633 0.892015 0.0625 0.13498999999999994
11 0.438965 0.91282 0.08887 0.13385999999999998
11 0.28759500000000005 0.9145099999999999 0.047850000000000004 0.13498
11 0.211425 0.9173199999999999 0.03027000000000002 0.13385999999999998
11 0.24414000000000002 0.8908849999999999 0.02930000000000002 0.08099
11 0.24658 0.95613 0.018559999999999965 0.04274
11 0.37939 0.890325 0.028320000000000012 0.07987
11 0.38086 0.955005 0.017579999999999985 0.035989999999999966
11 0.58301 0.84871 0.10155999999999998 0.019120000000000026
10 0.16016 0.8993249999999999 0.044920000000000015 0.16535
10 0.333985 0.901575 0.04492999999999997 0.16535
10 0.50928 0.899885 0.045899999999999996 0.16423
10 0.68262 0.894825 0.04492000000000007 0.16535
10 0.85205 0.890325 0.04590000000000005 0.16535
10 0.00683585 0.90045 0.0078122999999999995 0.16086
10 0.01025385 0.805965 0.0146483 0.02586999999999995
10 0.159665 0.8042750000000001 0.05957000000000001 0.02474999999999994
10 0.33447499999999997 0.8065249999999999 0.059569999999999956 0.02474999999999994
10 0.50879 0.8054 0.05663999999999997 0.022499999999999964
10 0.68262 0.8009 0.056640000000000024 0.022500000000000075
10 0.85254 0.797525 0.056640000000000024 0.02249000000000001
