1 0.60207 0.542965 0.27171999999999996 0.60547
2 0.52621 0.31787 0.045520000000000005 0.05175999999999997
2 0.60483 0.31836 0.045520000000000005 0.05077999999999999
2 0.68207 0.31884999999999997 0.045520000000000005 0.05175999999999997
2 0.251035 0.535155 0.04965 0.07616999999999996
2 0.36275999999999997 0.541015 0.04965999999999998 0.07616999999999996
2 0.251035 0.6655249999999999 0.04965 0.06542999999999999
2 0.36275999999999997 0.66846 0.04414000000000001 0.06348000000000009
2 0.345515 0.418945 0.020689999999999986 0.05859000000000003
2 0.507585 0.43408 0.02483000000000002 0.05565999999999999
2 0.54 0.433105 0.0262 0.05567
2 0.5848249999999999 0.433105 0.02483000000000002 0.05567
2 0.61862 0.433105 0.0262 0.05567
2 0.664825 0.433105 0.024829999999999908 0.05567
2 0.694485 0.433105 0.026210000000000067 0.05567
2 0.506895 0.55029 0.02621000000000001 0.0673800000000001
2 0.54 0.549315 0.0262 0.06739000000000006
2 0.585515 0.548825 0.026210000000000067 0.06641000000000008
2 0.61793 0.548825 0.027579999999999938 0.06641000000000008
2 0.6634450000000001 0.54785 0.02483000000000002 0.0663999999999999
2 0.6951750000000001 0.5473650000000001 0.02483000000000002 0.06542999999999999
2 0.374485 0.424315 0.020689999999999986 0.05957000000000001
2 0.266205 0.40869 0.02206999999999998 0.06347999999999998
2 0.23379499999999998 0.404785 0.02345 0.061529999999999974
4 0.6006900000000001 0.50391 0.24966000000000005 0.011719999999999953
4 0.23586 0.36426000000000003 0.030339999999999978 0.015620000000000023
4 0.26827500000000004 0.36816499999999996 0.028969999999999996 0.015629999999999977
4 0.348275 0.38134500000000005 0.026209999999999956 0.014649999999999996
4 0.37724 0.38623 0.0262 0.014639999999999986
5 0.60276 0.5849599999999999 0.24552000000000007 0.013680000000000025
8 0.598625 0.626465 0.22069 0.05761000000000005
8 0.15378999999999998 0.560545 0.0869 0.21484999999999993
9 0.60207 0.38037 0.2662 0.024419999999999997
9 0.601375 0.46386499999999997 0.25931 0.013670000000000015
3 0.595175 0.7612300000000001 0.18345 0.16113999999999995
