1 0.5048828 0.5322595 0.9902344 0.9326810000000001
2 0.39844 0.31135999999999997 0.044920000000000015 0.10098000000000001
2 0.480955 0.31206 0.049809999999999965 0.10799999999999998
2 0.56787 0.31276499999999996 0.049800000000000066 0.10659000000000002
2 0.648925 0.31276499999999996 0.04981000000000002 0.10659000000000002
2 0.396485 0.502805 0.04492999999999997 0.08835000000000004
2 0.47753999999999996 0.5014000000000001 0.044920000000000015 0.09116000000000002
2 0.56152 0.49439 0.04492000000000007 0.10518
2 0.64453 0.497195 0.041019999999999945 0.10519
2 0.393555 0.6795249999999999 0.048829999999999985 0.10519
2 0.47753999999999996 0.676015 0.05077999999999999 0.10658999999999996
2 0.56201 0.675315 0.049800000000000066 0.10799000000000003
2 0.64209 0.676015 0.049799999999999955 0.10658999999999996
2 0.788085 0.31135999999999997 0.027349999999999985 0.10659999999999997
2 0.783205 0.49509500000000006 0.027349999999999985 0.10659000000000002
2 0.779785 0.673215 0.026370000000000005 0.10658999999999996
2 0.751465 0.31066 0.020509999999999917 0.10238000000000003
2 0.750975 0.492285 0.025389999999999913 0.10658999999999996
2 0.746585 0.676015 0.024409999999999932 0.10658999999999996
2 0.25586 0.31135999999999997 0.029299999999999965 0.11220000000000002
2 0.29052500000000003 0.31135999999999997 0.030269999999999964 0.11220000000000002
2 0.25244 0.49509000000000003 0.028320000000000012 0.10378000000000004
2 0.28759999999999997 0.495795 0.028319999999999956 0.10519000000000006
2 0.25049 0.6795249999999999 0.028319999999999984 0.10519
2 0.28564 0.6795249999999999 0.028320000000000012 0.10519
2 0.26758 0.852735 0.06249999999999997 0.10658999999999996
2 0.104491 0.8534349999999999 0.062498 0.10798999999999992
2 0.7627 0.84432 0.0625 0.10660000000000003
2 0.9238299999999999 0.305045 0.10351999999999995 0.11641000000000001
2 0.918945 0.49299000000000004 0.10350999999999999 0.09958000000000006
2 0.91455 0.67391 0.10253999999999996 0.09958
2 0.10351400000000001 0.68233 0.109372 0.11080000000000001
2 0.10791200000000001 0.49929500000000004 0.11035600000000001 0.10659000000000002
2 0.1113305 0.307855 0.109379 0.11640999999999999
2 0.411625 0.85554 0.020509999999999973 0.06452000000000002
2 0.447265 0.85554 0.019529999999999992 0.06452000000000002
2 0.578125 0.8513299999999999 0.019530000000000047 0.06452000000000002
2 0.612795 0.8499300000000001 0.020510000000000028 0.06452000000000002
2 0.425295 0.13394499999999998 0.10449000000000003 0.049089999999999995
2 0.595215 0.13744499999999998 0.12207000000000001 0.04768999999999998
2 0.29052500000000003 0.13324 0.04199000000000003 0.04768
2 0.735355 0.135345 0.037109999999999976 0.04629
3 0.426755 0.9439 0.054690000000000016 0.09818000000000005
3 0.5917950000000001 0.940395 0.054690000000000016 0.09677000000000002
4 0.11084100000000001 0.42917 0.125978 0.01963999999999999
4 0.27588 0.42637 0.09278 0.03365999999999997
4 0.7724599999999999 0.42777 0.09179999999999999 0.03365999999999997
4 0.651365 0.42637 0.07813000000000003 0.03365999999999997
4 0.566405 0.42637 0.07812999999999992 0.03365999999999997
4 0.482425 0.43338 0.07617000000000002 0.042080000000000006
4 0.40283 0.43198000000000003 0.07519999999999999 0.04207999999999995
4 0.44336 0.7959350000000001 0.12695999999999996 0.02664999999999995
4 0.6064449999999999 0.791725 0.12695 0.026650000000000063
4 0.74756 0.091863 0.07323999999999997 0.032254000000000005
4 0.6049800000000001 0.090462 0.15136000000000005 0.03225600000000001
4 0.447755 0.091863 0.15137 0.032254000000000005
4 0.297365 0.095372 0.06933 0.030855999999999995
5 0.268555 0.55119 0.08398999999999998 0.022440000000000015
5 0.398435 0.552595 0.07227 0.019629999999999925
5 0.47948999999999997 0.55189 0.06835999999999998 0.021039999999999948
5 0.56738 0.5532950000000001 0.06835999999999998 0.021029999999999993
5 0.64453 0.5511900000000001 0.06836000000000009 0.01963999999999999
5 0.76709 0.55049 0.0771400000000001 0.018240000000000034
5 0.762205 0.7321200000000001 0.07715000000000005 0.01963999999999999
5 0.64209 0.734225 0.06541999999999992 0.01822999999999997
5 0.560055 0.735625 0.06542999999999999 0.01822999999999997
5 0.476565 0.735625 0.06444999999999995 0.01822999999999997
5 0.394045 0.737025 0.06542999999999999 0.01823000000000008
5 0.26709 0.737025 0.07713999999999999 0.015429999999999944
5 0.1079095 0.553995 0.129881 0.019630000000000036
5 0.105958 0.7391300000000001 0.129884 0.01963999999999999
5 0.919435 0.547685 0.11817 0.01822999999999997
5 0.91455 0.730015 0.11816000000000004 0.01822999999999997
7 0.10839700000000001 0.31276000000000004 0.099606 0.10098000000000001
7 0.39844 0.31135999999999997 0.04102 0.09537999999999996
7 0.47948999999999997 0.313465 0.04102 0.09397
7 0.28955 0.31206 0.02245999999999998 0.10238000000000003
7 0.25586 0.313465 0.02148 0.10238999999999998
7 0.560055 0.47966 0.036129999999999995 0.06731999999999999
7 0.644045 0.49509000000000003 0.036129999999999995 0.09817999999999999
7 0.47558500000000004 0.500705 0.039069999999999994 0.08415000000000006
7 0.39453 0.502105 0.039059999999999984 0.08415
7 0.285155 0.502805 0.02149000000000001 0.08554999999999996
7 0.250975 0.502805 0.02149000000000001 0.08554999999999996
7 0.25 0.67882 0.023440000000000016 0.09817999999999993
7 0.28418 0.67742 0.023440000000000016 0.09817999999999993
7 0.390625 0.6781200000000001 0.04100999999999999 0.09957999999999989
7 0.47412 0.67532 0.04004000000000002 0.09958
7 0.1015625 0.6795249999999999 0.10351500000000001 0.09676999999999991
7 0.74707 0.465635 0.015619999999999967 0.03926999999999997
7 0.77832 0.46774499999999997 0.015619999999999967 0.04067000000000004
7 0.100586 0.8534349999999999 0.05468799999999999 0.10239000000000009
7 0.263675 0.852035 0.05468999999999999 0.10238999999999998
9 0.506834 0.20056000000000002 0.978512 0.08975999999999998
9 0.507324 0.37307 0.979492 0.03086
