1 0.5438350000000001 0.50146295 0.84123 0.9892541
2 0.21089999999999998 0.31787 0.07346 0.09864
2 0.38448000000000004 0.31787 0.07463999999999998 0.09864
2 0.5219199999999999 0.31738500000000003 0.07463999999999998 0.09961000000000003
2 0.662915 0.315915 0.07701000000000002 0.09863
2 0.80213 0.31738500000000003 0.07820000000000005 0.09961000000000003
2 0.938985 0.314455 0.04620999999999997 0.09960999999999998
2 0.20735 0.513675 0.07819999999999999 0.09960999999999998
2 0.383295 0.513675 0.07701000000000002 0.09960999999999998
2 0.52133 0.516115 0.07819999999999999 0.09863
2 0.66469 0.515135 0.07820000000000005 0.09863
2 0.94135 0.514645 0.04620000000000002 0.09961000000000003
2 0.9413499999999999 0.710935 0.04383999999999999 0.09960999999999998
2 0.94313 0.89209 0.037919999999999954 0.0771400000000001
2 0.80628 0.51416 0.07702000000000009 0.09864
2 0.80924 0.711425 0.07819999999999994 0.09863
2 0.662915 0.711425 0.07701000000000002 0.09863
2 0.5219199999999999 0.711915 0.07701999999999998 0.09960999999999998
2 0.38151999999999997 0.711425 0.07819999999999999 0.09863
2 0.20261 0.71045 0.07820000000000002 0.09863999999999995
2 0.206165 0.8959950000000001 0.07109000000000001 0.07518999999999998
2 0.38388500000000003 0.8959950000000001 0.07109000000000004 0.07518999999999998
2 0.5225150000000001 0.8959950000000001 0.07108999999999999 0.07518999999999998
2 0.810425 0.893555 0.07108999999999999 0.07617000000000007
2 0.8530800000000001 0.14404499999999998 0.04266000000000003 0.03026999999999999
2 0.36256 0.14257999999999998 0.04266000000000003 0.03319999999999998
2 0.58057 0.139645 0.04266000000000003 0.019529999999999992
3 0.665875 0.9165049999999999 0.08531 0.12402999999999997
4 0.20912 0.24609 0.12203999999999998 0.017579999999999985
4 0.380925 0.24463000000000001 0.12441000000000002 0.016599999999999976
4 0.52014 0.24512 0.12795999999999996 0.017580000000000012
4 0.6617299999999999 0.24414 0.12439999999999996 0.017579999999999985
4 0.80213 0.24414 0.12322 0.017579999999999985
4 0.92595 0.244145 0.06989999999999996 0.01953000000000002
4 0.20438499999999998 0.441895 0.12440999999999999 0.016610000000000014
4 0.378555 0.44140999999999997 0.12440999999999997 0.017579999999999985
4 0.5219199999999999 0.44238 0.12439999999999996 0.01758000000000004
4 0.66232 0.44043 0.12322 0.017579999999999985
4 0.8045 0.44043 0.12322 0.017579999999999985
4 0.80806 0.63672 0.12322000000000011 0.01758000000000004
4 0.6629149999999999 0.63965 0.12441000000000002 0.01758000000000004
4 0.5219199999999999 0.6386700000000001 0.12439999999999996 0.01758000000000004
4 0.383295 0.6386700000000001 0.12441000000000002 0.01758000000000004
4 0.202015 0.637695 0.12441000000000002 0.017570000000000086
4 0.20261 0.83594 0.12322000000000002 0.01757999999999993
4 0.3827 0.83594 0.12322 0.01757999999999993
4 0.520735 0.83594 0.12441000000000002 0.01757999999999993
4 0.8110200000000001 0.83301 0.12439999999999996 0.01758000000000004
4 0.9277249999999999 0.44189500000000004 0.07108999999999999 0.020509999999999973
4 0.928315 0.6362300000000001 0.06990999999999992 0.020500000000000074
4 0.93128 0.832035 0.06397999999999993 0.019530000000000047
5 0.20675000000000002 0.37207 0.11730000000000002 0.015620000000000023
5 0.38092000000000004 0.37109499999999995 0.11730000000000002 0.013670000000000015
5 0.520735 0.37207 0.11729 0.015620000000000023
5 0.6617299999999999 0.37060499999999996 0.12439999999999996 0.01855000000000001
5 0.8027249999999999 0.37012 0.12441000000000002 0.01758000000000004
5 0.9295 0.37011499999999997 0.06753999999999993 0.013670000000000015
5 0.205565 0.568845 0.11967000000000003 0.01464999999999994
5 0.38092000000000004 0.56787 0.11730000000000002 0.012699999999999934
5 0.52251 0.5693349999999999 0.11612000000000006 0.01366999999999996
5 0.66765 0.569825 0.11729999999999996 0.012689999999999979
5 0.80628 0.56836 0.11729999999999996 0.013680000000000025
5 0.20320000000000002 0.764645 0.11730000000000002 0.013670000000000071
5 0.38211 0.766115 0.11729999999999996 0.01269000000000009
5 0.5231 0.767575 0.11730000000000002 0.013670000000000071
5 0.66647 0.765625 0.11729999999999996 0.013670000000000071
5 0.8110200000000001 0.764645 0.11730000000000007 0.013670000000000071
5 0.20912 0.936525 0.11730000000000002 0.01366999999999996
5 0.38092000000000004 0.93799 0.11730000000000002 0.012699999999999934
5 0.52429 0.93799 0.11730000000000002 0.012699999999999934
5 0.8110200000000001 0.93408 0.11730000000000007 0.012699999999999934
5 0.93069 0.568845 0.06279999999999997 0.01464999999999994
5 0.93128 0.76416 0.06397999999999993 0.014640000000000097
5 0.9348350000000001 0.934085 0.05450999999999995 0.01464999999999994
9 0.54621 0.216305 0.80806 0.07129000000000002
8 0.6629149999999999 0.8373999999999999 0.14573000000000003 0.022460000000000035
11 0.883885 0.9575199999999999 0.03317000000000003 0.04589999999999994
11 0.7405200000000001 0.873045 0.037920000000000065 0.02149000000000001
