1 0.484395 0.41747809999999996 0.67977 0.8271438
2 0.37399000000000004 0.16748 0.05434 0.057620000000000005
2 0.5803499999999999 0.168945 0.05779999999999996 0.06055000000000002
2 0.036416199999999996 0.11816399999999999 0.058959599999999994 0.064452
2 0.03641615 0.30419999999999997 0.0635837 0.12011999999999998
2 0.03468215 0.50635 0.06011570000000001 0.12011999999999995
2 0.256645 0.559085 0.07860999999999999 0.07714999999999994
2 0.478615 0.558595 0.07861000000000007 0.07812999999999992
2 0.71214 0.560055 0.07861999999999991 0.07714999999999994
2 0.262425 0.34717 0.07860999999999999 0.10058
2 0.47919 0.34765999999999997 0.07746000000000003 0.10156000000000004
2 0.7086699999999999 0.34863 0.07862000000000002 0.10155999999999998
2 0.89133 0.509765 0.12486000000000008 0.07616999999999996
3 0.047976649999999996 0.74121 0.0867047 0.14061999999999997
3 0.348555 0.76172 0.07052999999999998 0.12109999999999999
3 0.47052000000000005 0.757325 0.07168000000000002 0.11817
4 0.05028915 0.41308500000000004 0.0913297 0.058589999999999975
5 0.26243 0.43652500000000005 0.1341 0.07227
5 0.47977 0.43554499999999996 0.1341 0.07227
5 0.713295 0.4375 0.13410999999999995 0.07225999999999999
5 0.71503 0.621095 0.1398799999999999 0.042970000000000064
5 0.48207999999999995 0.620115 0.14104 0.04296999999999995
5 0.25722500000000004 0.6220699999999999 0.13989000000000001 0.04296
5 0.04450855 0.578125 0.0843929 0.035150000000000015
5 0.046242649999999996 0.36865499999999995 0.0832367 0.024409999999999987
7 0.32889999999999997 0.16553 0.03352000000000005 0.06348000000000001
7 0.4237 0.16455 0.033519999999999994 0.06347999999999998
7 0.5346850000000001 0.16748000000000002 0.03352999999999995 0.06348000000000001
7 0.627165 0.169435 0.03352999999999995 0.06347
7 0.201155 0.3418 0.03931000000000001 0.11327999999999999
7 0.32543 0.342285 0.040459999999999996 0.11424999999999996
7 0.419655 0.34326 0.039309999999999956 0.11426000000000003
7 0.54451 0.34473 0.04623999999999995 0.11327999999999999
7 0.64682 0.34863 0.04046000000000005 0.11327999999999999
7 0.77457 0.34863500000000003 0.04624000000000006 0.10937000000000002
7 0.19191 0.557615 0.04624 0.08399000000000001
7 0.32138999999999995 0.559085 0.04624 0.08300999999999992
7 0.415605 0.557125 0.04508999999999996 0.08301000000000003
7 0.5456650000000001 0.557615 0.04625000000000001 0.08399000000000001
7 0.6508700000000001 0.559085 0.04623999999999995 0.08300999999999992
7 0.778035 0.559085 0.04625000000000001 0.08300999999999992
9 0.492485 0.252445 0.65433 0.03612999999999997
9 0.492485 0.478515 0.66359 0.023430000000000006
9 0.49191 0.666995 0.6578 0.06445000000000001
10 0.3711 0.367675 0.023119999999999974 0.17870999999999998
10 0.59653 0.37011499999999997 0.02312000000000003 0.17968999999999996
10 0.811565 0.37109499999999995 0.020809999999999995 0.17773
10 0.36994 0.561035 0.02312000000000003 0.12207000000000001
10 0.59884 0.561035 0.02312000000000003 0.12207000000000001
10 0.81561 0.56299 0.017340000000000022 0.12597999999999998
10 0.369365 0.765625 0.03120999999999996 0.10742999999999991
10 0.60058 0.7666 0.028899999999999926 0.10741999999999996
10 0.810405 0.7666 0.025429999999999953 0.10741999999999996
10 0.157225 0.76221 0.025430000000000008 0.10839999999999994
10 0.154335 0.5605450000000001 0.01965 0.12109000000000003
10 0.157225 0.36816499999999996 0.023129999999999984 0.17968999999999996
10 0.157225 0.46435499999999996 0.025430000000000008 0.012690000000000035
10 0.37051999999999996 0.46386499999999997 0.03121999999999997 0.013670000000000015
10 0.598265 0.46679499999999996 0.03121000000000007 0.013670000000000015
10 0.81272 0.46631 0.02312000000000003 0.012700000000000045
10 0.156065 0.629885 0.020809999999999995 0.015630000000000033
10 0.369365 0.6293949999999999 0.02890999999999999 0.01464999999999994
10 0.5988450000000001 0.630375 0.03005000000000002 0.014650000000000052
10 0.81445 0.63379 0.01966000000000001 0.015619999999999967
10 0.37052 0.27051000000000003 0.033519999999999994 0.015620000000000023
10 0.158955 0.27051000000000003 0.026589999999999975 0.015620000000000023
10 0.595955 0.27295 0.03353000000000006 0.016600000000000004
10 0.808095 0.273435 0.02774999999999994 0.015629999999999977
10 0.36879 0.49072499999999997 0.030059999999999976 0.01855000000000001
10 0.15607 0.490235 0.02312 0.01757000000000003
10 0.598265 0.4917 0.03121000000000007 0.018559999999999965
10 0.8121400000000001 0.4917 0.02427999999999997 0.018559999999999965
10 0.36878999999999995 0.7036100000000001 0.03467999999999999 0.01660000000000006
10 0.6 0.7050799999999999 0.034680000000000044 0.015620000000000078
10 0.80983 0.70459 0.028900000000000037 0.01660000000000006
10 0.160115 0.69971 0.02890999999999999 0.01660000000000006
11 0.48612500000000003 0.662595 0.11907000000000001 0.053710000000000035
11 0.92023 0.568845 0.15260000000000007 0.07128999999999996
11 0.68208 0.753415 0.09248 0.11035000000000006
11 0.56243 0.753905 0.03583999999999998 0.10937000000000008
11 0.23699499999999998 0.753905 0.12254999999999999 0.11523000000000005
