1 0.4936505 0.50055065 0.948239 0.9988987
4 0.7792950000000001 0.954295 0.29297000000000006 0.08701000000000003
4 0.8554649999999999 0.65804 0.13866999999999996 0.0826
4 0.70459 0.6591400000000001 0.14160000000000006 0.0848000000000001
4 0.46923499999999996 0.6552899999999999 0.14550999999999997 0.08150000000000002
4 0.31738 0.65804 0.14648000000000003 0.08700000000000008
4 0.164552 0.65804 0.149416 0.0826
2 0.854005 0.788545 0.08691000000000004 0.1718099999999999
2 0.704105 0.789095 0.08789000000000002 0.17070999999999992
2 0.47021500000000005 0.787995 0.08887000000000006 0.17070999999999992
2 0.32031 0.787995 0.08983999999999998 0.17070999999999992
2 0.170895 0.7890950000000001 0.09374999999999999 0.17291
2 0.8549800000000001 0.44989 0.08886000000000005 0.15748000000000006
2 0.705565 0.453195 0.08887 0.15968999999999994
2 0.47119 0.44989 0.09081999999999996 0.15748000000000006
2 0.3208 0.44989 0.08886 0.15748000000000006
2 0.17041 0.44989 0.08886 0.15748000000000006
2 0.7783249999999999 0.162445 0.08788999999999991 0.10243
2 0.47168 0.162445 0.09180000000000005 0.10243
2 0.3208 0.162445 0.08886 0.10243
2 0.1709 0.16355 0.08984 0.10021999999999999
4 0.17285499999999998 0.0886575 0.11718999999999999 0.051765000000000005
4 0.322755 0.0870025 0.13965 0.048455
4 0.47168 0.0848015 0.13867999999999997 0.048457
4 0.16992000000000002 0.337005 0.13086 0.05506999999999995
4 0.31738500000000003 0.34086 0.13281000000000004 0.06057999999999997
4 0.47168 0.343065 0.13281999999999994 0.06057000000000001
4 0.706545 0.334805 0.13965000000000005 0.07489000000000001
4 0.85498 0.33315 0.13964 0.07377999999999996
4 0.780275 0.085902 0.13866999999999996 0.048456000000000006
5 0.1709 0.55892 0.11914000000000001 0.06498000000000004
5 0.32227 0.5616749999999999 0.11914000000000002 0.07269000000000003
5 0.470705 0.55562 0.11719000000000002 0.06718000000000002
5 0.85547 0.5622199999999999 0.11717999999999995 0.0671799999999999
5 0.7026349999999999 0.56057 0.11817 0.06828000000000001
5 0.16846 0.910795 0.13184 0.07708999999999999
5 0.319825 0.910795 0.13183 0.07708999999999999
5 0.47168 0.9118949999999999 0.13085999999999998 0.07708999999999999
5 0.85303 0.906935 0.12988 0.07599
5 0.70654 0.90804 0.1298800000000001 0.07599999999999996
8 0.77881 0.02918515 0.10058 0.0495597
8 0.32471 0.0297358 0.19433999999999998 0.0484584
9 0.495115 0.27533 0.93359 0.10132
9 0.4960915 0.0704845 0.931637 0.046255
9 0.49560350000000003 0.9587 0.938473 0.03414000000000006
10 0.07177750000000001 0.64262 0.045899 0.46586000000000005
10 0.569825 0.64152 0.045889999999999986 0.46585999999999994
10 0.0703125 0.9140950000000001 0.052735000000000004 0.07708999999999999
10 0.5693349999999999 0.912445 0.052730000000000055 0.07819000000000009
10 0.069826 0.388765 0.061528 0.03745000000000004
10 0.5693349999999999 0.38931499999999997 0.06054999999999999 0.03855000000000003
