1 0.870115 0.62138 0.22460999999999998 0.49444000000000005
1 0.65332 0.64254 0.20311999999999997 0.46994
1 0.43701 0.64588 0.22557999999999995 0.4677
1 0.260745 0.657015 0.12304999999999999 0.43207
1 0.111817 0.73051 0.17480600000000002 0.29844000000000004
2 0.056640499999999996 0.671495 0.015624999999999993 0.06459000000000004
2 0.104005 0.671495 0.014649999999999996 0.06459000000000004
2 0.155275 0.67372 0.015630000000000005 0.06458000000000008
2 0.189945 0.67372 0.014649999999999996 0.06458000000000008
2 0.229 0.527835 0.016600000000000004 0.07127
2 0.26025 0.527835 0.016600000000000004 0.07127
2 0.29296999999999995 0.527835 0.017579999999999985 0.07127
2 0.22998 0.67038 0.016600000000000004 0.07572000000000001
2 0.26171999999999995 0.6714899999999999 0.017579999999999985 0.07350000000000001
2 0.29442999999999997 0.672605 0.016600000000000004 0.07573000000000008
2 0.35205 0.49331500000000006 0.018559999999999965 0.07795000000000002
2 0.39209 0.49443000000000004 0.01856000000000002 0.07572000000000007
2 0.43408 0.495545 0.018559999999999965 0.07795000000000002
2 0.47509999999999997 0.495545 0.018559999999999965 0.07795000000000002
2 0.518065 0.49331500000000006 0.018550000000000066 0.07795000000000002
2 0.516605 0.6403099999999999 0.019530000000000047 0.08686000000000005
2 0.476565 0.6403099999999999 0.019529999999999992 0.08686000000000005
2 0.434085 0.641425 0.020510000000000028 0.08462999999999998
2 0.392575 0.6403099999999999 0.019529999999999992 0.08686000000000005
2 0.351565 0.639195 0.019529999999999992 0.08462999999999998
2 0.587405 0.49666 0.01464999999999994 0.05790000000000001
2 0.606445 0.49666 0.013670000000000071 0.05790000000000001
2 0.643065 0.49666 0.014650000000000052 0.05790000000000001
2 0.662595 0.49666 0.01464999999999994 0.05790000000000001
2 0.699705 0.49666 0.014650000000000052 0.05790000000000001
2 0.7182649999999999 0.49666 0.01464999999999994 0.05790000000000001
2 0.586915 0.623605 0.015630000000000033 0.05791000000000002
2 0.60547 0.62249 0.015620000000000078 0.05567999999999995
2 0.6425799999999999 0.623605 0.015620000000000078 0.05791000000000002
2 0.66162 0.6247199999999999 0.016599999999999948 0.05568000000000006
2 0.6987300000000001 0.6258349999999999 0.01660000000000006 0.05791000000000002
2 0.717775 0.6247199999999999 0.01562999999999992 0.05568000000000006
2 0.7841800000000001 0.44655 0.019540000000000002 0.06903999999999999
2 0.839845 0.44655 0.019529999999999936 0.06903999999999999
2 0.884275 0.44877500000000003 0.020510000000000028 0.06905
2 0.782225 0.5902000000000001 0.019529999999999936 0.06681999999999999
2 0.83789 0.5902000000000001 0.019540000000000002 0.06681999999999999
2 0.882815 0.591315 0.019530000000000047 0.06904999999999994
2 0.9306650000000001 0.44766 0.019529999999999936 0.06681999999999999
2 0.927735 0.591315 0.019530000000000047 0.06904999999999994
3 0.8373999999999999 0.780625 0.022460000000000035 0.10912999999999995
3 0.47363 0.815145 0.023440000000000016 0.12473000000000001
4 0.26025 0.6046750000000001 0.028319999999999984 0.03341000000000005
4 0.228515 0.60579 0.029289999999999983 0.026719999999999966
4 0.29297 0.606905 0.029299999999999993 0.02895000000000003
4 0.35107 0.575725 0.040039999999999965 0.05123
4 0.39258000000000004 0.575725 0.04102 0.05123
4 0.433595 0.575725 0.04100999999999999 0.05123
4 0.47461 0.57795 0.04102 0.05121999999999993
4 0.5175799999999999 0.57795 0.041019999999999945 0.05121999999999993
5 0.228515 0.56793 0.027349999999999985 0.013359999999999927
5 0.26073999999999997 0.56793 0.027339999999999975 0.013359999999999927
5 0.293945 0.56793 0.027349999999999985 0.013359999999999927
5 0.22998 0.7104699999999999 0.026359999999999995 0.013359999999999927
5 0.26172 0.7126950000000001 0.02734000000000003 0.013369999999999993
5 0.293945 0.7126950000000001 0.027349999999999985 0.013369999999999993
5 0.35156 0.538975 0.03320000000000001 0.017809999999999993
5 0.39209 0.538975 0.03417999999999999 0.017809999999999993
5 0.43408 0.538975 0.03417999999999999 0.017809999999999993
5 0.47558500000000004 0.5412 0.03321000000000002 0.017819999999999947
5 0.51709 0.5412 0.03417999999999999 0.017819999999999947
5 0.782225 0.484405 0.03125 0.015590000000000048
5 0.839845 0.484405 0.03125 0.015590000000000048
5 0.882815 0.486635 0.03125 0.015589999999999993
5 0.930665 0.484405 0.03125 0.015590000000000048
5 0.78125 0.626945 0.031260000000000066 0.015589999999999993
5 0.836915 0.629175 0.03125 0.015589999999999993
5 0.882815 0.626945 0.03125 0.015589999999999993
5 0.928715 0.631405 0.03125 0.015589999999999993
8 0.654785 0.560135 0.1416099999999999 0.05123
8 0.56494 0.538975 0.022459999999999924 0.14698999999999995
8 0.7412099999999999 0.538975 0.023440000000000016 0.14698999999999995
8 0.6245149999999999 0.479955 0.01464999999999994 0.033409999999999995
8 0.681155 0.479955 0.01464999999999994 0.037870000000000015
8 0.38037 0.43764000000000003 0.006840000000000013 0.024500000000000022
8 0.362795 0.436525 0.006830000000000003 0.022270000000000012
8 0.33838 0.436525 0.006840000000000013 0.022270000000000012
8 0.327635 0.43764000000000003 0.006830000000000003 0.024500000000000022
8 0.40381 0.43764000000000003 0.006839999999999957 0.024500000000000022
8 0.42041 0.43987 0.006839999999999957 0.024500000000000022
8 0.4458 0.43764000000000003 0.006840000000000013 0.024500000000000022
8 0.46338 0.43764000000000003 0.006840000000000013 0.024500000000000022
8 0.487305 0.438755 0.005850000000000022 0.022270000000000012
8 0.50488 0.438755 0.005859999999999976 0.022270000000000012
8 0.53076 0.436525 0.006839999999999957 0.022270000000000012
8 0.54053 0.436525 0.006840000000000068 0.022270000000000012
8 0.351075 0.44098000000000004 0.01855000000000001 0.013359999999999983
8 0.37207 0.44098000000000004 0.009759999999999991 0.013359999999999983
8 0.3916 0.44098000000000004 0.01758000000000004 0.013359999999999983
8 0.43359000000000003 0.44098000000000004 0.017579999999999985 0.013359999999999983
8 0.47461 0.44321 0.017579999999999985 0.013360000000000039
8 0.518555 0.44098000000000004 0.017570000000000086 0.013359999999999983
8 0.41259500000000005 0.44321 0.00879000000000002 0.013360000000000039
8 0.45459 0.44321 0.00878000000000001 0.013360000000000039
8 0.496585 0.44321 0.008789999999999965 0.013360000000000039
9 0.1123035 0.596885 0.171873 0.022270000000000012
9 0.1113285 0.743875 0.169923 0.022270000000000012
9 0.261715 0.73385 0.11718999999999999 0.024499999999999966
9 0.262205 0.45657000000000003 0.11817000000000003 0.02672000000000002
9 0.43847499999999995 0.43764000000000003 0.21874999999999994 0.04231999999999997
9 0.43652499999999994 0.5356350000000001 0.22264999999999996 0.011129999999999973
9 0.43652500000000005 0.7026749999999999 0.22071000000000002 0.02894999999999992
9 0.65332 0.42984500000000003 0.19921999999999995 0.040090000000000015
9 0.87158 0.389755 0.22168 0.022270000000000012
9 0.88867 0.669265 0.18164000000000002 0.05123
10 0.3291 0.49666 0.005859999999999976 0.05790000000000001
10 0.33984000000000003 0.495545 0.005860000000000032 0.06013000000000002
10 0.36328 0.495545 0.005859999999999976 0.06013000000000002
10 0.38086 0.49666 0.005860000000000032 0.05790000000000001
10 0.40527 0.49666 0.005860000000000032 0.05790000000000001
10 0.42285 0.49666 0.005859999999999976 0.05790000000000001
10 0.44628999999999996 0.49666 0.005860000000000032 0.05790000000000001
10 0.46387 0.49666 0.005859999999999976 0.05790000000000001
10 0.48828 0.495545 0.005859999999999976 0.06013000000000002
10 0.50586 0.49666 0.005859999999999976 0.05790000000000001
10 0.529785 0.49777499999999997 0.00488999999999995 0.06012999999999996
10 0.54053 0.495545 0.0048799999999999955 0.06013000000000002
10 0.33838 0.63474 0.0048799999999999955 0.06235999999999997
10 0.36523 0.63697 0.005859999999999976 0.06235999999999997
10 0.37890999999999997 0.63697 0.005860000000000032 0.06235999999999997
10 0.40527 0.63697 0.005860000000000032 0.06235999999999997
10 0.41992 0.63697 0.005859999999999976 0.06235999999999997
10 0.44727 0.63697 0.005859999999999976 0.06235999999999997
10 0.46191 0.638085 0.005859999999999976 0.06458999999999993
10 0.48877 0.63697 0.0048799999999999955 0.06235999999999997
10 0.50293 0.638085 0.005859999999999976 0.06458999999999993
10 0.53027 0.638085 0.005859999999999976 0.06458999999999993
10 0.328615 0.52895 0.006830000000000003 0.006680000000000019
10 0.339355 0.52895 0.006830000000000003 0.006680000000000019
10 0.36377000000000004 0.52895 0.006840000000000013 0.006680000000000019
10 0.38037 0.530065 0.006840000000000013 0.008909999999999973
10 0.404785 0.530065 0.006830000000000003 0.008909999999999973
10 0.422365 0.530065 0.006830000000000003 0.008909999999999973
10 0.4458 0.530065 0.006840000000000013 0.008909999999999973
10 0.46386499999999997 0.530065 0.007810000000000039 0.008909999999999973
10 0.487795 0.530065 0.006830000000000003 0.008909999999999973
10 0.50586 0.52895 0.007819999999999938 0.006680000000000019
10 0.529785 0.53118 0.006830000000000003 0.006680000000000019
10 0.5400400000000001 0.52895 0.00782000000000005 0.006680000000000019
10 0.53076 0.6826300000000001 0.006839999999999957 0.024500000000000077
10 0.50342 0.6826300000000001 0.006839999999999957 0.024500000000000077
10 0.48877000000000004 0.6826300000000001 0.006840000000000013 0.024500000000000077
10 0.46191 0.6826300000000001 0.005859999999999976 0.024500000000000077
10 0.44727 0.6815150000000001 0.005859999999999976 0.02673000000000003
10 0.41992 0.6804 0.005859999999999976 0.024499999999999966
10 0.40576 0.6804 0.006840000000000013 0.024499999999999966
10 0.379395 0.6804 0.006830000000000003 0.024499999999999966
10 0.364745 0.6804 0.006830000000000003 0.024499999999999966
10 0.33838 0.6792849999999999 0.006840000000000013 0.02673000000000003
10 0.33838 0.599105 0.006840000000000013 0.008909999999999973
10 0.364745 0.601335 0.006830000000000003 0.008910000000000085
10 0.37842 0.601335 0.006840000000000013 0.008910000000000085
10 0.40576 0.601335 0.006840000000000013 0.008910000000000085
10 0.42041 0.601335 0.006839999999999957 0.008910000000000085
10 0.447755 0.601335 0.006830000000000003 0.008910000000000085
10 0.461425 0.601335 0.006830000000000003 0.008910000000000085
10 0.48877000000000004 0.601335 0.006840000000000013 0.008910000000000085
10 0.50293 0.601335 0.005859999999999976 0.008910000000000085
10 0.53076 0.603565 0.006839999999999957 0.008909999999999973
10 0.328615 0.45991000000000004 0.006830000000000003 0.011139999999999983
10 0.339355 0.45991000000000004 0.006830000000000003 0.011139999999999983
10 0.36377000000000004 0.45991000000000004 0.006840000000000013 0.011139999999999983
10 0.38037 0.461025 0.006840000000000013 0.013369999999999993
10 0.404785 0.461025 0.006830000000000003 0.013369999999999993
10 0.421875 0.45991000000000004 0.007809999999999984 0.011139999999999983
10 0.44628999999999996 0.461025 0.007819999999999994 0.013369999999999993
10 0.46386499999999997 0.461025 0.007810000000000039 0.013369999999999993
10 0.487795 0.45991000000000004 0.006830000000000003 0.011139999999999983
10 0.50586 0.461025 0.007819999999999938 0.013369999999999993
10 0.5292950000000001 0.46214 0.007809999999999984 0.011140000000000039
10 0.54053 0.461025 0.006840000000000068 0.013369999999999993
11 0.652345 0.709355 0.20116999999999996 0.03786999999999996
11 0.65283 0.78285 0.20019999999999993 0.10022000000000009
11 0.78662 0.787305 0.040040000000000076 0.12248999999999999
11 0.90674 0.76615 0.06738 0.1737200000000001
11 0.519045 0.73385 0.036129999999999995 0.04231999999999991
11 0.51709 0.796215 0.02636000000000005 0.09576999999999991
11 0.43408 0.8051200000000001 0.018559999999999965 0.07350000000000001
11 0.39209 0.7951 0.024419999999999997 0.08908000000000005
11 0.353515 0.7951 0.023430000000000006 0.08908000000000005
11 0.27637 0.76949 0.04491999999999996 0.020040000000000058
11 0.285645 0.8140350000000001 0.05957000000000001 0.06459000000000004
11 0.233885 0.811805 0.036129999999999995 0.09576999999999991
11 0.171385 0.7817350000000001 0.05371000000000001 0.02673000000000003
11 0.157715 0.8296250000000001 0.024409999999999987 0.06459000000000004
11 0.18994 0.827395 0.016600000000000004 0.06013000000000002
8 0.6245149999999999 0.51559 0.01464999999999994 0.03340000000000004
8 0.623535 0.6046750000000001 0.01464999999999994 0.03341000000000005
8 0.623535 0.641425 0.01464999999999994 0.03563000000000005
8 0.6792 0.643655 0.014639999999999986 0.03563000000000005
8 0.6792 0.606905 0.014639999999999986 0.03341000000000005
8 0.681155 0.517815 0.01464999999999994 0.03340999999999994
9 0.6508750000000001 0.67706 0.19628999999999996 0.022280000000000078
