2 0.19922 0.3042 0.07812 0.06348000000000004
2 0.3418 0.305175 0.07682 0.06543000000000004
2 0.19987 0.44922 0.07682 0.07225999999999999
2 0.3431 0.44922 0.07682 0.07225999999999999
2 0.48307500000000003 0.306155 0.07813000000000003 0.06542999999999999
2 0.62565 0.306155 0.07682 0.06542999999999999
2 0.484375 0.450195 0.07553000000000004 0.07227
2 0.6263 0.450195 0.07811999999999997 0.07227
2 0.76432 0.30713 0.07552000000000003 0.06347999999999998
2 0.765625 0.450685 0.0755300000000001 0.07128999999999996
2 0.62565 0.59082 0.07682 0.07225999999999999
2 0.766925 0.59082 0.07813000000000003 0.07031999999999994
2 0.62565 0.73047 0.07682 0.07225999999999999
2 0.766275 0.72998 0.07683000000000006 0.07128000000000001
2 0.6224000000000001 0.875 0.04948000000000008 0.07031999999999994
2 0.76172 0.87549 0.04948000000000008 0.06933999999999996
2 0.48372499999999996 0.875 0.04816999999999999 0.07031999999999994
2 0.34375 0.72949 0.07811999999999997 0.06835999999999998
2 0.48633 0.730955 0.07682 0.07128999999999996
3 0.34440000000000004 0.89697 0.07941999999999999 0.13770000000000004
2 0.20377499999999998 0.8769549999999999 0.04817000000000002 0.07226999999999995
2 0.20051999999999998 0.731445 0.07812 0.07227000000000006
2 0.19987 0.59033 0.07941999999999999 0.07323999999999997
2 0.34375 0.59082 0.07811999999999997 0.07421999999999995
2 0.48567499999999997 0.59082 0.07812999999999998 0.07421999999999995
4 0.3431 0.53076 0.13412000000000002 0.04590000000000005
4 0.48568 0.53125 0.13542000000000004 0.04688000000000003
4 0.6275999999999999 0.53125 0.13801999999999992 0.04688000000000003
4 0.76823 0.53174 0.13541999999999998 0.04590000000000005
4 0.20247 0.53076 0.12630000000000002 0.04590000000000005
1 0.4368475 0.56885 0.842445 0.80176
2 0.065757 0.18945 0.076826 0.017580000000000012
2 0.20377499999999998 0.19043 0.07682999999999998 0.017580000000000012
2 0.3431 0.19092 0.07682 0.016600000000000004
2 0.48177000000000003 0.19238 0.07552000000000003 0.017579999999999985
2 0.61784 0.19238 0.07682 0.017579999999999985
2 0.7545599999999999 0.19433499999999998 0.07682 0.017570000000000002
2 0.0553385 0.30615000000000003 0.079427 0.06348000000000004
5 0.3431 0.63672 0.08723999999999998 0.021480000000000055
5 0.19922 0.635255 0.08593999999999999 0.020510000000000028
5 0.48307 0.63672 0.08593999999999996 0.021480000000000055
5 0.765625 0.6362300000000001 0.08593000000000006 0.020500000000000074
5 0.62435 0.63672 0.08723999999999998 0.021480000000000055
6 0.19922 0.49609499999999995 0.08334 0.023430000000000006
6 0.34309500000000004 0.49756 0.08202999999999999 0.02245999999999998
6 0.485025 0.49658 0.08202999999999994 0.02245999999999998
6 0.6269549999999999 0.49658 0.08202999999999994 0.02245999999999998
6 0.767575 0.49609499999999995 0.08203000000000005 0.023430000000000006
8 0.4361975 0.253415 0.828125 0.024410000000000015
8 0.273435 0.3667 0.07030999999999998 0.014640000000000042
8 0.414065 0.36719 0.07030999999999998 0.015620000000000023
8 0.554035 0.36865499999999995 0.0690099999999999 0.014649999999999996
8 0.128905 0.36621000000000004 0.07031000000000001 0.015620000000000023
8 0.696615 0.36816499999999996 0.07030999999999998 0.015629999999999977
8 0.82422 0.36914 0.04687999999999992 0.017579999999999985
8 0.766275 0.36914 0.03254999999999997 0.015620000000000023
8 0.626305 0.36816499999999996 0.033849999999999936 0.015629999999999977
8 0.484375 0.36865000000000003 0.03384999999999999 0.016600000000000004
8 0.34505 0.36865000000000003 0.03386 0.016600000000000004
8 0.201825 0.36719 0.03384999999999999 0.015620000000000023
8 0.08268249999999999 0.362305 0.01692700000000001 0.011709999999999998
8 0.17513 0.362305 0.01691999999999999 0.011709999999999998
8 0.22786499999999998 0.36328000000000005 0.018229999999999996 0.011720000000000008
8 0.317705 0.36426000000000003 0.018230000000000024 0.011720000000000008
8 0.369795 0.36328000000000005 0.018230000000000024 0.011720000000000008
8 0.457685 0.36328000000000005 0.01693 0.011720000000000008
8 0.5104150000000001 0.36377000000000004 0.01562999999999992 0.012699999999999989
8 0.59961 0.36426000000000003 0.016920000000000046 0.011720000000000008
8 0.652345 0.365235 0.01562999999999992 0.011709999999999998
8 0.7395849999999999 0.365235 0.01562999999999992 0.011709999999999998
8 0.7923150000000001 0.365235 0.01693 0.011709999999999998
8 0.765625 0.399415 0.023430000000000062 0.03125
8 0.6263000000000001 0.399415 0.023440000000000016 0.03125
8 0.48568 0.398925 0.023440000000000016 0.030269999999999964
8 0.34114500000000003 0.398925 0.023430000000000006 0.030269999999999964
8 0.19922 0.400395 0.02343999999999999 0.03125
8 0.340495 0.7793000000000001 0.20962999999999998 0.029299999999999993
8 0.41927 0.809575 0.02864 0.03125
8 0.26823 0.811525 0.02864 0.03125
8 0.34245000000000003 0.8125 0.11457999999999996 0.031239999999999934
9 0.4355445 0.23828 0.8346309999999999 0.08008000000000001
9 0.43750049999999996 0.361815 0.835939 0.04981000000000002
9 0.43359450000000005 0.588865 0.830731 0.16210999999999998
9 0.4361975 0.7753950000000001 0.828125 0.025389999999999913
10 0.39258 0.885745 0.01432 0.08789000000000002
10 0.29622499999999996 0.885745 0.01433000000000001 0.08789000000000002
10 0.392575 0.93555 0.019529999999999992 0.011719999999999953
10 0.39193 0.83447 0.023440000000000016 0.012700000000000045
10 0.29491999999999996 0.83545 0.022139999999999993 0.012700000000000045
10 0.38997499999999996 0.47412 0.01433000000000001 0.06152000000000002
10 0.4375 0.47412 0.013020000000000032 0.06152000000000002
10 0.52995 0.474125 0.013020000000000032 0.059569999999999956
10 0.57943 0.47461 0.013020000000000032 0.06053999999999998
10 0.671225 0.47461 0.014330000000000065 0.06053999999999998
10 0.72005 0.47461 0.013020000000000032 0.06053999999999998
10 0.8112 0.474125 0.013020000000000032 0.059569999999999956
10 0.296875 0.473635 0.013029999999999986 0.06054999999999999
10 0.24608999999999998 0.473635 0.013020000000000004 0.06054999999999999
10 0.152995 0.473145 0.01433000000000001 0.061529999999999974
10 0.102216 0.473635 0.014328000000000007 0.06054999999999999
10 0.102215 0.50586 0.01693 0.0039000000000000146
10 0.152995 0.50586 0.01693 0.0039000000000000146
10 0.246745 0.50586 0.01693 0.0039000000000000146
10 0.296875 0.50586 0.01822999999999997 0.0039000000000000146
10 0.38932500000000003 0.50586 0.018230000000000024 0.0039000000000000146
10 0.43684999999999996 0.5068349999999999 0.01691999999999999 0.003909999999999969
10 0.5292950000000001 0.50586 0.01693 0.0039000000000000146
10 0.5807249999999999 0.5068349999999999 0.01823000000000008 0.003909999999999969
10 0.671875 0.5068349999999999 0.01822999999999997 0.003909999999999969
10 0.720055 0.5068349999999999 0.01822999999999997 0.003909999999999969
10 0.8105450000000001 0.5068349999999999 0.01693 0.003909999999999969
10 0.101563 0.43798499999999996 0.02083399999999999 0.00879000000000002
10 0.152995 0.438965 0.02213000000000001 0.008789999999999965
10 0.246095 0.438965 0.020830000000000015 0.008789999999999965
10 0.296225 0.438965 0.022129999999999983 0.008789999999999965
10 0.390625 0.438965 0.020830000000000015 0.008789999999999965
10 0.438805 0.438965 0.020830000000000015 0.008789999999999965
10 0.529945 0.43994500000000003 0.020829999999999904 0.00879000000000002
10 0.58073 0.43994500000000003 0.02083999999999997 0.00879000000000002
10 0.671875 0.43994500000000003 0.020829999999999904 0.00879000000000002
10 0.71875 0.43994500000000003 0.02083999999999997 0.00879000000000002
10 0.811195 0.43994500000000003 0.020829999999999904 0.00879000000000002
2 0.95638 0.30029 0.07682 0.06347999999999998
4 0.951825 0.25927500000000003 0.09375 0.014649999999999996
5 0.766925 0.921875 0.08072999999999997 0.03125
5 0.6269549999999999 0.925295 0.07943 0.03222999999999998
5 0.485025 0.923825 0.07943 0.03125
5 0.201175 0.925295 0.08202999999999999 0.026370000000000005
