2 0.19661499999999998 0.427735 0.05209 0.06641000000000002
2 0.197265 0.578125 0.05338999999999999 0.07227000000000006
2 0.335285 0.429195 0.05339000000000005 0.06542999999999999
2 0.334635 0.5791 0.052090000000000025 0.0722600000000001
4 0.19596000000000002 0.5283249999999999 0.11068000000000003 0.03711000000000009
4 0.335935 0.5283199999999999 0.10937000000000002 0.03320000000000001
4 0.47851999999999995 0.52832 0.11327999999999999 0.03516000000000008
4 0.6145849999999999 0.526855 0.11459000000000008 0.03222999999999998
2 0.47721499999999994 0.43066499999999996 0.05338999999999999 0.06641000000000002
2 0.61263 0.42822 0.05078000000000005 0.06738
2 0.47591000000000006 0.57959 0.05338000000000004 0.07128000000000001
2 0.6113299999999999 0.5791 0.050779999999999936 0.0722600000000001
2 0.7447900000000001 0.43115 0.052080000000000015 0.06738
2 0.7447900000000001 0.58008 0.052080000000000015 0.07225999999999999
4 0.75065 0.5317400000000001 0.11068 0.03808
4 0.75065 0.67822 0.11068 0.028320000000000012
2 0.7447900000000001 0.734375 0.052080000000000015 0.08203000000000005
2 0.6106750000000001 0.732425 0.054690000000000016 0.08203000000000005
4 0.61589 0.672365 0.125 0.03027000000000002
4 0.47916499999999995 0.67334 0.12238999999999994 0.03417999999999999
4 0.337895 0.670895 0.11848999999999998 0.03125
2 0.475915 0.7407250000000001 0.055989999999999984 0.10645000000000004
2 0.33594 0.732425 0.052080000000000015 0.08203000000000005
2 0.195965 0.730955 0.05338999999999999 0.08301000000000003
4 0.196615 0.67041 0.11979000000000001 0.032220000000000026
3 0.33659 0.898925 0.11068 0.15137
2 0.6113299999999999 0.89502 0.09765999999999997 0.12012
2 0.748045 0.895995 0.08984999999999999 0.12010999999999994
1 0.4876302 0.63428 0.9622396 0.68066
4 0.0670595 0.52588 0.110681 0.03614000000000006
4 0.8795599999999999 0.53125 0.11068 0.03709999999999991
4 0.8867149999999999 0.677245 0.11719000000000002 0.03027000000000002
6 0.34505 0.79443 0.46354 0.08496000000000004
9 0.496094 0.35205 0.945312 0.061519999999999964
9 0.4830723 0.46826 0.9479154000000001 0.030279999999999974
9 0.4856773 0.6191450000000001 0.9531254 0.019529999999999936
9 0.48567625 0.7924800000000001 0.9557275 0.049799999999999955
10 0.652995 0.730955 0.014329999999999954 0.08691000000000004
10 0.572265 0.730955 0.014329999999999954 0.08691000000000004
10 0.516275 0.730955 0.014330000000000065 0.08691000000000004
10 0.43815 0.730955 0.01432 0.08691000000000004
10 0.37629999999999997 0.7299800000000001 0.013019999999999976 0.08692
10 0.29622499999999996 0.72949 0.01433000000000001 0.08594000000000002
10 0.1569 0.72949 0.01432 0.08594000000000002
10 0.6523399999999999 0.6806650000000001 0.023440000000000016 0.01366999999999996
10 0.571615 0.6806650000000001 0.023430000000000062 0.01366999999999996
10 0.43879999999999997 0.6806650000000001 0.02343999999999996 0.01366999999999996
10 0.515625 0.6811499999999999 0.023430000000000062 0.012700000000000045
10 0.37695 0.680175 0.024739999999999984 0.012689999999999979
10 0.29622 0.679685 0.024739999999999984 0.013670000000000071
10 0.15689999999999998 0.679685 0.024740000000000012 0.013670000000000071
11 0.47982 0.8623050000000001 0.06119999999999998 0.06054999999999999
11 0.53581 0.930175 0.05078000000000005 0.053710000000000035
11 0.421875 0.9306650000000001 0.049470000000000014 0.054690000000000016
3 0.478515 0.932615 0.058589999999999975 0.07813000000000003
3 0.193355 0.9311499999999999 0.055989999999999984 0.08106000000000002
2 0.19466 0.85547 0.058599999999999985 0.04491999999999996
3 0.874345 0.90332 0.06901000000000002 0.13476
2 0.883465 0.433595 0.05338999999999994 0.06640999999999997
2 0.8802099999999999 0.58057 0.052080000000000015 0.06738
2 0.063151 0.42578 0.053385999999999996 0.06640000000000001
2 0.884115 0.732425 0.05208999999999997 0.08203000000000005
