2 0.157555 0.93115 0.054690000000000016 0.057620000000000005
2 0.733725 0.93457 0.07943 0.05078000000000005
2 0.76237 0.81592 0.04296 0.07323999999999997
2 0.70638 0.81641 0.045579999999999954 0.07421999999999995
2 0.7630250000000001 0.68506 0.04426999999999992 0.07323999999999997
2 0.70443 0.68506 0.039060000000000095 0.07323999999999997
2 0.7604150000000001 0.54834 0.04426999999999992 0.07128000000000001
2 0.70443 0.54834 0.039060000000000095 0.07324000000000008
2 0.76237 0.416505 0.04035999999999995 0.07129000000000002
2 0.70768 0.41698999999999997 0.04035999999999995 0.07226000000000005
2 0.565105 0.539065 0.03907000000000005 0.04882999999999993
2 0.51172 0.538575 0.039059999999999984 0.04981000000000002
2 0.565105 0.416015 0.03907000000000005 0.07227
2 0.51172 0.416015 0.039059999999999984 0.07227
2 0.361975 0.81885 0.04427000000000003 0.07323999999999997
2 0.307295 0.81885 0.044269999999999976 0.07323999999999997
2 0.1582 0.8208 0.04818 0.07520000000000004
2 0.15885 0.686035 0.049479999999999996 0.07518999999999998
2 0.36263 0.68701 0.04296 0.07323999999999997
2 0.305985 0.686525 0.04427000000000003 0.07226999999999995
2 0.36263 0.549315 0.04296 0.07129000000000008
2 0.30534 0.549315 0.04035999999999995 0.07129000000000008
2 0.159505 0.546875 0.05079 0.07421000000000011
2 0.364585 0.41698999999999997 0.041669999999999985 0.07422000000000001
2 0.30664 0.41698999999999997 0.04296 0.07422000000000001
2 0.159505 0.416015 0.05079 0.07421
4 0.339845 0.36816499999999996 0.14322999999999997 0.039069999999999994
4 0.16016 0.366215 0.08854 0.037109999999999976
2 0.5449200000000001 0.693845 0.10286000000000006 0.10059000000000007
1 0.4850273 0.55713 0.9518254 0.83692
2 0.30664 0.285155 0.04296 0.07030999999999998
2 0.365885 0.28613500000000003 0.041669999999999985 0.07031000000000004
2 0.16145500000000002 0.282225 0.04167000000000001 0.07030999999999998
2 0.515625 0.280765 0.039069999999999994 0.05957000000000001
2 0.56901 0.282225 0.03645999999999994 0.06054999999999999
2 0.7083349999999999 0.282715 0.041669999999999985 0.05957000000000001
2 0.765625 0.282225 0.041670000000000096 0.06054999999999999
2 0.89323 0.41797 0.03646000000000005 0.07225999999999999
3 0.333985 0.93457 0.09244999999999998 0.06640000000000001
3 0.544925 0.885255 0.09505000000000002 0.17674999999999996
8 0.47070500000000004 0.251465 0.03255000000000002 0.06739000000000003
8 0.6295550000000001 0.25439500000000004 0.03254999999999997 0.06739
8 0.83073 0.28418 0.07291999999999998 0.07618
8 0.236325 0.280275 0.07943 0.07616999999999999
8 0.415365 0.28320500000000004 0.041669999999999985 0.07617000000000002
8 0.66341 0.282225 0.02734000000000003 0.07616999999999999
8 0.0865875 0.279295 0.079425 0.07616999999999999
8 0.54818 0.18994 0.21354 0.05565999999999999
8 0.80664 0.203125 0.30338 0.06054999999999999
8 0.352865 0.20166 0.16666999999999998 0.05565999999999999
4 0.738285 0.36963 0.14322999999999997 0.04004000000000002
4 0.338545 0.487305 0.16666999999999998 0.05469000000000007
4 0.740885 0.488765 0.15884999999999994 0.05370999999999998
4 0.161455 0.489255 0.11719 0.052729999999999944
5 0.159505 0.45947499999999997 0.07421000000000001 0.014649999999999996
5 0.33659 0.45947000000000005 0.12890000000000001 0.016600000000000004
5 0.16146 0.597655 0.08854 0.027349999999999985
5 0.33659 0.5991200000000001 0.13671999999999995 0.028320000000000012
5 0.7363299999999999 0.45996000000000004 0.12370000000000003 0.015620000000000023
5 0.740235 0.598145 0.13151000000000002 0.026370000000000005
5 0.158855 0.87402 0.07030999999999998 0.03320000000000001
5 0.334635 0.872075 0.11979000000000001 0.03125
5 0.7382850000000001 0.867185 0.11978999999999995 0.03125
6 0.5625 0.60547 0.20052000000000003 0.09179999999999999
8 0.828775 0.48046999999999995 0.027349999999999985 0.04102
8 0.084635 0.480955 0.028646000000000005 0.04199000000000003
8 0.235675 0.481445 0.02865000000000001 0.04100999999999999
5 0.57487 0.465335 0.05597999999999992 0.026370000000000005
5 0.516925 0.46387 0.05729000000000001 0.02734000000000003
8 0.5449200000000001 0.49316499999999996 0.11068 0.019529999999999992
9 0.48893450000000005 0.331055 0.941411 0.039069999999999994
9 0.4856775 0.231935 0.940105 0.036129999999999995
9 0.4863275 0.162105 0.941405 0.037109999999999976
9 0.4876285 0.61719 0.941403 0.06835999999999998
9 0.48502649999999997 0.896975 0.941407 0.03222999999999998
10 0.54492 0.273925 0.009120000000000017 0.07324999999999998
10 0.5449200000000001 0.23486 0.01432 0.004880000000000023
10 0.539715 0.40429499999999996 0.006509999999999905 0.05273
10 0.595055 0.41259500000000005 0.007810000000000095 0.07129000000000002
10 0.73242 0.5459 0.009120000000000017 0.05663999999999991
10 0.678385 0.54736 0.01041000000000003 0.06152000000000002
10 0.79232 0.54687 0.009120000000000017 0.0625
10 0.540365 0.534665 0.007809999999999984 0.04199000000000008
10 0.594405 0.53613 0.006510000000000016 0.05078000000000005
10 0.39453 0.5473650000000001 0.010419999999999985 0.05957000000000001
10 0.27864500000000003 0.54785 0.010409999999999975 0.06053999999999993
10 0.335285 0.54785 0.006510000000000016 0.0527399999999999
10 0.19336 0.5498050000000001 0.009120000000000017 0.06054999999999999
10 0.128255 0.549315 0.009110000000000007 0.061530000000000085
10 0.12695 0.58203 0.014320000000000013 0.0039000000000000146
10 0.19401000000000002 0.58203 0.013020000000000004 0.0039000000000000146
10 0.27865 0.58154 0.013020000000000032 0.006840000000000068
10 0.39453 0.58154 0.013020000000000032 0.006840000000000068
10 0.335285 0.57959 0.014329999999999954 0.010740000000000083
10 0.53971 0.55908 0.011719999999999953 0.006839999999999957
10 0.67839 0.58154 0.01301999999999992 0.006840000000000068
10 0.79297 0.58154 0.01301999999999992 0.006840000000000068
10 0.734375 0.57959 0.01822999999999997 0.010740000000000083
10 0.539715 0.441405 0.014330000000000065 0.02149000000000001
10 0.540365 0.373535 0.01041000000000003 0.008789999999999965
10 0.5950500000000001 0.37304499999999996 0.010419999999999985 0.009770000000000001
10 0.59961 0.23876999999999998 0.009120000000000017 0.01074
10 0.5989549999999999 0.2749 0.007809999999999984 0.06151999999999999
10 0.598305 0.30859000000000003 0.009109999999999951 0.005860000000000032
10 0.492835 0.308105 0.00650999999999996 0.006830000000000003
10 0.492185 0.274415 0.007809999999999984 0.06055000000000002
10 0.49349 0.23779 0.010419999999999985 0.01074
10 0.5950500000000001 0.450195 0.010419999999999985 0.003909999999999969
8 0.546225 0.79541 0.11848999999999993 0.041999999999999926
11 0.632815 0.9458 0.01822999999999997 0.022460000000000035
11 0.672525 0.926755 0.035150000000000015 0.04296999999999995
