1 0.38964999999999994 0.50000235 0.5039 0.9967153
1 0.8208 0.56579 0.35644 0.86842
2 0.080078 0.31003000000000003 0.025389999999999996 0.10361999999999999
2 0.19971 0.307565 0.03417999999999999 0.10527000000000003
2 0.08007800000000001 0.512335 0.027343999999999993 0.10360999999999998
2 0.19873000000000002 0.50905 0.034180000000000016 0.10362000000000005
2 0.341305 0.308385 0.026370000000000005 0.10691
2 0.340335 0.50905 0.026370000000000005 0.10362000000000005
2 0.0483395 0.310855 0.026367 0.10526999999999997
2 0.047851500000000005 0.512335 0.027343 0.10360999999999998
2 0.08007800000000001 0.71793 0.027343999999999993 0.10361999999999993
2 0.047851500000000005 0.71793 0.027343 0.10361999999999993
2 0.19971 0.717105 0.03417999999999999 0.10526999999999997
2 0.309575 0.50905 0.025390000000000024 0.10362000000000005
2 0.436035 0.5074 0.026370000000000005 0.10361999999999999
2 0.468265 0.508225 0.026370000000000005 0.10527000000000003
2 0.31006 0.71628 0.02636000000000005 0.10362000000000005
2 0.341305 0.717105 0.026370000000000005 0.10526999999999997
2 0.31006 0.308385 0.02636000000000005 0.10691
2 0.467285 0.307565 0.026370000000000005 0.10854999999999998
2 0.436525 0.308385 0.025390000000000024 0.10691
2 0.581055 0.307565 0.035150000000000015 0.10527000000000003
2 0.436035 0.71875 0.026370000000000005 0.10855999999999999
2 0.467285 0.71793 0.026370000000000005 0.11019999999999996
2 0.58154 0.507405 0.03417999999999999 0.10691
2 0.581055 0.71546 0.035150000000000015 0.10526000000000002
2 0.688475 0.28783000000000003 0.029289999999999927 0.09868000000000002
2 0.688475 0.489305 0.029289999999999927 0.10033000000000003
2 0.68994 0.6883250000000001 0.030280000000000085 0.10690999999999995
2 0.7363299999999999 0.287005 0.029299999999999993 0.10033000000000003
2 0.73535 0.488485 0.029299999999999993 0.09869000000000006
2 0.808595 0.29441 0.03125 0.09867999999999999
2 0.736815 0.6899649999999999 0.03027000000000002 0.10690999999999995
2 0.80811 0.49424 0.0341800000000001 0.10362000000000005
2 0.8105500000000001 0.692435 0.03320000000000001 0.10526999999999997
2 0.884765 0.692435 0.03320999999999996 0.10526999999999997
2 0.881835 0.49424 0.03320999999999996 0.10362000000000005
2 0.9550799999999999 0.49341999999999997 0.03320000000000001 0.10197999999999996
2 0.882325 0.292765 0.03222999999999998 0.09869000000000003
2 0.956545 0.292765 0.03222999999999998 0.09869000000000003
3 0.581545 0.932565 0.07128999999999996 0.12829000000000002
2 0.20068 0.105263 0.02245999999999998 0.039473999999999995
2 0.58203 0.105261 0.023440000000000016 0.042758000000000004
4 0.0654305 0.6365149999999999 0.085939 0.016449999999999965
4 0.20166 0.6332249999999999 0.06348000000000001 0.016449999999999965
4 0.327635 0.63487 0.08887 0.01973999999999998
4 0.45459 0.634045 0.09082000000000001 0.01809000000000005
4 0.583985 0.6324000000000001 0.07030999999999998 0.021380000000000066
4 0.71875 0.42105000000000004 0.12304000000000004 0.06907999999999997
4 0.816405 0.42023 0.06640999999999997 0.047699999999999965
4 0.887695 0.41694 0.07617000000000007 0.04770000000000002
4 0.9619150000000001 0.417765 0.07226999999999995 0.046050000000000035
5 0.0649435 0.571545 0.071293 0.01480999999999999
5 0.19970500000000002 0.5674349999999999 0.04980999999999999 0.016449999999999965
5 0.19922 0.77467 0.05077999999999999 0.01644000000000001
5 0.32715 0.56908 0.07421999999999995 0.01644000000000001
5 0.325685 0.7763150000000001 0.07518999999999998 0.016449999999999965
5 0.4541 0.5674349999999999 0.07421999999999995 0.016449999999999965
5 0.452635 0.77467 0.06933 0.01315999999999995
5 0.58301 0.5666100000000001 0.05078000000000005 0.014800000000000035
5 0.5825199999999999 0.77138 0.049799999999999955 0.01315999999999995
5 0.71631 0.34951 0.10644000000000009 0.027959999999999985
5 0.714355 0.754115 0.10448999999999997 0.02466999999999997
5 0.811035 0.754935 0.061529999999999974 0.026310000000000056
5 0.8120149999999999 0.35609 0.05957000000000001 0.027959999999999985
5 0.88623 0.75658 0.06152000000000002 0.02632000000000001
5 0.88574 0.35526500000000005 0.0625 0.02631
5 0.95947 0.35444 0.06152000000000002 0.02796000000000004
9 0.396 0.39309499999999997 0.5224599999999999 0.07895000000000002
9 0.393555 0.825655 0.4960899999999999 0.023029999999999995
9 0.39697499999999997 0.19490000000000002 0.5185500000000001 0.08387999999999998
9 0.8208 0.18503 0.35644 0.09045999999999998
9 0.8183549999999999 0.58717 0.35547000000000006 0.09540000000000004
9 0.8208 0.82155 0.35840000000000005 0.021379999999999955
10 0.251465 0.30591999999999997 0.014650000000000024 0.09539999999999998
10 0.14843499999999998 0.30591999999999997 0.015630000000000005 0.09539999999999998
10 0.53076 0.310855 0.01855999999999991 0.10197
10 0.631835 0.30839 0.015630000000000033 0.09704000000000002
10 0.15186 0.40296 0.03417999999999999 0.09867999999999999
10 0.25635 0.40296 0.034180000000000016 0.09539999999999998
10 0.5366200000000001 0.39966999999999997 0.03808 0.09868000000000005
10 0.63574 0.39966999999999997 0.03320000000000001 0.09539999999999998
10 0.150395 0.20477 0.03125 0.1069
10 0.25439 0.20477 0.028320000000000012 0.1069
10 0.532715 0.20148 0.03809000000000007 0.1069
10 0.634275 0.20641500000000002 0.03808999999999996 0.10690999999999998
11 0.06250125000000001 0.8569100000000001 0.1093775 0.03617999999999999
11 0.11571999999999999 0.925165 0.028319999999999998 0.10691000000000006
11 0.01513695 0.927635 0.0166021 0.10854999999999992
11 0.062988 0.93668 0.06933600000000001 0.12663999999999997
11 0.200195 0.84375 0.11522999999999997 0.04605999999999999
11 0.203125 0.93257 0.058589999999999975 0.13158000000000003
11 0.32616999999999996 0.92599 0.05077999999999999 0.11841999999999997
11 0.390625 0.8486849999999999 0.10157000000000005 0.029610000000000025
11 0.45165999999999995 0.924345 0.04980000000000001 0.11512999999999995
11 0.71338 0.84704 0.13573999999999997 0.03289999999999993
11 0.851075 0.847865 0.13575000000000004 0.03125
11 0.802245 0.88487 0.03222999999999998 0.02959999999999996
11 0.7094750000000001 0.93092 0.07128999999999996 0.13815999999999995
11 0.848635 0.932565 0.09375 0.13487000000000005
