1 0.581545 0.5102565 0.71973 0.979487
2 0.33008 0.218975 0.0625 0.11588999999999999
2 0.47412 0.217945 0.06347999999999998 0.11795
2 0.62695 0.21949 0.0625 0.11691999999999997
2 0.8334950000000001 0.20974500000000001 0.05957000000000001 0.12205000000000002
2 0.121095 0.22 0.05468999999999999 0.11793999999999999
2 0.12011849999999999 0.43846 0.056642999999999985 0.12
2 0.11962999999999999 0.6548700000000001 0.05761999999999999 0.12
2 0.329105 0.43589500000000003 0.06054999999999999 0.11896999999999996
2 0.475585 0.437435 0.06054999999999999 0.11795
2 0.628905 0.43589500000000003 0.06054999999999999 0.11896999999999996
2 0.83496 0.43282 0.06054000000000004 0.11898000000000003
2 0.331055 0.65282 0.06054999999999999 0.11794000000000004
2 0.47607499999999997 0.65282 0.061529999999999974 0.11794000000000004
2 0.629885 0.65282 0.06054999999999999 0.11794000000000004
2 0.833985 0.651795 0.06054999999999999 0.11795
2 0.330075 0.8871800000000001 0.06054999999999999 0.11897999999999997
2 0.628905 0.884105 0.06054999999999999 0.11897000000000002
2 0.8334950000000001 0.883075 0.061529999999999974 0.11896999999999991
3 0.48096000000000005 0.9107700000000001 0.07324000000000003 0.17025999999999997
4 0.325685 0.38 0.08691000000000004 0.04820000000000002
4 0.47363 0.378975 0.08593999999999996 0.048209999999999975
4 0.62598 0.381025 0.08594000000000002 0.048209999999999975
4 0.830565 0.373845 0.10058999999999996 0.04821000000000003
5 0.32715 0.309745 0.08594000000000002 0.06769000000000003
5 0.475585 0.30871499999999996 0.08592999999999995 0.06768999999999997
5 0.62695 0.309745 0.0859399999999999 0.06769000000000003
5 0.8349599999999999 0.301535 0.08594000000000002 0.06769000000000003
5 0.32715 0.51795 0.08594000000000002 0.05538000000000004
5 0.47363 0.518975 0.08593999999999996 0.055389999999999995
5 0.62695 0.518975 0.0859399999999999 0.055389999999999995
5 0.8286100000000001 0.5159 0.09667999999999999 0.05538000000000004
4 0.328615 0.56718 0.08887 0.04308000000000001
4 0.47314500000000004 0.56718 0.08887000000000006 0.04308000000000001
4 0.624025 0.5676950000000001 0.0898500000000001 0.04205000000000003
4 0.830565 0.56513 0.10058999999999996 0.04308000000000001
5 0.32617 0.73282 0.08594000000000002 0.042059999999999986
5 0.47119 0.73333 0.08495999999999998 0.04308000000000001
5 0.625 0.73282 0.08790000000000009 0.04410000000000003
5 0.828615 0.732305 0.10448999999999997 0.04513
5 0.12304899999999999 0.74359 0.085942 0.05333999999999994
5 0.1181625 0.52256 0.07421499999999999 0.05436000000000002
4 0.118651 0.5687150000000001 0.09081800000000001 0.03795000000000004
5 0.12304899999999999 0.307695 0.074222 0.049229999999999996
9 0.581055 0.766155 0.7109300000000001 0.11897000000000002
9 0.58496 0.28051 0.6289 0.021540000000000004
9 0.58252 0.50667 0.62402 0.01436000000000004
9 0.58203 0.092308 0.6328199999999999 0.06974399999999999
10 0.248535 0.38769 0.047849999999999976 0.5046200000000001
10 0.39990000000000003 0.386155 0.045899999999999996 0.50359
10 0.549315 0.38461500000000004 0.04784999999999995 0.50461
10 0.6938500000000001 0.38461500000000004 0.03417999999999999 0.50667
10 0.737305 0.38308000000000003 0.052729999999999944 0.50154
10 0.912595 0.386155 0.04785000000000006 0.50359
10 0.038086 0.44717999999999997 0.048827999999999996 0.64206
10 0.19482500000000003 0.44717999999999997 0.04199 0.64616
10 0.03808595 0.0953855 0.06250009999999999 0.059488999999999986
10 0.19385 0.09435850000000001 0.05565999999999999 0.055383
10 0.41211 0.90051 0.029299999999999993 0.19282
10 0.541505 0.901535 0.03027000000000002 0.19487
10 0.41308500000000004 0.788205 0.039069999999999994 0.031789999999999985
10 0.541015 0.78718 0.03906999999999994 0.03180000000000005
3 0.122071 0.8999999999999999 0.097658 0.16718
10 0.24804500000000002 0.10615150000000001 0.04296999999999998 0.058456999999999995
10 0.399415 0.10512650000000001 0.04100999999999999 0.056407
10 0.5488299999999999 0.10410350000000002 0.04491999999999996 0.056413000000000005
