1 0.499282 0.50097655 0.886496 0.9980469
2 0.239225 0.0932595 0.04741000000000001 0.049801
2 0.7564649999999999 0.09423799999999999 0.04741000000000006 0.049804
2 0.5395099999999999 0.092285 0.053159999999999985 0.05957
2 0.45474000000000003 0.09131 0.05316000000000004 0.057620000000000005
2 0.16882 0.243655 0.07328000000000001 0.07128999999999999
2 0.3125 0.24365 0.07328000000000001 0.06934000000000001
2 0.82974 0.244625 0.07040000000000002 0.07129000000000002
2 0.68678 0.244625 0.07184000000000001 0.07129000000000002
2 0.5395099999999999 0.245605 0.053159999999999985 0.07324999999999998
2 0.45546 0.245115 0.04885999999999996 0.07227
2 0.16882 0.388185 0.07328000000000001 0.07128999999999996
2 0.31106500000000004 0.388675 0.07327 0.07030999999999998
2 0.469825 0.360355 0.07470999999999994 0.07617000000000002
2 0.6860649999999999 0.390135 0.07327000000000006 0.07128999999999996
2 0.8290200000000001 0.39014 0.07184000000000001 0.07323999999999997
2 0.83046 0.532715 0.07184000000000001 0.08497000000000005
2 0.6875 0.533205 0.07328000000000001 0.08399000000000006
2 0.469825 0.509765 0.07470999999999994 0.08985000000000004
2 0.31106 0.53174 0.07040000000000002 0.08495999999999998
2 0.167385 0.532225 0.07327 0.08398999999999995
2 0.167385 0.68164 0.07327 0.08594000000000002
2 0.31178 0.680665 0.06896000000000002 0.08399000000000001
2 0.469825 0.66699 0.07470999999999994 0.08984000000000003
2 0.68822 0.68213 0.07184000000000001 0.08495999999999992
2 0.83046 0.68164 0.07184000000000001 0.08397999999999994
2 0.167385 0.83203 0.08477000000000001 0.08984000000000003
2 0.311065 0.83203 0.08477000000000001 0.08984000000000003
2 0.6875 0.831545 0.08190000000000008 0.08887
2 0.8297399999999999 0.83203 0.08189999999999997 0.09179999999999999
2 0.581175 0.525395 0.0387900000000001 0.09374999999999994
2 0.582615 0.38134999999999997 0.04740999999999995 0.08495999999999998
2 0.39296 0.385255 0.01579999999999998 0.07129000000000002
2 0.39296 0.52588 0.01579999999999998 0.09277999999999992
2 0.58405 0.67676 0.044540000000000024 0.09179999999999999
2 0.3944 0.675785 0.018679999999999974 0.09375
2 0.50503 0.8129850000000001 0.056040000000000034 0.04785000000000006
3 0.690375 0.962405 0.08765 0.07128999999999996
3 0.31178 0.96045 0.08333999999999997 0.06933999999999996
3 0.505025 0.924805 0.08476999999999996 0.14063000000000003
4 0.16379549999999998 0.61182 0.140809 0.05176000000000003
4 0.308905 0.611815 0.12931 0.053709999999999924
4 0.6860649999999999 0.61279 0.12787000000000004 0.05175999999999992
4 0.8283050000000001 0.61182 0.12787000000000004 0.05176000000000003
4 0.16522900000000001 0.46435499999999996 0.132182 0.049809999999999965
4 0.306755 0.46484499999999995 0.13075 0.05273
4 0.685345 0.46484499999999995 0.12931000000000004 0.05273
4 0.827585 0.46533 0.13219000000000003 0.05175999999999997
5 0.16739 0.43261499999999997 0.125 0.025389999999999968
5 0.308905 0.43359499999999995 0.12069000000000002 0.023430000000000006
5 0.6875 0.435545 0.11925999999999992 0.025390000000000024
5 0.82902 0.434575 0.11782000000000004 0.025390000000000024
5 0.16882 0.5849599999999999 0.11349999999999999 0.02734000000000003
5 0.310345 0.583495 0.11495 0.026370000000000005
5 0.6846300000000001 0.583985 0.11638000000000004 0.023430000000000062
5 0.8297399999999999 0.586425 0.11350000000000005 0.03027000000000002
5 0.8297399999999999 0.738285 0.11638000000000004 0.03125
5 0.691095 0.738285 0.12068999999999996 0.03125
5 0.58333 0.7363299999999999 0.05459999999999998 0.02734000000000003
5 0.46983 0.72705 0.09770000000000001 0.030279999999999974
5 0.39655 0.734865 0.025859999999999994 0.024410000000000043
5 0.311785 0.73828 0.11207 0.03320000000000001
5 0.16954 0.7387699999999999 0.1092 0.03613999999999995
5 0.83118 0.898925 0.09626000000000001 0.04784999999999995
5 0.68822 0.899415 0.09195999999999993 0.04686999999999997
5 0.31322 0.8837900000000001 0.09770000000000001 0.011720000000000064
5 0.166665 0.88135 0.09483 0.010739999999999972
5 0.23778499999999997 0.120115 0.05890999999999999 0.01562999999999999
5 0.45474000000000003 0.12451500000000001 0.07327999999999996 0.01465000000000001
5 0.54023 0.125975 0.06322000000000005 0.013670000000000015
5 0.7579 0.125 0.06465999999999994 0.019540000000000002
8 0.24065999999999999 0.348145 0.053159999999999985 0.10838999999999999
8 0.75503 0.34912 0.044540000000000024 0.1084
8 0.83908 0.327635 0.11781999999999992 0.036129999999999995
8 0.6810350000000001 0.328615 0.10056999999999994 0.036129999999999995
8 0.16451 0.325685 0.09913999999999999 0.03808999999999996
8 0.318245 0.326175 0.10201000000000005 0.037109999999999976
8 0.470545 0.43066 0.09912999999999994 0.06835999999999998
8 0.581895 0.447265 0.0402300000000001 0.048829999999999985
8 0.395115 0.450685 0.02299000000000001 0.053710000000000035
8 0.470545 0.5957049999999999 0.09912999999999994 0.052730000000000055
8 0.563935 0.80664 0.056030000000000024 0.05274000000000001
8 0.43174999999999997 0.806155 0.07327999999999996 0.053710000000000035
8 0.500715 0.183105 0.15660999999999997 0.05567
9 0.503593 0.168945 0.860634 0.046869999999999995
9 0.4971275 0.291015 0.873565 0.029289999999999983
9 0.5007174999999999 0.76221 0.8721249999999999 0.028320000000000012
10 0.23850500000000002 0.233885 0.040230000000000016 0.09277000000000002
10 0.39654999999999996 0.234375 0.037360000000000004 0.09179000000000001
10 0.596265 0.233885 0.04022999999999999 0.09277000000000002
10 0.0761495 0.233885 0.037356999999999994 0.09277000000000002
10 0.757185 0.2334 0.031609999999999916 0.09179999999999999
10 0.9145099999999999 0.23584 0.03304000000000007 0.09472
10 0.0768675 0.177735 0.041666999999999996 0.02149000000000001
10 0.23850500000000002 0.17724499999999999 0.04311000000000001 0.02051
10 0.395115 0.178715 0.04310999999999998 0.01953000000000002
10 0.596265 0.17724499999999999 0.045969999999999955 0.018549999999999983
10 0.75503 0.17724499999999999 0.04166000000000003 0.02051
10 0.912355 0.178715 0.04022999999999999 0.01953000000000002
11 0.39368000000000003 0.8950199999999999 0.045979999999999965 0.03808
11 0.38937 0.9477500000000001 0.037360000000000004 0.040039999999999965
11 0.233475 0.90039 0.26581 0.04688000000000003
