1 0.5165995 0.40848450000000003 0.9589810000000001 0.749091
2 0.11230699999999999 0.309695 0.04492600000000001 0.10060999999999998
2 0.22461 0.308485 0.044920000000000015 0.10060999999999998
2 0.33838 0.309695 0.045899999999999996 0.10060999999999998
2 0.453125 0.309695 0.044930000000000025 0.10060999999999998
2 0.56543 0.309695 0.04492000000000007 0.10060999999999998
2 0.68555 0.31212 0.04492000000000007 0.10060000000000002
2 0.799805 0.31454499999999996 0.044929999999999914 0.10061000000000003
2 0.90527 0.31818 0.04492000000000007 0.10059999999999997
2 0.907715 0.498785 0.0458900000000001 0.10060999999999998
2 0.799805 0.498785 0.044929999999999914 0.10060999999999998
2 0.68555 0.497575 0.04492000000000007 0.10061000000000003
2 0.56738 0.497575 0.04492000000000007 0.10061000000000003
2 0.450195 0.497575 0.044930000000000025 0.10061000000000003
2 0.333985 0.498785 0.04492999999999997 0.10060999999999998
2 0.22363 0.498785 0.044920000000000015 0.10060999999999998
2 0.1103505 0.498785 0.044919000000000014 0.10060999999999998
2 0.11474499999999999 0.68667 0.04784999999999999 0.10787999999999998
2 0.222165 0.68606 0.047850000000000004 0.10665999999999998
2 0.33545 0.68606 0.04785999999999996 0.10665999999999998
2 0.450685 0.688485 0.047850000000000004 0.10667000000000004
2 0.563475 0.6812100000000001 0.035149999999999904 0.0897
2 0.6831050000000001 0.679395 0.04785000000000006 0.09333000000000002
2 0.79785 0.674545 0.03515999999999997 0.09333000000000002
2 0.9033199999999999 0.6812100000000001 0.03320000000000001 0.10424
2 0.34179499999999996 0.13091049999999999 0.058589999999999975 0.077579
2 0.1279315 0.13393750000000001 0.05859700000000001 0.07878500000000001
2 0.46191499999999996 0.1321225 0.058589999999999975 0.07515499999999999
2 0.62451 0.13697 0.057620000000000005 0.07272
2 0.80127 0.14303 0.057620000000000005 0.07271999999999999
2 0.90332 0.146665 0.058599999999999985 0.06545
4 0.1123045 0.248485 0.076171 0.02667
4 0.225095 0.24788 0.07715000000000002 0.02546000000000001
4 0.33789 0.24727500000000002 0.07617999999999997 0.02667
4 0.453125 0.24788 0.07616999999999996 0.02546000000000001
4 0.566405 0.245455 0.07616999999999996 0.025450000000000028
4 0.68457 0.25212 0.07617999999999991 0.026660000000000017
4 0.80127 0.254545 0.07713999999999999 0.02667
4 0.90332 0.25878999999999996 0.07617999999999991 0.025459999999999983
4 0.1083995 0.43576000000000004 0.08008099999999999 0.03758
4 0.223145 0.433335 0.08105000000000001 0.03757000000000005
4 0.33691499999999996 0.43576000000000004 0.08007000000000003 0.03758
4 0.450685 0.43576000000000004 0.08104999999999996 0.03758
4 0.56445 0.43576000000000004 0.08007999999999993 0.03758
4 0.68457 0.433335 0.08007999999999993 0.03757000000000005
4 0.800295 0.43696999999999997 0.08105000000000007 0.03758
4 0.90527 0.43818 0.08007999999999993 0.03758
4 0.109373 0.62 0.08007399999999999 0.03757999999999995
4 0.2207 0.61879 0.08008000000000004 0.03758000000000006
4 0.33594 0.62 0.08007999999999998 0.03757999999999995
4 0.450195 0.62121 0.08006999999999997 0.03758000000000006
4 0.56299 0.62121 0.08105999999999991 0.03758000000000006
4 0.6835899999999999 0.62 0.08008000000000004 0.03757999999999995
4 0.80078 0.61697 0.08008000000000004 0.03635999999999995
4 0.907715 0.6139399999999999 0.08104999999999996 0.03758000000000006
6 0.67432 0.74727 0.37012000000000006 0.06424000000000007
7 0.113285 0.131514 0.02539000000000001 0.071512
7 0.141115 0.132119 0.026370000000000005 0.072722
7 0.29834 0.1266645 0.032220000000000026 0.071511
7 0.42041 0.1278805 0.032220000000000026 0.07151900000000001
7 0.3833 0.1296965 0.03221999999999997 0.07272700000000001
7 0.504395 0.1296965 0.032230000000000036 0.07272700000000001
7 0.583495 0.13333499999999998 0.03222999999999998 0.07272999999999999
7 0.63916 0.135152 0.032220000000000026 0.07151600000000001
7 0.78955 0.141215 0.032220000000000026 0.06909
7 0.836425 0.139395 0.026370000000000005 0.07515
7 0.890625 0.146665 0.025390000000000024 0.06303
7 0.916505 0.146665 0.024410000000000043 0.06303
7 0.08496100000000001 0.31091 0.023438 0.09576000000000001
7 0.13525 0.30909 0.022459999999999994 0.09454000000000001
7 0.19873000000000002 0.308485 0.022460000000000008 0.09575
7 0.249025 0.30909 0.01953000000000002 0.09454000000000001
7 0.31006 0.30666499999999997 0.022460000000000035 0.09454999999999997
7 0.361815 0.30666499999999997 0.020510000000000028 0.09454999999999997
7 0.42529 0.30727000000000004 0.022460000000000035 0.09576000000000001
7 0.479 0.30666499999999997 0.02245999999999998 0.09454999999999997
7 0.54053 0.308485 0.022460000000000035 0.09575
7 0.592775 0.310305 0.019529999999999936 0.09455000000000002
7 0.8808549999999999 0.316365 0.019529999999999936 0.09455000000000002
7 0.92822 0.317575 0.022460000000000035 0.09455000000000002
7 0.81006 0.31515000000000004 0.022459999999999924 0.09454000000000001
7 0.7880849999999999 0.314545 0.019529999999999936 0.09575
7 0.0834965 0.49878999999999996 0.02246100000000001 0.09576000000000001
7 0.134275 0.49696999999999997 0.01855000000000001 0.09453999999999996
7 0.19629000000000002 0.49878999999999996 0.02343999999999999 0.09576000000000001
7 0.24706999999999998 0.49878999999999996 0.017579999999999985 0.09576000000000001
7 0.30908 0.49878999999999996 0.02245999999999998 0.09576000000000001
7 0.36133000000000004 0.49878999999999996 0.017579999999999985 0.09576000000000001
7 0.42334 0.49878999999999996 0.020499999999999963 0.09576000000000001
7 0.476075 0.49878999999999996 0.020509999999999973 0.09576000000000001
7 0.53906 0.49878999999999996 0.021479999999999944 0.09576000000000001
7 0.591305 0.49878999999999996 0.020510000000000028 0.09576000000000001
7 0.657715 0.500605 0.020509999999999917 0.09455000000000002
7 0.708495 0.49878999999999996 0.020510000000000028 0.09576000000000001
7 0.774415 0.49817999999999996 0.02149000000000001 0.09454000000000001
7 0.82422 0.49878999999999996 0.021480000000000055 0.09576000000000001
7 0.88086 0.5012099999999999 0.01758000000000004 0.09575999999999996
7 0.9292 0.49939500000000003 0.01856000000000002 0.09454999999999997
7 0.08447299999999999 0.686065 0.024414000000000005 0.09697
7 0.13428 0.685455 0.022459999999999994 0.09819
7 0.19775500000000001 0.68788 0.024410000000000015 0.09818000000000005
7 0.246095 0.685455 0.02342999999999998 0.09819
7 0.30957 0.68667 0.023440000000000016 0.09817999999999993
7 0.361815 0.687275 0.020510000000000028 0.09697
7 0.42334 0.68667 0.020499999999999963 0.09817999999999993
7 0.476565 0.687275 0.019529999999999992 0.09697
7 0.536135 0.6824250000000001 0.019530000000000047 0.08727000000000007
7 0.5893550000000001 0.6818200000000001 0.018549999999999955 0.08848
7 0.7724599999999999 0.677575 0.01758000000000004 0.08727000000000007
7 0.82275 0.676365 0.016599999999999948 0.08485000000000009
7 0.87842 0.6799999999999999 0.016599999999999948 0.09453999999999996
7 0.927245 0.677575 0.018550000000000066 0.09455000000000002
7 0.65869 0.309695 0.022459999999999924 0.09333000000000002
7 0.71045 0.31272500000000003 0.022460000000000035 0.09454999999999997
9 0.518066 0.21333000000000002 0.946288 0.09212000000000001
9 0.520019 0.375155 0.948242 0.035150000000000015
9 0.5170895 0.56061 0.948241 0.027880000000000016
9 0.520019 0.740605 0.948242 0.026670000000000083
11 0.22754 0.816365 0.15233999999999998 0.04969000000000001
11 0.2231435 0.91515 0.256833 0.14788
11 0.072754 0.9551499999999999 0.028320000000000005 0.04847999999999997
11 0.38525 0.9563649999999999 0.028320000000000012 0.04849000000000003
11 0.5083 0.95394 0.028320000000000012 0.04848000000000008
11 0.44922 0.91636 0.06640000000000001 0.14788
11 0.561035 0.915755 0.061529999999999974 0.14667000000000008
11 0.6772499999999999 0.85394 0.09667999999999999 0.040000000000000036
11 0.67285 0.94182 0.1308600000000001 0.09454000000000007
11 0.791015 0.81697 0.05859000000000003 0.026660000000000017
11 0.79199 0.93879 0.09570000000000001 0.10546
11 0.92334 0.88788 0.028320000000000012 0.018180000000000085
