1 0.5066035 0.500001 0.9037729999999999 0.993978
2 0.32358 0.820785 0.10000000000000003 0.11145000000000005
2 0.16698000000000002 0.603915 0.06604000000000002 0.12348999999999999
2 0.29434 0.605425 0.06416 0.13253000000000004
2 0.17264000000000002 0.82229 0.07358 0.10843999999999998
2 0.51415 0.82229 0.03961999999999999 0.11446
2 0.65849 0.603915 0.04527999999999999 0.11746999999999996
2 0.681135 0.153613 0.052830000000000044 0.114454
2 0.55566 0.153613 0.05471999999999999 0.114454
2 0.8056650000000001 0.156629 0.052830000000000044 0.114462
2 0.8367899999999999 0.388555 0.043399999999999994 0.12651
2 0.8820749999999999 0.5978950000000001 0.024530000000000052 0.11747000000000007
2 0.8198099999999999 0.579815 0.02076 0.11746999999999996
2 0.729245 0.5843400000000001 0.020750000000000046 0.12048000000000003
2 0.7754749999999999 0.5752999999999999 0.04151000000000005 0.12048000000000003
2 0.879245 0.384035 0.022649999999999948 0.11747000000000002
2 0.795285 0.381025 0.02452999999999994 0.11746999999999996
2 0.656605 0.384035 0.041509999999999936 0.12348999999999999
2 0.46981 0.60542 0.022639999999999993 0.11446
2 0.546225 0.599395 0.013210000000000055 0.10843000000000003
2 0.5490550000000001 0.819275 0.015089999999999937 0.10843000000000003
2 0.47264 0.823795 0.02076 0.11747000000000007
2 0.28868 0.349395 0.08301999999999998 0.09638999999999998
2 0.161325 0.378015 0.06980999999999998 0.11747000000000002
2 0.5103800000000001 0.391565 0.043399999999999994 0.15663000000000005
2 0.656605 0.823795 0.04905000000000004 0.12348999999999999
2 0.879245 0.8252999999999999 0.018870000000000053 0.12048000000000003
4 0.8264149999999999 0.30722499999999997 0.15471000000000001 0.01204999999999995
4 0.795285 0.319275 0.05848999999999993 0.012050000000000005
4 0.865095 0.319275 0.05849000000000004 0.012050000000000005
4 0.45471500000000004 0.534635 0.16227000000000003 0.03312999999999999
4 0.26981 0.525605 0.10943999999999998 0.027109999999999967
5 0.7301899999999999 0.665665 0.02642 0.04216999999999993
5 0.81698 0.66265 0.02642 0.042159999999999975
5 0.77264 0.66114 0.050939999999999985 0.04518
5 0.883015 0.676205 0.03018999999999994 0.03914999999999991
5 0.32453 0.88253 0.11698000000000003 0.018079999999999985
5 0.51132 0.885545 0.11698000000000003 0.01807000000000003
5 0.172645 0.8840399999999999 0.09245 0.015059999999999962
5 0.160375 0.445785 0.09057000000000001 0.018069999999999975
5 0.653775 0.45331 0.06227000000000005 0.015060000000000018
6 0.36321 0.453315 0.4283 0.14758999999999994
6 0.79906 0.447285 0.23961999999999994 0.14759
6 0.36698000000000003 0.6882550000000001 0.4283 0.12348999999999999
6 0.88113 0.911145 0.04527999999999999 0.07530999999999999
6 0.817925 0.9051199999999999 0.039630000000000054 0.07530000000000003
6 0.77264 0.90813 0.03961999999999999 0.07529999999999992
6 0.7254700000000001 0.906625 0.0396200000000001 0.07830999999999999
6 0.28302 0.2003 0.16226 0.021079999999999988
7 0.323585 0.792165 0.09245000000000003 0.04217000000000004
7 0.172645 0.8222849999999999 0.06981000000000001 0.10241
2 0.553775 0.37800999999999996 0.013209999999999944 0.10542000000000001
2 0.46981 0.35692999999999997 0.011319999999999997 0.07529999999999998
2 0.51604 0.635545 0.03208 0.15663000000000005
2 0.36038 0.170185 0.06037999999999999 0.05723
7 0.36132 0.17018 0.054720000000000046 0.04518
7 0.66132 0.7771049999999999 0.03961999999999999 0.01806999999999992
9 0.508492 0.265065 0.892456 0.10241
10 0.707545 0.849395 0.018869999999999942 0.15663000000000005
10 0.75283 0.85241 0.0188600000000001 0.15661999999999998
10 0.8 0.849395 0.018859999999999988 0.15663000000000005
10 0.849055 0.85241 0.018869999999999942 0.15661999999999998
10 0.849055 0.93825 0.03773000000000004 0.015059999999999962
10 0.801885 0.93825 0.03772999999999993 0.015059999999999962
10 0.753775 0.9367449999999999 0.03207000000000004 0.012050000000000005
10 0.70566 0.76054 0.02642 0.021079999999999988
10 0.7528300000000001 0.76205 0.02642 0.02410000000000001
10 0.80283 0.76054 0.028299999999999992 0.021079999999999988
10 0.85 0.763555 0.028299999999999992 0.021090000000000053
