1 0.12694919999999998 0.59737 0.2510616 0.7965
1 0.49929 0.59519 0.48794000000000004 0.7965
2 0.31701999999999997 0.338075 0.058160000000000045 0.09847
2 0.44468 0.33916999999999997 0.05815999999999999 0.10066000000000003
2 0.62766 0.34464 0.05815999999999999 0.08972000000000002
2 0.621985 0.530635 0.06098999999999999 0.09847
2 0.438295 0.532825 0.062409999999999966 0.09847
2 0.307095 0.53173 0.06098999999999999 0.10066000000000003
2 0.304255 0.7374149999999999 0.06098999999999999 0.10503000000000007
2 0.43759000000000003 0.7396050000000001 0.061 0.10503000000000007
2 0.61986 0.7374149999999999 0.059579999999999966 0.10503000000000007
2 0.18936 0.34135499999999996 0.05248000000000003 0.10064999999999996
2 0.18085 0.536105 0.05532000000000001 0.10065000000000002
2 0.17304999999999998 0.736325 0.056739999999999985 0.09847000000000006
2 0.81064 0.5459499999999999 0.055320000000000036 0.10721999999999998
2 0.81135 0.347925 0.05674000000000001 0.10941000000000001
2 0.81206 0.73851 0.055320000000000036 0.10722000000000009
2 0.91844 0.573305 0.0383 0.10941000000000001
2 0.91702 0.387305 0.0383 0.10941000000000001
2 0.9177299999999999 0.75821 0.03972000000000009 0.10721999999999998
3 0.302125 0.9387300000000001 0.059569999999999956 0.10066000000000008
3 0.439005 0.94092 0.06098999999999999 0.10065999999999997
3 0.9120550000000001 0.94967 0.05957000000000001 0.10065999999999997
4 0.175175 0.650985 0.08653 0.054710000000000036
4 0.187945 0.247265 0.10354999999999998 0.08753000000000002
4 0.31701999999999997 0.24945499999999998 0.10637999999999997 0.07876999999999998
4 0.448225 0.24617499999999998 0.10497000000000001 0.07220999999999997
4 0.6290800000000001 0.248355 0.10638000000000003 0.07221
4 0.304965 0.6531750000000001 0.08511000000000002 0.054709999999999925
4 0.439005 0.6531750000000001 0.08653 0.054709999999999925
5 0.30354499999999995 0.594095 0.07658999999999999 0.024069999999999925
5 0.4383 0.591905 0.0766 0.024070000000000036
5 0.43688 0.814005 0.0766 0.061269999999999936
5 0.306385 0.8150999999999999 0.07658999999999999 0.06345999999999996
5 0.17376 0.591905 0.0695 0.019689999999999985
5 0.17376 0.81291 0.0695 0.06345999999999996
5 0.621275 0.589715 0.07658999999999994 0.024070000000000036
5 0.62128 0.793215 0.07375999999999994 0.024070000000000036
5 0.81206 0.797595 0.07234000000000007 0.019690000000000096
5 0.91986 0.81072 0.05815999999999999 0.01532
5 0.9177299999999999 0.628005 0.04822000000000004 0.035009999999999986
5 0.921275 0.44092 0.04681000000000002 0.041580000000000006
5 0.813475 0.400435 0.06098999999999999 0.03062999999999999
5 0.81135 0.6006549999999999 0.07091999999999998 0.024069999999999925
2 0.10567499999999999 0.330415 0.029789999999999997 0.08315
2 0.099998 0.5186 0.029784000000000005 0.08316000000000001
2 0.095033 0.712255 0.019853999999999997 0.08970999999999996
2 0.09290999999999999 0.91138 0.021280000000000007 0.08972000000000002
7 0.12979000000000002 0.53501 0.03262000000000001 0.10722000000000004
7 0.223405 0.53501 0.03262999999999999 0.10722000000000004
7 0.048936 0.533915 0.032624 0.10941000000000001
7 0.21915 0.73523 0.03262000000000001 0.10940000000000005
7 0.12837 0.73414 0.032619999999999996 0.10721999999999998
7 0.44042499999999996 0.52626 0.05248999999999998 0.08096000000000003
7 0.44042499999999996 0.738515 0.05248999999999998 0.09846999999999995
7 0.621985 0.73742 0.052489999999999926 0.10065999999999997
7 0.44681 0.34135499999999996 0.051059999999999994 0.09190999999999999
7 0.623405 0.512035 0.058149999999999924 0.05251000000000006
7 0.80993 0.34792 0.04822000000000004 0.09628000000000003
7 0.91631 0.38949500000000004 0.031200000000000006 0.09190999999999999
7 0.9184399999999999 0.547045 0.03261999999999998 0.039390000000000036
7 0.812055 0.7407 0.04964999999999997 0.09845999999999999
7 0.9177299999999999 0.7593 0.03403999999999996 0.10065999999999997
8 0.304255 0.86105 0.09219 0.04596
8 0.42837000000000003 0.86324 0.10779999999999995 0.04157999999999995
8 0.15886499999999998 0.85558 0.11631 0.04814000000000007
9 0.50071 0.44748 0.47659999999999997 0.06346000000000002
9 0.1241119 0.44311 0.23687619999999998 0.06345999999999996
11 0.58936 0.858865 0.1773 0.045949999999999935
11 0.711345 0.867615 0.06383000000000005 0.024070000000000036
11 0.59291 0.94311 0.16737999999999997 0.10065999999999997
11 0.80922 0.8698 0.12624000000000002 0.03282000000000007
11 0.9184399999999999 0.85886 0.08652000000000004 0.06345999999999996
11 0.8085100000000001 0.942015 0.05389999999999995 0.09846999999999995
