1 0.434569 0.49999964999999996 0.771482 0.9970407
2 0.15625 0.07692349999999999 0.03320000000000001 0.059172999999999996
2 0.138675 0.317305 0.037110000000000004 0.10799000000000003
2 0.13916 0.534025 0.03418 0.10651000000000005
2 0.13916 0.7551749999999999 0.03418 0.11095
2 0.196285 0.318785 0.037110000000000004 0.10798999999999997
2 0.1958 0.533285 0.036140000000000005 0.10503000000000001
2 0.19629000000000002 0.7551749999999999 0.03516 0.11095
2 0.366215 0.321005 0.037109999999999976 0.10651
2 0.452635 0.320265 0.036129999999999995 0.10798999999999997
2 0.540035 0.321005 0.037109999999999976 0.10651
2 0.624025 0.323225 0.03711000000000009 0.10798999999999997
2 0.710935 0.320265 0.037109999999999976 0.10798999999999997
2 0.368165 0.535505 0.035150000000000015 0.10650999999999994
2 0.45215 0.535505 0.03515999999999997 0.10650999999999994
2 0.5390600000000001 0.536245 0.03515999999999997 0.10502999999999996
2 0.626465 0.536245 0.03416999999999992 0.10502999999999996
2 0.711915 0.535505 0.035150000000000015 0.10650999999999994
2 0.36914 0.7551749999999999 0.035160000000000025 0.11095
2 0.453125 0.755915 0.035150000000000015 0.10946999999999996
2 0.541015 0.755915 0.035150000000000015 0.10946999999999996
2 0.626955 0.755915 0.035150000000000015 0.10946999999999996
2 0.711915 0.7551749999999999 0.035150000000000015 0.11095
2 0.881835 0.299555 0.037109999999999976 0.10798999999999997
2 0.929685 0.301035 0.037109999999999976 0.10799
2 0.8808549999999999 0.508135 0.03711000000000009 0.10799000000000003
2 0.930175 0.508875 0.036129999999999995 0.10947000000000007
2 0.881835 0.7278100000000001 0.035150000000000015 0.10946
2 0.9311499999999999 0.7278100000000001 0.03417999999999999 0.10946
4 0.163575 0.45265999999999995 0.14551000000000003 0.038459999999999994
4 0.1606455 0.66938 0.145509 0.03698000000000001
4 0.365235 0.448225 0.07812999999999998 0.029590000000000005
4 0.450195 0.446745 0.07812999999999998 0.029590000000000005
4 0.538085 0.448225 0.07813000000000003 0.029590000000000005
4 0.6230450000000001 0.446745 0.07812999999999992 0.029590000000000005
4 0.70996 0.446745 0.07811999999999997 0.029590000000000005
4 0.362305 0.67382 0.07812999999999998 0.04586000000000001
4 0.45067999999999997 0.67234 0.0791 0.04586000000000001
4 0.53857 0.675295 0.07909999999999995 0.045849999999999946
4 0.6269549999999999 0.67234 0.07812999999999992 0.04586000000000001
4 0.71338 0.67086 0.07909999999999995 0.04586000000000001
4 0.90332 0.68269 0.12890000000000001 0.13166
5 0.1621115 0.6013299999999999 0.13281700000000002 0.039939999999999976
5 0.16797 0.83136 0.11914 0.044380000000000086
5 0.364255 0.60281 0.07030999999999998 0.03698000000000001
5 0.450195 0.60281 0.07030999999999998 0.03698000000000001
5 0.5380849999999999 0.60281 0.07030999999999998 0.03698000000000001
5 0.62207 0.60281 0.07031999999999994 0.03698000000000001
5 0.7109350000000001 0.60355 0.07030999999999998 0.03846000000000005
5 0.712405 0.8306199999999999 0.05957000000000001 0.04290000000000005
5 0.6245149999999999 0.83284 0.05957000000000001 0.04142000000000001
5 0.5405249999999999 0.83432 0.05957000000000001 0.0414199999999999
5 0.451175 0.83358 0.06054999999999999 0.04289999999999994
5 0.36328 0.83358 0.06054000000000004 0.04289999999999994
6 0.899905 0.841715 0.15527000000000002 0.14200999999999997
8 0.305665 0.298815 0.02149000000000001 0.06508999999999998
8 0.239255 0.29438 0.019529999999999992 0.06804000000000004
8 0.092284 0.29438 0.018552 0.06804000000000004
8 0.262695 0.42751 0.023430000000000006 0.04142000000000001
8 0.061523499999999995 0.426775 0.021484999999999997 0.03699000000000002
8 0.77344 0.301775 0.021479999999999944 0.06213000000000002
8 0.8046899999999999 0.43121 0.023440000000000016 0.042899999999999994
8 0.16113 0.01257415 0.029299999999999993 0.0221897
9 0.4340805 0.38831499999999997 0.766599 0.05473
9 0.4374985 0.838015 0.759763 0.06361000000000006
9 0.434569 0.18935 0.765622 0.10946
8 0.120115 0.25295999999999996 0.009770000000000001 0.01479999999999998
8 0.166995 0.258875 0.019529999999999992 0.029590000000000033
8 0.211425 0.25296 0.010749999999999982 0.01183999999999999
8 0.34277 0.264795 0.017579999999999985 0.032549999999999996
8 0.40869 0.27293 0.03808 0.04882
8 0.49512 0.27441 0.035160000000000025 0.048819999999999975
8 0.58203 0.27366999999999997 0.03320000000000001 0.050299999999999984
8 0.66699 0.27366999999999997 0.03320000000000001 0.050299999999999984
8 0.736815 0.260355 0.01269000000000009 0.020710000000000006
10 0.077637 0.310655 0.010742000000000002 0.10354999999999998
10 0.1049795 0.310655 0.010741 0.10354999999999998
10 0.22411999999999999 0.310655 0.01074 0.10354999999999998
10 0.32421500000000003 0.312135 0.013670000000000015 0.10355000000000003
10 0.751465 0.315085 0.010749999999999926 0.10355000000000003
10 0.79053 0.316565 0.006840000000000068 0.10354999999999998
10 0.6665049999999999 0.34319500000000003 0.006830000000000003 0.044369999999999965
10 0.580565 0.34246 0.006830000000000003 0.042899999999999994
10 0.49463 0.34172 0.006840000000000013 0.04438000000000003
10 0.40869 0.34246 0.006839999999999957 0.042899999999999994
10 0.077637 0.248525 0.016602000000000006 0.020710000000000006
10 0.10498 0.248525 0.016600000000000004 0.020710000000000006
10 0.223635 0.248525 0.015629999999999977 0.020710000000000006
10 0.28711 0.313605 0.005860000000000032 0.10354999999999998
10 0.28808500000000004 0.251475 0.009770000000000001 0.020710000000000006
10 0.32275 0.25 0.016600000000000004 0.02071999999999999
10 0.75049 0.252955 0.016599999999999948 0.02070999999999998
10 0.788575 0.254435 0.010750000000000037 0.020710000000000034
10 0.666505 0.31435 0.010750000000000037 0.013319999999999999
10 0.58057 0.31435 0.010739999999999972 0.013319999999999999
10 0.49463 0.31435 0.010740000000000027 0.013319999999999999
10 0.40869 0.31435 0.010739999999999972 0.013319999999999999
8 0.828615 0.16272 0.014650000000000052 0.05030000000000001
8 0.84912 0.16493999999999998 0.016599999999999948 0.04882
8 0.902345 0.16346 0.02149000000000001 0.05177999999999999
2 0.90674 0.9437850000000001 0.06152000000000002 0.10651
9 0.539065 0.31139 0.41211000000000003 0.010360000000000036
8 0.365235 0.25517500000000004 0.013670000000000015 0.019230000000000025
8 0.449705 0.25517500000000004 0.014649999999999996 0.019230000000000025
8 0.536135 0.255915 0.01366999999999996 0.020710000000000006
8 0.621585 0.257395 0.01464999999999994 0.02070999999999998
8 0.708005 0.25517500000000004 0.013670000000000071 0.019230000000000025
