1 0.331055 0.517423 0.33593 0.944254
1 0.6738299999999999 0.49825610000000004 0.33594 0.9930278
2 0.0415035 0.19163999999999998 0.040039000000000005 0.06620000000000001
2 0.040527499999999994 0.32404 0.040039 0.06620000000000004
2 0.040527499999999994 0.456445 0.040039 0.06620999999999999
2 0.0415035 0.5923350000000001 0.040039000000000005 0.06620999999999999
2 0.0395505 0.72648 0.040039 0.06620000000000004
2 0.0375975 0.8728199999999999 0.040039000000000005 0.06619999999999993
2 0.231935 0.133275 0.014649999999999996 0.04007000000000001
2 0.251465 0.133275 0.014650000000000024 0.04007000000000001
2 0.33008000000000004 0.132405 0.015620000000000023 0.04181
2 0.35009500000000005 0.133275 0.014649999999999996 0.04007000000000001
2 0.22363 0.24739 0.029299999999999993 0.06272
2 0.32372999999999996 0.24825999999999998 0.03028000000000003 0.060980000000000006
2 0.41406 0.24477500000000002 0.029299999999999993 0.060969999999999996
2 0.45508000000000004 0.24303 0.027339999999999975 0.06097999999999998
2 0.22363 0.38327500000000003 0.03320000000000001 0.09407000000000004
2 0.325195 0.38153000000000004 0.03321000000000002 0.09408
2 0.41797 0.38153000000000004 0.03320000000000001 0.09408
2 0.456545 0.38327500000000003 0.032230000000000036 0.09407000000000004
2 0.22217 0.54094 0.03417999999999999 0.09929999999999994
2 0.32373 0.543555 0.03417999999999999 0.10105000000000003
2 0.41846 0.54094 0.03417999999999999 0.09929999999999994
2 0.45752 0.54181 0.03417999999999999 0.10104000000000002
2 0.219725 0.70296 0.03321000000000002 0.09930000000000005
2 0.3208 0.704705 0.034180000000000044 0.09931000000000001
2 0.41455 0.70296 0.034180000000000044 0.09930000000000005
2 0.45508 0.704705 0.03320000000000001 0.09931000000000001
2 0.561525 0.099304 0.025389999999999913 0.07317200000000001
2 0.673825 0.097563 0.025390000000000024 0.07317399999999999
2 0.7871049999999999 0.101045 0.025389999999999913 0.07317
2 0.5629900000000001 0.270035 0.03417999999999999 0.09059
2 0.67432 0.28049 0.03417999999999999 0.11149999999999999
2 0.7890600000000001 0.271775 0.03320000000000001 0.09059000000000003
2 0.562015 0.44686499999999996 0.036129999999999995 0.10974999999999996
2 0.788575 0.447735 0.036129999999999995 0.10800999999999994
2 0.67578 0.45993 0.03515999999999997 0.12892000000000003
2 0.562985 0.6663749999999999 0.036129999999999995 0.17247
2 0.672365 0.6637649999999999 0.036129999999999995 0.1742100000000001
2 0.789065 0.665505 0.037109999999999976 0.17420999999999998
2 0.918945 0.39547 0.03320999999999996 0.09755999999999998
2 0.918455 0.543555 0.03222999999999998 0.07665
2 0.916995 0.7334499999999999 0.07617000000000007 0.13239999999999996
2 0.900395 0.132405 0.03125 0.05226999999999998
2 0.91699 0.24041500000000002 0.02734000000000003 0.07317000000000001
2 0.440915 0.135885 0.014650000000000052 0.041810000000000014
2 0.460445 0.135015 0.014649999999999996 0.040069999999999995
4 0.2207 0.31533 0.06836 0.03832000000000002
4 0.32031 0.31620000000000004 0.06836000000000003 0.03309999999999996
4 0.43505499999999997 0.31533 0.10449000000000003 0.03832000000000002
4 0.21973 0.471255 0.06836000000000003 0.03659000000000001
4 0.31934 0.47038 0.06835999999999998 0.03484000000000004
4 0.43164 0.46777 0.10156000000000004 0.03309999999999996
4 0.561525 0.2169 0.054690000000000016 0.026139999999999997
4 0.673825 0.2169 0.054689999999999905 0.026139999999999997
4 0.78711 0.21864 0.05468000000000006 0.026139999999999997
4 0.55957 0.365855 0.06835999999999998 0.038329999999999975
4 0.78711 0.365855 0.06835999999999998 0.038329999999999975
4 0.558595 0.54965 0.07616999999999996 0.036579999999999946
4 0.786625 0.54965 0.07715000000000005 0.036579999999999946
4 0.9174800000000001 0.47648 0.07520000000000004 0.02961999999999998
5 0.561035 0.33101 0.05957000000000001 0.03484000000000004
5 0.7880849999999999 0.33275 0.06054999999999999 0.03483999999999998
5 0.7876 0.51481 0.06738 0.03658
5 0.56055 0.51481 0.06835999999999998 0.03658
5 0.21972999999999998 0.44338 0.06249999999999997 0.03310000000000002
5 0.320805 0.44338 0.05957000000000001 0.03658
5 0.40723 0.43989500000000004 0.044920000000000015 0.03311000000000003
5 0.453125 0.44076499999999996 0.044930000000000025 0.03484999999999999
6 0.214845 0.601915 0.06641 0.04007000000000005
6 0.319825 0.601915 0.06739 0.04007000000000005
6 0.40137 0.603655 0.05077999999999999 0.04006999999999994
6 0.45361 0.603655 0.05176000000000003 0.04006999999999994
6 0.91797 0.45383 0.06446000000000007 0.02961999999999998
6 0.55908 0.14547 0.057620000000000005 0.03309999999999999
6 0.670895 0.14373 0.06054999999999999 0.03310000000000002
6 0.7856449999999999 0.14721 0.05761000000000005 0.03309999999999999
6 0.666505 0.33014 0.08301000000000003 0.08188000000000001
6 0.66455 0.5156799999999999 0.08299999999999996 0.08013999999999999
6 0.665035 0.731705 0.08789000000000002 0.06968999999999992
6 0.5546850000000001 0.73258 0.06640999999999997 0.05052000000000001
6 0.7832049999999999 0.729095 0.06640999999999997 0.050530000000000075
6 0.916015 0.606275 0.14649 0.055749999999999966
6 0.9209 0.78136 0.1543 0.04704000000000008
7 0.32666 0.358885 0.028320000000000012 0.041810000000000014
7 0.41942999999999997 0.34495 0.028319999999999956 0.01741999999999999
7 0.45703 0.34495 0.02734000000000003 0.01741999999999999
7 0.22460999999999998 0.513065 0.027340000000000003 0.040069999999999995
7 0.325195 0.513065 0.029289999999999983 0.03659000000000007
7 0.416015 0.50871 0.02735000000000004 0.03136
7 0.556155 0.448605 0.020509999999999917 0.10626999999999998
7 0.57617 0.447735 0.005859999999999976 0.10453000000000001
7 0.7973600000000001 0.447735 0.01660000000000006 0.10453000000000001
7 0.776365 0.448605 0.009769999999999945 0.10626999999999998
6 0.705565 0.0391986 0.08887 0.0749128
8 0.96094 0.229095 0.04688000000000003 0.07838999999999996
8 0.8681650000000001 0.22561 0.04883000000000004 0.08188000000000001
9 0.33008 0.195995 0.33008000000000004 0.07143
9 0.331545 0.294425 0.32519000000000003 0.05227000000000004
9 0.330565 0.62108 0.32715000000000005 0.07840000000000003
9 0.33008000000000004 0.783975 0.32812 0.07316999999999996
9 0.67432 0.17944 0.32910000000000006 0.11150000000000002
9 0.6738299999999999 0.34843 0.33008000000000004 0.08361999999999997
9 0.674315 0.55575 0.32715000000000005 0.05923999999999996
9 0.6738299999999999 0.7578400000000001 0.33008000000000004 0.08710000000000007
10 0.393555 0.38588999999999996 0.009770000000000001 0.06446000000000002
10 0.43213 0.38588999999999996 0.010740000000000027 0.06446000000000002
10 0.47070500000000004 0.38588999999999996 0.009770000000000001 0.06446000000000002
10 0.34424 0.39024499999999995 0.010739999999999972 0.06270999999999999
10 0.30127000000000004 0.38937 0.010740000000000027 0.06445999999999996
10 0.24121 0.38937 0.009759999999999991 0.06445999999999996
10 0.19971 0.38763000000000003 0.01074 0.06446000000000002
10 0.24414 0.53223 0.009759999999999991 0.07141999999999998
10 0.19824 0.5331 0.009759999999999991 0.06968000000000002
10 0.29834 0.5331 0.010739999999999972 0.06968000000000002
10 0.34423499999999996 0.5331 0.00879000000000002 0.06968000000000002
10 0.39258 0.53136 0.009759999999999991 0.06968000000000002
10 0.432125 0.53136 0.00879000000000002 0.06968000000000002
10 0.47168 0.529615 0.009759999999999991 0.06968999999999997
10 0.19531500000000002 0.7055750000000001 0.007810000000000011 0.08362999999999998
10 0.240235 0.70383 0.007809999999999984 0.08361999999999992
10 0.297855 0.7055750000000001 0.007809999999999984 0.08362999999999998
10 0.342285 0.7055750000000001 0.006830000000000003 0.08362999999999998
10 0.390625 0.6986049999999999 0.007809999999999984 0.08362999999999998
10 0.430175 0.70383 0.006830000000000003 0.08361999999999992
10 0.46924 0.70383 0.006840000000000013 0.08361999999999992
10 0.53125 0.635015 0.009759999999999991 0.10627000000000009
10 0.587405 0.635885 0.008789999999999965 0.10453000000000001
10 0.19922 0.439025 0.011720000000000008 0.038329999999999975
10 0.24121 0.439895 0.011720000000000008 0.03659000000000001
10 0.30078000000000005 0.439895 0.011720000000000008 0.03659000000000001
10 0.34473 0.44076499999999996 0.011720000000000008 0.03484999999999999
10 0.393555 0.43640999999999996 0.011709999999999998 0.03658
10 0.43164 0.43728500000000003 0.011720000000000008 0.03833000000000003
10 0.4707 0.43640999999999996 0.011720000000000008 0.03658
10 0.198245 0.578395 0.013670000000000015 0.020909999999999984
10 0.24463 0.5775250000000001 0.012699999999999989 0.01917000000000002
10 0.297855 0.578395 0.013670000000000015 0.020909999999999984
10 0.34375 0.578395 0.013680000000000025 0.020909999999999984
10 0.39209000000000005 0.576655 0.012699999999999989 0.020909999999999984
10 0.43164 0.574915 0.01367999999999997 0.020909999999999984
10 0.47168 0.574915 0.013680000000000025 0.020909999999999984
10 0.46924 0.749125 0.010739999999999972 0.006970000000000032
10 0.29785 0.750875 0.011719999999999953 0.006970000000000032
10 0.342285 0.75 0.010750000000000037 0.005220000000000002
10 0.194825 0.750875 0.010749999999999982 0.006970000000000032
10 0.23975000000000002 0.749125 0.01074 0.006970000000000032
10 0.5874 0.70296 0.010739999999999972 0.02961999999999998
10 0.53174 0.7020900000000001 0.010739999999999972 0.027880000000000016
10 0.61426 0.70122 0.009759999999999991 0.02962000000000009
10 0.729005 0.70035 0.010750000000000037 0.027880000000000016
10 0.7583 0.7020900000000001 0.010739999999999972 0.027880000000000016
10 0.81494 0.70035 0.010739999999999972 0.027880000000000016
10 0.7285200000000001 0.512195 0.011720000000000064 0.041810000000000014
10 0.61572 0.512195 0.010740000000000083 0.041810000000000014
10 0.729985 0.32665500000000003 0.008790000000000076 0.040069999999999995
10 0.616695 0.325785 0.008790000000000076 0.041810000000000014
10 0.7280249999999999 0.632405 0.008789999999999965 0.10800999999999994
10 0.614745 0.633275 0.008790000000000076 0.10626999999999998
10 0.615235 0.44251 0.007809999999999984 0.10104000000000002
10 0.728515 0.44164000000000003 0.007809999999999984 0.0993
10 0.7299800000000001 0.26655 0.006840000000000068 0.08014000000000002
10 0.6167 0.26655 0.006839999999999957 0.08014000000000002
10 0.758305 0.633275 0.008790000000000076 0.10626999999999998
10 0.8144549999999999 0.633275 0.009769999999999945 0.10626999999999998
10 0.856445 0.44686499999999996 0.009770000000000056 0.20034999999999997
10 0.87256 0.44686499999999996 0.010739999999999972 0.20034999999999997
10 0.9624 0.44860500000000003 0.010739999999999972 0.20035000000000003
10 0.979005 0.450345 0.010750000000000037 0.20035000000000003
10 0.9428749999999999 0.38327500000000003 0.008789999999999965 0.08710999999999997
10 0.89258 0.38327500000000003 0.009759999999999991 0.08710999999999997
10 0.94287 0.43467 0.010739999999999972 0.015680000000000027
10 0.89307 0.43467 0.010739999999999972 0.015680000000000027
10 0.9428749999999999 0.33188 0.008789999999999965 0.015680000000000027
10 0.89258 0.33188 0.009759999999999991 0.015680000000000027
10 0.8730450000000001 0.334495 0.01366999999999996 0.024390000000000023
10 0.856445 0.334495 0.013670000000000071 0.024390000000000023
10 0.9619150000000001 0.336235 0.01366999999999996 0.024390000000000023
10 0.978515 0.337975 0.01366999999999996 0.024389999999999967
10 0.942385 0.50174 0.009769999999999945 0.013940000000000008
10 0.89209 0.50174 0.010740000000000083 0.013940000000000008
10 0.89209 0.546165 0.006840000000000068 0.07491000000000003
10 0.94287 0.54704 0.006839999999999957 0.07665999999999995
10 0.6167 0.21864 0.010739999999999972 0.01568
10 0.72998 0.21864 0.010739999999999972 0.01568
10 0.61572 0.38676 0.010740000000000083 0.013940000000000008
10 0.7285200000000001 0.38589 0.011720000000000064 0.012199999999999989
10 0.7285200000000001 0.5723 0.011720000000000064 0.012199999999999989
10 0.61426 0.57317 0.011719999999999953 0.013939999999999952
10 0.58789 0.575785 0.011719999999999953 0.012189999999999923
10 0.53125 0.575785 0.011719999999999953 0.012189999999999923
10 0.62256 0.632405 0.006839999999999957 0.013929999999999998
10 0.72119 0.632405 0.006839999999999957 0.013929999999999998
10 0.6499 0.633275 0.010739999999999972 0.012190000000000034
10 0.69678 0.632405 0.010740000000000083 0.013929999999999998
10 0.62158 0.6777 0.0048799999999999955 0.07666000000000006
10 0.72119 0.6777 0.0048799999999999955 0.07666000000000006
10 0.65039 0.67944 0.007819999999999938 0.08013999999999999
10 0.697265 0.6777 0.007809999999999984 0.08013999999999999
10 0.6953149999999999 0.45209 0.007809999999999984 0.08535999999999999
10 0.6474599999999999 0.45121999999999995 0.00782000000000005 0.08710000000000001
10 0.69531 0.39547 0.011719999999999953 0.027880000000000016
10 0.6474599999999999 0.39373 0.011720000000000064 0.02787999999999996
10 0.199215 0.341465 0.013670000000000015 0.027870000000000006
10 0.241215 0.343205 0.013669999999999988 0.027870000000000006
10 0.30078499999999997 0.34495 0.013670000000000015 0.02787999999999996
10 0.34375 0.343205 0.013680000000000025 0.027870000000000006
10 0.47070500000000004 0.341465 0.013670000000000015 0.027870000000000006
10 0.43164 0.33972 0.01367999999999997 0.02787999999999996
10 0.393555 0.33972 0.013670000000000015 0.02787999999999996
10 0.198245 0.49216 0.013670000000000015 0.012199999999999989
10 0.24414 0.49129 0.01367999999999997 0.010460000000000025
10 0.34375 0.49216 0.013680000000000025 0.012199999999999989
10 0.297855 0.49216 0.013670000000000015 0.012199999999999989
10 0.39209 0.49041999999999997 0.014639999999999986 0.012200000000000044
10 0.43164 0.49041999999999997 0.01367999999999997 0.012200000000000044
10 0.47070500000000004 0.489545 0.013670000000000015 0.010450000000000015
10 0.19530999999999998 0.6576649999999999 0.01171999999999998 0.012190000000000034
10 0.240235 0.6576649999999999 0.011709999999999998 0.012190000000000034
10 0.29785 0.6576649999999999 0.011719999999999953 0.012190000000000034
10 0.3418 0.6576649999999999 0.011720000000000008 0.012190000000000034
10 0.39014 0.650695 0.010739999999999972 0.012190000000000034
10 0.42969 0.6559250000000001 0.011720000000000008 0.012190000000000034
10 0.46924 0.65418 0.010739999999999972 0.012199999999999989
11 0.30371000000000004 0.77352 0.10352 0.03483999999999998
11 0.206055 0.793555 0.05273 0.04007000000000005
11 0.331055 0.89895 0.33203000000000005 0.17769999999999997
11 0.67334 0.897215 0.33106 0.18815000000000004
11 0.918455 0.901565 0.14941000000000004 0.18292999999999993
