2 0.446615 0.32373 0.04687000000000002 0.06152000000000002
2 0.552735 0.322755 0.048170000000000046 0.05957000000000001
2 0.446615 0.441405 0.04687000000000002 0.05859000000000003
2 0.553385 0.42578 0.049470000000000014 0.06054000000000004
2 0.553385 0.529785 0.049470000000000014 0.05957000000000001
2 0.446615 0.54639 0.04687000000000002 0.057620000000000005
2 0.658855 0.326665 0.04686999999999997 0.05957000000000001
2 0.7636700000000001 0.32471 0.04818 0.06152000000000002
2 0.7636700000000001 0.426755 0.04818 0.06054999999999999
2 0.76172 0.530275 0.04687999999999992 0.06054999999999999
2 0.658855 0.445805 0.04686999999999997 0.05957000000000001
2 0.658855 0.549315 0.04686999999999997 0.05760999999999994
2 0.76302 0.6333 0.04947999999999997 0.057620000000000005
2 0.65755 0.651365 0.04688000000000003 0.05859000000000003
2 0.65755 0.7543949999999999 0.04688000000000003 0.05761000000000005
2 0.76302 0.736325 0.04947999999999997 0.05858999999999992
2 0.65755 0.847165 0.04688000000000003 0.04199000000000008
2 0.76237 0.847165 0.04818 0.04199000000000008
2 0.552735 0.63379 0.048170000000000046 0.058599999999999985
2 0.447915 0.6499 0.04686999999999997 0.057620000000000005
2 0.552735 0.73584 0.048170000000000046 0.057620000000000005
2 0.448565 0.75342 0.04557 0.057620000000000005
2 0.44987 0.847165 0.04558000000000001 0.04199000000000008
2 0.553385 0.84668 0.04686999999999997 0.041020000000000056
1 0.514325 0.594725 0.72917 0.80469
2 0.34309999999999996 0.33154 0.04558000000000001 0.057620000000000005
2 0.24413999999999997 0.3457 0.03775999999999999 0.056640000000000024
2 0.16732 0.37256 0.024739999999999984 0.06152000000000002
2 0.16602 0.46924 0.024739999999999984 0.06152000000000002
2 0.24348999999999998 0.461425 0.039059999999999984 0.059569999999999956
2 0.34114500000000003 0.431155 0.044269999999999976 0.05957000000000001
2 0.34114500000000003 0.534665 0.044269999999999976 0.05957000000000001
2 0.24414000000000002 0.56201 0.03516 0.05566000000000004
2 0.16927 0.56348 0.026040000000000008 0.056640000000000024
2 0.34114500000000003 0.63721 0.044269999999999976 0.05565999999999993
2 0.251955 0.664555 0.03514999999999999 0.053709999999999924
2 0.176435 0.6606449999999999 0.029950000000000004 0.051750000000000074
2 0.350915 0.7417 0.04297000000000001 0.05566000000000004
2 0.35352 0.8515600000000001 0.037760000000000016 0.039059999999999984
2 0.276045 0.855955 0.03125 0.03808999999999996
2 0.21419500000000002 0.858885 0.029950000000000004 0.03808999999999996
2 0.26432500000000003 0.76465 0.02865000000000001 0.058600000000000096
2 0.19205499999999998 0.7587900000000001 0.029950000000000004 0.050779999999999936
2 0.47265500000000005 0.951175 0.19271 0.08789000000000002
2 0.7291650000000001 0.9487300000000001 0.20833000000000002 0.09082000000000001
2 0.270835 0.95068 0.09375 0.09082000000000001
10 0.347005 0.9511700000000001 0.05338999999999999 0.08984000000000003
10 0.597005 0.94824 0.05339000000000005 0.08984000000000003
