1 0.49999828 0.49642475 0.99804344 0.9809305
2 0.208005 0.252085 0.037110000000000004 0.16091
2 0.25488500000000003 0.25149 0.037110000000000004 0.1621
2 0.1171865 0.25566 0.037107 0.16090000000000002
2 0.0498045 0.25983 0.037109 0.16210000000000002
2 0.352535 0.25149 0.037109999999999976 0.1621
2 0.41113500000000003 0.25029999999999997 0.03711000000000003 0.16209999999999997
2 0.48046500000000003 0.25029999999999997 0.03711000000000003 0.16209999999999997
2 0.540035 0.25149 0.037109999999999976 0.1621
2 0.607425 0.25268 0.037109999999999976 0.16210000000000002
2 0.665035 0.25447 0.037109999999999976 0.1609
2 0.754885 0.25566 0.037109999999999976 0.16090000000000002
2 0.811525 0.256855 0.03711000000000009 0.16091
2 0.890625 0.256855 0.037109999999999976 0.16091
2 0.942385 0.25983 0.037109999999999976 0.16210000000000002
2 0.051758 0.515495 0.039062000000000006 0.17520999999999998
2 0.11621000000000001 0.51371 0.03906 0.17402
2 0.20801 0.512515 0.039059999999999984 0.17401000000000005
2 0.25781 0.512515 0.039059999999999984 0.17401000000000005
2 0.35448999999999997 0.5148999999999999 0.03906000000000004 0.17401999999999995
2 0.41552500000000003 0.512515 0.03809000000000001 0.17401000000000005
2 0.48633 0.5148999999999999 0.039059999999999984 0.17401999999999995
2 0.5449200000000001 0.51371 0.039059999999999984 0.17402
2 0.61426 0.5148999999999999 0.039059999999999984 0.17401999999999995
2 0.6699200000000001 0.51371 0.039059999999999984 0.17402
2 0.76074 0.51371 0.039059999999999984 0.17402
2 0.81738 0.5160899999999999 0.039060000000000095 0.17401999999999995
2 0.893555 0.5148999999999999 0.03906999999999994 0.17401999999999995
2 0.9511700000000001 0.5148999999999999 0.039059999999999984 0.17401999999999995
3 0.0478515 0.882595 0.05273499999999999 0.17520999999999998
4 0.351075 0.14243 0.05370999999999998 0.015500000000000014
4 0.410155 0.14243 0.054690000000000016 0.015500000000000014
4 0.476565 0.143625 0.05468999999999996 0.015490000000000004
4 0.53711 0.143625 0.05468000000000006 0.015490000000000004
4 0.604005 0.146005 0.053709999999999924 0.015490000000000004
4 0.66211 0.146005 0.05468000000000006 0.015490000000000004
4 0.938965 0.151965 0.053710000000000035 0.015490000000000004
4 0.8847700000000001 0.150775 0.050779999999999936 0.015490000000000004
4 0.8056650000000001 0.14839 0.052730000000000055 0.015500000000000014
4 0.751465 0.147795 0.053710000000000035 0.01669000000000001
4 0.050781 0.15435 0.05273399999999999 0.015499999999999986
4 0.11718500000000001 0.150775 0.05273000000000001 0.015490000000000004
4 0.20507999999999998 0.144815 0.05273999999999998 0.015490000000000004
4 0.25879 0.143025 0.05274000000000004 0.01669000000000001
4 0.049316 0.40584 0.05566399999999999 0.010720000000000007
4 0.11376900000000001 0.40286 0.055662 0.009539999999999993
4 0.203615 0.40166999999999997 0.05567 0.009540000000000048
4 0.260255 0.40166999999999997 0.055670000000000025 0.009540000000000048
4 0.35302999999999995 0.401075 0.05565999999999999 0.010730000000000017
4 0.416505 0.39988 0.05567 0.010720000000000007
4 0.481445 0.40166999999999997 0.05664999999999992 0.009540000000000048
4 0.544435 0.400475 0.05567 0.009529999999999983
4 0.611815 0.400475 0.05567 0.009529999999999983
4 0.67041 0.402265 0.05565999999999993 0.010730000000000017
4 0.75928 0.402265 0.05565999999999993 0.010730000000000017
4 0.81592 0.40286 0.05566000000000004 0.009539999999999993
4 0.894045 0.40405 0.05567 0.009539999999999993
4 0.95166 0.40464500000000003 0.05565999999999993 0.010729999999999962
6 0.50781 0.047675999999999996 0.39257999999999993 0.047675999999999996
8 0.5083 0.0989255 0.1084 0.045288999999999996
9 0.49462955 0.346245 0.9716809 0.032189999999999996
9 0.49999985 0.615615 0.9941403 0.03456999999999999
9 0.4995097 0.67163 0.9873006000000001 0.017880000000000007
11 0.16454950000000002 0.83552 0.129881 0.29081999999999997
11 0.32373 0.8390949999999999 0.14942000000000003 0.29083000000000003
11 0.0478515 0.74136 0.064453 0.07865999999999995
11 0.57715 0.83552 0.1347600000000001 0.2932
11 0.72949 0.83552 0.13085999999999998 0.2932
11 0.899905 0.833135 0.17285000000000006 0.29559
3 0.45557000000000003 0.83552 0.07324000000000003 0.29081999999999997
