1 0.160986 0.502809 0.253828 0.994382
2 0.785345 0.12219 0.01362999999999992 0.07584
2 0.759795 0.1193805 0.013630000000000031 0.07583899999999999
2 0.735095 0.1193805 0.011930000000000107 0.07583899999999999
2 0.710395 0.1193805 0.013630000000000031 0.07583899999999999
2 0.5724 0.116571 0.020440000000000014 0.07583799999999999
2 0.54089 0.1221895 0.01873999999999998 0.07022099999999999
2 0.088586 0.1235955 0.013628000000000001 0.08426899999999998
2 0.11243500000000001 0.122191 0.01362999999999999 0.08707799999999999
2 0.135435 0.122191 0.01533000000000001 0.08707799999999999
2 0.159285 0.1235955 0.015329999999999983 0.08426899999999998
2 0.154175 0.320225 0.022150000000000003 0.12359000000000003
2 0.12265999999999999 0.320225 0.02044 0.12359000000000003
2 0.09028900000000001 0.320225 0.020442000000000002 0.12359000000000003
2 0.21976 0.304775 0.01704 0.12640999999999997
2 0.254685 0.310395 0.018729999999999997 0.12641
2 0.19591 0.30618 0.010220000000000007 0.12922
2 0.092846 0.529495 0.022148 0.12079000000000001
2 0.124365 0.5309 0.023849999999999996 0.12359999999999999
2 0.15587499999999999 0.529495 0.022149999999999975 0.12079000000000001
2 0.254685 0.52809 0.018729999999999997 0.12360000000000004
2 0.220615 0.5266850000000001 0.01533000000000001 0.12641000000000002
2 0.19761499999999999 0.52809 0.010229999999999989 0.12922
2 0.29983 0.11937999999999999 0.020440000000000014 0.07021999999999999
2 0.32964499999999997 0.1179755 0.025550000000000017 0.07302899999999998
2 0.6192500000000001 0.30056499999999997 0.01534000000000002 0.12921
2 0.59029 0.30899 0.01534000000000002 0.12360000000000002
2 0.650765 0.307585 0.013630000000000031 0.12641000000000002
2 0.618395 0.5308999999999999 0.013630000000000031 0.12922
2 0.649065 0.5308999999999999 0.013630000000000031 0.12922
2 0.5894349999999999 0.533705 0.01362999999999992 0.12921
2 0.7120949999999999 0.320225 0.020449999999999968 0.12359000000000003
2 0.74702 0.32163 0.02214000000000005 0.12078
2 0.7810900000000001 0.320225 0.022139999999999938 0.12359000000000003
2 0.7095400000000001 0.5407299999999999 0.022139999999999938 0.12078
2 0.745315 0.539325 0.022150000000000003 0.12358999999999998
2 0.779385 0.53792 0.022150000000000003 0.12078
2 0.379045 0.54354 0.022150000000000003 0.11515999999999998
2 0.49063500000000004 0.54354 0.023849999999999982 0.11515999999999998
2 0.48807500000000004 0.754215 0.028969999999999996 0.11517
2 0.3799 0.754215 0.027260000000000006 0.11517
2 0.43356 0.542135 0.059620000000000006 0.11796999999999996
2 0.434415 0.754215 0.061329999999999996 0.11517
2 0.43612 0.32303 0.13288 0.11236000000000002
2 0.39097 0.1165735 0.07325999999999999 0.103933
2 0.46678000000000003 0.11376399999999999 0.07496000000000003 0.103932
2 0.09625449999999999 0.7429749999999999 0.069851 0.10392999999999997
2 0.237645 0.7542150000000001 0.04259000000000002 0.10392999999999997
2 0.87479 0.14747 0.0494 0.07021999999999999
2 0.932705 0.317415 0.052810000000000024 0.12921000000000005
2 0.873085 0.314605 0.052810000000000024 0.12921
2 0.9293 0.54073 0.04600000000000004 0.13764000000000004
2 0.87138 0.54354 0.04599999999999993 0.13764000000000004
2 0.8688199999999999 0.748595 0.047699999999999965 0.12078999999999995
2 0.92675 0.75 0.047699999999999965 0.12359999999999993
2 0.626915 0.754215 0.04428999999999994 0.10955000000000004
2 0.710395 0.757025 0.023849999999999927 0.11517
2 0.745315 0.75562 0.025550000000000073 0.11236000000000002
2 0.7768349999999999 0.75562 0.023850000000000038 0.11236000000000002
1 0.40459500000000004 0.502809 0.23339000000000004 0.994382
1 0.7615000000000001 0.5042135 0.477 0.991573
3 0.33304500000000004 0.935395 0.05280999999999997 0.12358999999999998
4 0.43100499999999997 0.45646 0.17717 0.03652
4 0.435265 0.66854 0.15843000000000007 0.05055999999999994
5 0.431855 0.60815 0.15503 0.02527999999999997
5 0.43356 0.39185000000000003 0.15502000000000005 0.025280000000000025
5 0.746165 0.38624 0.10902999999999996 0.030899999999999983
5 0.7427600000000001 0.60815 0.10902 0.03090000000000004
5 0.122655 0.387645 0.10221 0.028090000000000004
5 0.122655 0.5983149999999999 0.10221 0.02809000000000006
7 0.091141 0.26966500000000004 0.018738000000000005 0.016849999999999976
7 0.12351000000000001 0.266855 0.018739999999999993 0.01685000000000003
7 0.15417 0.266855 0.01873999999999998 0.01685000000000003
7 0.0928425 0.47753 0.018735 0.016859999999999986
7 0.12351000000000001 0.47753 0.018739999999999993 0.016859999999999986
7 0.15417 0.47753 0.01873999999999998 0.016859999999999986
7 0.219765 0.25281 0.013630000000000003 0.01686000000000004
7 0.19591 0.25281 0.006819999999999993 0.01686000000000004
7 0.254685 0.255615 0.018729999999999997 0.016850000000000004
7 0.255535 0.47472000000000003 0.017030000000000017 0.01686000000000004
7 0.220615 0.47191 0.011929999999999996 0.016859999999999986
7 0.196765 0.473315 0.005110000000000003 0.014050000000000007
7 0.329645 0.11798 0.022150000000000003 0.06742
7 0.435265 0.32443500000000003 0.12777 0.10393000000000002
7 0.379045 0.49438499999999996 0.022150000000000003 0.016849999999999976
7 0.491485 0.49718999999999997 0.022150000000000003 0.016859999999999986
7 0.434415 0.49438499999999996 0.05451 0.016849999999999976
7 0.379895 0.70646 0.023849999999999982 0.01966000000000001
7 0.48978 0.70646 0.025560000000000027 0.01966000000000001
7 0.43356 0.707865 0.059620000000000006 0.01685000000000003
7 0.7810900000000001 0.27107000000000003 0.01874000000000009 0.019659999999999955
7 0.74702 0.27107000000000003 0.01873999999999998 0.019659999999999955
7 0.71295 0.26826 0.01873999999999998 0.01966000000000001
7 0.7810900000000001 0.49017 0.01874000000000009 0.01966000000000001
7 0.746165 0.49017 0.01702999999999999 0.01966000000000001
7 0.7095400000000001 0.5407299999999999 0.01874000000000009 0.12078
7 0.6192500000000001 0.48595499999999997 0.011920000000000042 0.039329999999999976
7 0.649915 0.47892999999999997 0.011929999999999996 0.019659999999999955
7 0.59029 0.48455 0.01191999999999993 0.01966000000000001
7 0.618395 0.24579 0.013630000000000031 0.01966000000000001
7 0.650765 0.25421 0.013630000000000031 0.01966000000000001
7 0.59029 0.25701999999999997 0.01191999999999993 0.019659999999999983
8 0.63288 0.15028 0.05621999999999994 0.06459999999999999
5 0.9258949999999999 0.83989 0.06303000000000003 0.06742000000000004
5 0.488075 0.835675 0.03576999999999997 0.05898999999999999
5 0.865415 0.845505 0.061329999999999996 0.06741000000000008
5 0.435265 0.8384849999999999 0.06985000000000002 0.05337000000000003
5 0.38160499999999997 0.83708 0.03406999999999999 0.05618000000000001
