1 0.57276 0.55469 0.60324 0.8535200000000001
2 0.38992499999999997 0.870115 0.05597000000000002 0.08399000000000001
3 0.56903 0.90039 0.06840000000000002 0.14647999999999994
2 0.75373 0.869625 0.05722000000000005 0.08301000000000003
4 0.7512449999999999 0.48584 0.10198999999999991 0.03613999999999995
4 0.5671649999999999 0.48633 0.10446999999999995 0.03515999999999997
4 0.386815 0.484375 0.10447000000000001 0.03320999999999996
2 0.38992499999999997 0.7143550000000001 0.05597000000000002 0.08690999999999993
2 0.38992499999999997 0.55908 0.05597000000000002 0.08496000000000004
2 0.7512449999999999 0.714845 0.054730000000000056 0.08788999999999991
2 0.569025 0.714355 0.055970000000000075 0.08887
2 0.7512449999999999 0.5585899999999999 0.054730000000000056 0.08594000000000002
2 0.568405 0.557615 0.054730000000000056 0.08399000000000001
2 0.75 0.407715 0.0547200000000001 0.07911000000000001
2 0.75 0.25488500000000003 0.0547200000000001 0.07031000000000001
2 0.5671649999999999 0.253905 0.054730000000000056 0.07030999999999998
2 0.389305 0.25586 0.05473 0.07032
2 0.568405 0.40869500000000003 0.054730000000000056 0.07715
2 0.38992499999999997 0.40869500000000003 0.05597000000000002 0.07715
2 0.96393 0.25537 0.06218000000000001 0.06738
2 0.17475 0.300295 0.03358 0.07519000000000003
2 0.0883095 0.299805 0.03234100000000001 0.07421
2 0.131845 0.300295 0.04228999999999998 0.07519000000000003
2 0.131845 0.44189500000000004 0.04228999999999998 0.07519000000000003
2 0.17662 0.44140999999999997 0.03233999999999998 0.07422000000000001
2 0.174755 0.583005 0.03606999999999999 0.08203000000000005
4 0.38744 0.35497999999999996 0.08582000000000001 0.026359999999999995
4 0.568405 0.35448999999999997 0.08209 0.027339999999999975
4 0.7493799999999999 0.353515 0.08083999999999991 0.02735000000000004
4 0.56592 0.64795 0.11939999999999995 0.030279999999999974
4 0.39178999999999997 0.64795 0.1194 0.030279999999999974
4 0.75187 0.648435 0.11815999999999993 0.03125
5 0.38805999999999996 0.45752 0.08956000000000003 0.024419999999999997
5 0.567785 0.458495 0.09078999999999993 0.024409999999999987
5 0.75062 0.458495 0.09079999999999999 0.024409999999999987
5 0.38744 0.77197 0.11070000000000002 0.028320000000000012
5 0.56654 0.771485 0.11070000000000002 0.029290000000000038
5 0.7506200000000001 0.7700199999999999 0.11069999999999991 0.028320000000000012
5 0.386195 0.92041 0.08084999999999998 0.022460000000000035
5 0.752485 0.921875 0.08209 0.027349999999999985
6 0.38992499999999997 0.6167 0.09329000000000004 0.03417999999999999
6 0.567785 0.615235 0.09328999999999998 0.035150000000000015
6 0.751865 0.6167 0.0932900000000001 0.03417999999999999
4 0.133705 0.38037 0.15547 0.02245999999999998
4 0.1386825 0.51318 0.155475 0.022460000000000035
5 0.131839 0.34521500000000005 0.146762 0.01855000000000001
5 0.130599 0.483885 0.144282 0.014649999999999996
8 0.386815 0.20850000000000002 0.022389999999999965 0.022460000000000008
8 0.5671649999999999 0.20850000000000002 0.02239000000000002 0.022460000000000008
8 0.7493799999999999 0.20850000000000002 0.021140000000000048 0.022460000000000008
9 0.574005 0.16748 0.59825 0.0791
9 0.57649 0.32372999999999996 0.59826 0.0791
9 0.574005 0.6498999999999999 0.5932900000000001 0.040039999999999965
10 0.300995 0.476565 0.027370000000000005 0.19530999999999993
10 0.47823 0.47705 0.026120000000000032 0.19238
10 0.6598299999999999 0.47656 0.026120000000000032 0.19335999999999998
10 0.8401700000000001 0.476565 0.026120000000000032 0.19530999999999993
10 0.300995 0.604495 0.044769999999999976 0.06054999999999999
10 0.47636999999999996 0.603515 0.044779999999999986 0.06054999999999999
10 0.66045 0.603515 0.04478000000000004 0.06054999999999999
10 0.84266 0.6040049999999999 0.04602000000000006 0.05957000000000001
10 0.300375 0.3667 0.036070000000000046 0.024419999999999997
10 0.47885500000000003 0.36865499999999995 0.03482999999999997 0.024409999999999987
10 0.840795 0.36719 0.03483000000000003 0.023440000000000016
10 0.659205 0.36816499999999996 0.03483000000000003 0.023430000000000006
10 0.34701499999999996 0.668455 0.01740999999999998 0.008789999999999965
10 0.430345 0.668455 0.01740999999999998 0.008789999999999965
10 0.52612 0.668455 0.01741999999999999 0.008789999999999965
10 0.610695 0.66797 0.017409999999999926 0.00782000000000005
10 0.7101999999999999 0.667485 0.017420000000000102 0.008790000000000076
10 0.794775 0.669435 0.017409999999999926 0.008790000000000076
10 0.6107 0.7119150000000001 0.012440000000000007 0.08006999999999997
10 0.52612 0.71289 0.012440000000000007 0.08008000000000004
10 0.7101999999999999 0.7119150000000001 0.012439999999999896 0.08006999999999997
10 0.79478 0.71387 0.012440000000000007 0.08007999999999993
10 0.34701499999999996 0.71289 0.012429999999999997 0.08008000000000004
10 0.43035 0.71289 0.012440000000000007 0.08008000000000004
10 0.346395 0.75635 0.016170000000000018 0.006839999999999957
10 0.43096999999999996 0.75635 0.016160000000000008 0.006839999999999957
10 0.525495 0.75635 0.016170000000000018 0.006839999999999957
10 0.610695 0.75635 0.017409999999999926 0.006839999999999957
10 0.710825 0.75537 0.016170000000000018 0.006839999999999957
10 0.795395 0.7568349999999999 0.016170000000000018 0.007809999999999984
