1 0.500976 0.49589615 0.974608 0.9894476999999999
2 0.449705 0.881595 0.047850000000000004 0.10550999999999999
2 0.33789 0.8810100000000001 0.04687999999999998 0.10433999999999999
2 0.22607 0.8810100000000001 0.045899999999999996 0.10668
2 0.124025 0.881595 0.04687000000000001 0.10550999999999999
2 0.447755 0.678785 0.047850000000000004 0.10550999999999999
2 0.33886499999999997 0.678195 0.04687000000000002 0.10199000000000003
2 0.22558499999999998 0.6787799999999999 0.046869999999999995 0.10316000000000003
2 0.124025 0.67702 0.04687000000000001 0.10433999999999999
2 0.775875 0.882765 0.04784999999999995 0.10785
2 0.6630849999999999 0.8810100000000001 0.04883000000000004 0.10668
2 0.55176 0.8810100000000001 0.04491999999999996 0.10668
2 0.879885 0.67761 0.04883000000000004 0.10082000000000002
2 0.7744150000000001 0.67761 0.04883000000000004 0.10082000000000002
2 0.663575 0.67761 0.04784999999999995 0.10082000000000002
2 0.552735 0.67761 0.04883000000000004 0.09848000000000001
2 0.88037 0.48359 0.04590000000000005 0.09496000000000004
2 0.774905 0.484175 0.043950000000000045 0.09379000000000004
2 0.664065 0.485345 0.04296999999999995 0.09379000000000004
2 0.5542 0.48476 0.04200000000000004 0.09262000000000004
2 0.87988 0.30422 0.04492000000000007 0.09262000000000004
2 0.7753950000000001 0.303635 0.042970000000000064 0.09145000000000003
2 0.66455 0.30422 0.04393999999999998 0.09262000000000004
2 0.5542 0.30422 0.04200000000000004 0.09262000000000004
2 0.8818349999999999 0.11606050000000001 0.042970000000000064 0.070339
2 0.77637 0.1166465 0.04492000000000007 0.069167
2 0.664065 0.118408 0.04296999999999995 0.07034399999999999
2 0.553715 0.118408 0.042970000000000064 0.07034399999999999
2 0.448245 0.48476 0.04297000000000001 0.09262000000000004
2 0.33838 0.485345 0.04199999999999998 0.09379000000000004
2 0.225095 0.485345 0.04199 0.09379000000000004
2 0.122555 0.485345 0.04199000000000001 0.09379000000000004
2 0.44921999999999995 0.304805 0.044920000000000015 0.09379000000000004
2 0.33887 0.30598000000000003 0.04491999999999996 0.09378000000000003
2 0.225095 0.30539499999999997 0.04395000000000002 0.09261000000000003
2 0.12304499999999999 0.30539499999999997 0.042969999999999994 0.09261000000000003
2 0.44872999999999996 0.11957899999999999 0.043940000000000035 0.070342
2 0.33838 0.11899399999999999 0.04393999999999998 0.069172
2 0.224605 0.118993 0.04297000000000001 0.071514
2 0.12207000000000001 0.118993 0.041020000000000015 0.071514
9 0.49853549999999996 0.188745 0.958009 0.07971
9 0.502444 0.58089 0.9580120000000001 0.043379999999999974
9 0.5004905000000001 0.02168835 0.9619190000000001 0.0316533
9 0.49951 0.252055 0.93066 0.01407
9 0.5019545 0.36224999999999996 0.929691 0.014060000000000017
9 0.5009765 0.432005 0.929687 0.012890000000000013
9 0.4985365 0.542205 0.930667 0.012889999999999957
9 0.5019545 0.62192 0.929691 0.012900000000000023
9 0.504396 0.73681 0.9306679999999999 0.012900000000000023
9 0.504396 0.8212200000000001 0.9306679999999999 0.012900000000000023
9 0.503418 0.9449000000000001 0.930664 0.014060000000000072
