1 0.49853655 0.5186225 0.9931669 0.9455549999999999
4 0.91211 0.33023 0.06445999999999996 0.06734000000000001
4 0.79004 0.328795 0.06640000000000001 0.06733
2 0.90967 0.23281000000000002 0.03417999999999999 0.05013999999999999
2 0.7900400000000001 0.23281000000000002 0.03320000000000001 0.05013999999999999
2 0.90967 0.41403999999999996 0.03417999999999999 0.09742
2 0.7890600000000001 0.414755 0.03320000000000001 0.09885
2 0.668945 0.414755 0.03320999999999996 0.09885
2 0.54834 0.414755 0.03417999999999999 0.09885
2 0.42871 0.41547 0.03320000000000001 0.09742
2 0.66943 0.23352499999999998 0.03417999999999999 0.04871
2 0.54932 0.23281000000000002 0.03417999999999999 0.05013999999999999
2 0.42871 0.23281000000000002 0.03320000000000001 0.05013999999999999
4 0.54834 0.328795 0.06348000000000009 0.06733
4 0.66992 0.32808 0.0625 0.06303999999999998
4 0.427735 0.32950999999999997 0.06445000000000001 0.06304000000000004
4 0.186035 0.32950999999999997 0.06542999999999999 0.06304000000000004
4 0.307125 0.33165999999999995 0.06542999999999999 0.06734000000000001
4 0.065918 0.33023 0.063476 0.06734000000000001
2 0.30811 0.414755 0.03417999999999999 0.09599000000000002
2 0.18799 0.41547 0.034180000000000016 0.09742
2 0.0668945 0.414755 0.034179 0.09885
2 0.30908 0.23424 0.03417999999999999 0.05013999999999999
2 0.18945 0.23495500000000002 0.03320000000000001 0.05157000000000003
2 0.06933600000000001 0.23639000000000002 0.03515600000000001 0.051580000000000015
4 0.063965 0.56304 0.069336 0.08596000000000004
4 0.306155 0.5623199999999999 0.06542999999999999 0.08452000000000004
4 0.18555 0.5623199999999999 0.06836 0.08452000000000004
2 0.0673825 0.665475 0.033203 0.11031000000000002
2 0.188475 0.66476 0.035150000000000015 0.10887999999999998
2 0.30811 0.665475 0.03417999999999999 0.11031000000000002
4 0.427735 0.5623199999999999 0.06445000000000001 0.08452000000000004
4 0.6689449999999999 0.5623199999999999 0.06445000000000001 0.08452000000000004
4 0.549315 0.56304 0.06346999999999992 0.08596000000000004
2 0.427735 0.66476 0.03321000000000002 0.10887999999999998
2 0.5488299999999999 0.665475 0.03320000000000001 0.11031000000000002
2 0.66797 0.665475 0.03320000000000001 0.11031000000000002
2 0.788575 0.6575949999999999 0.03222999999999998 0.09455000000000002
2 0.910155 0.659745 0.03321000000000007 0.09885
4 0.7905249999999999 0.5616 0.06542999999999999 0.08596000000000004
4 0.91211 0.5616049999999999 0.06835999999999998 0.08309
2 0.0654295 0.902575 0.037109 0.06877
2 0.186035 0.902575 0.036129999999999995 0.06877
2 0.30713 0.90401 0.03417999999999999 0.06590000000000007
2 0.42676000000000003 0.90186 0.035160000000000025 0.06733999999999996
2 0.547855 0.902575 0.037109999999999976 0.06877
2 0.667965 0.902575 0.037109999999999976 0.06877
2 0.910155 0.90186 0.03907000000000005 0.06733999999999996
3 0.799805 0.8861 0.09375 0.1790799999999999
2 0.2041 0.075931 0.027340000000000003 0.025788000000000005
2 0.43506 0.07664750000000001 0.028320000000000012 0.024355
2 0.8974599999999999 0.07306599999999999 0.02734000000000003 0.02578799999999999
2 0.6650400000000001 0.075931 0.02734000000000003 0.025788000000000005
5 0.0654295 0.284385 0.060547 0.055869999999999975
5 0.1875 0.283665 0.06053999999999998 0.05730999999999997
5 0.30761499999999997 0.286535 0.06055000000000005 0.05731000000000003
5 0.54785 0.284385 0.06053999999999993 0.055869999999999975
5 0.66797 0.2851 0.06053999999999993 0.05729999999999996
5 0.78711 0.284385 0.06054000000000004 0.055869999999999975
5 0.90918 0.28295000000000003 0.06054000000000004 0.055879999999999985
5 0.42871000000000004 0.28080499999999997 0.06053999999999998 0.05731000000000003
5 0.0668945 0.489255 0.053711 0.05301
5 0.187015 0.48567 0.05371000000000001 0.05443999999999993
5 0.308595 0.48997 0.054690000000000016 0.054440000000000044
5 0.43066499999999996 0.489255 0.058589999999999975 0.05587000000000003
5 0.548825 0.48997 0.05858999999999992 0.05729999999999996
5 0.66797 0.487825 0.058599999999999985 0.055869999999999975
5 0.90967 0.48639 0.057620000000000005 0.05587999999999993
5 0.7905249999999999 0.49068999999999996 0.05957000000000001 0.05014000000000002
5 0.065918 0.74284 0.057618 0.05013999999999996
5 0.18555 0.740685 0.056639999999999996 0.04871000000000003
5 0.30762 0.740685 0.056640000000000024 0.04871000000000003
5 0.427245 0.740685 0.057609999999999995 0.04871000000000003
5 0.54639 0.74284 0.057620000000000005 0.05013999999999996
5 0.66699 0.740685 0.056640000000000024 0.04871000000000003
6 0.862795 0.73066 0.26269 0.05157999999999996
10 0.12451499999999999 0.51218 0.02636999999999999 0.41118000000000005
10 0.24511499999999997 0.510745 0.025389999999999996 0.41117000000000004
10 0.3667 0.510745 0.026359999999999995 0.41117000000000004
10 0.487795 0.5093099999999999 0.026370000000000005 0.41118
10 0.61084 0.506445 0.02636000000000005 0.41117000000000004
10 0.7299800000000001 0.506445 0.02636000000000005 0.41117000000000004
10 0.854005 0.5042949999999999 0.026370000000000005 0.40115
10 0.975095 0.50573 0.026370000000000005 0.40114000000000005
10 0.0136721 0.51146 0.019531800000000002 0.40687999999999996
10 0.1235345 0.27507 0.047851000000000005 0.06303999999999998
10 0.244625 0.27364 0.047850000000000004 0.06303999999999998
10 0.48583999999999994 0.270775 0.04785999999999996 0.06303
10 0.611815 0.26934 0.04784999999999995 0.06304000000000001
10 0.729005 0.26934 0.04784999999999995 0.06304000000000001
10 0.8530249999999999 0.272925 0.04785000000000006 0.06447
10 0.9746049999999999 0.27364 0.03711000000000009 0.06589999999999999
10 0.014648350000000001 0.27579 0.0234373 0.06159999999999996
10 0.124025 0.74212 0.04687000000000001 0.0458400000000001
10 0.24414 0.7406900000000001 0.04687999999999998 0.04583999999999999
10 0.36914 0.7406900000000001 0.04687999999999998 0.04583999999999999
10 0.48827999999999994 0.7406900000000001 0.04687999999999998 0.04583999999999999
10 0.612305 0.73854 0.04686999999999997 0.05013999999999996
10 0.015624850000000001 0.740685 0.0253903 0.04871000000000003
9 0.50195455 0.12536 0.9863309 0.050140000000000004
