1 0.5351545 0.501875 0.927731 0.99375
2 0.22998000000000002 0.5825 0.08299999999999999 0.19
2 0.422365 0.58125 0.08301000000000003 0.19
2 0.589355 0.5800000000000001 0.08301000000000003 0.19000000000000006
2 0.752445 0.5825 0.08301000000000003 0.19
2 0.915525 0.58375 0.08301000000000003 0.18999999999999995
2 0.234375 0.239375 0.08789000000000002 0.13125
2 0.418945 0.23625000000000002 0.08789000000000002 0.13249999999999998
2 0.594235 0.23875 0.08887 0.1325
2 0.756345 0.24 0.08887 0.13250000000000003
2 0.922365 0.24375 0.08887 0.1325
3 0.58789 0.94125 0.22069999999999995 0.09499999999999997
3 0.2749 0.930625 0.12401999999999999 0.12124999999999997
4 0.23779 0.45062500000000005 0.17090000000000002 0.09625
4 0.42822 0.44937499999999997 0.17089999999999994 0.09625
4 0.604005 0.44625000000000004 0.16308999999999996 0.09500000000000003
4 0.770995 0.44937499999999997 0.16308999999999996 0.09625
4 0.925295 0.45062500000000005 0.13378999999999996 0.09625
5 0.23584 0.32437499999999997 0.14356 0.05375000000000002
5 0.4292 0.320625 0.14355999999999997 0.053749999999999964
5 0.5981449999999999 0.32437499999999997 0.14354999999999996 0.05375000000000002
5 0.760255 0.32437499999999997 0.14355000000000007 0.05375000000000002
5 0.924315 0.321875 0.14355000000000007 0.05375000000000002
7 0.215335 0.23812499999999998 0.04199 0.12375
7 0.256835 0.23812499999999998 0.04100999999999996 0.12375
7 0.39844 0.23562499999999997 0.04102 0.12375
7 0.44043 0.23562499999999997 0.04102 0.12375
7 0.57324 0.23625 0.041019999999999945 0.1225
7 0.615235 0.236875 0.04100999999999999 0.12375000000000003
7 0.73535 0.24062499999999998 0.041019999999999945 0.12375
7 0.777345 0.24062499999999998 0.04100999999999999 0.12375
7 0.90332 0.241875 0.041020000000000056 0.12375000000000003
7 0.94531 0.24312499999999998 0.041020000000000056 0.12375
9 0.532716 0.07312500000000001 0.918948 0.13375
9 0.5419935 0.804375 0.900393 0.08374999999999999
9 0.56787 0.688125 0.8564400000000001 0.03875000000000006
10 0.418945 0.93125 0.044930000000000025 0.12749999999999995
10 0.125 0.931875 0.04492 0.12874999999999992
10 0.75195 0.931875 0.04492000000000007 0.12874999999999992
10 0.82422 0.933125 0.04491999999999996 0.12875000000000003
10 0.1254895 0.8512500000000001 0.051761 0.032500000000000084
10 0.41846 0.850625 0.05176000000000003 0.03375000000000006
10 0.75244 0.849375 0.05176000000000003 0.036250000000000004
10 0.82373 0.8512500000000001 0.05176000000000003 0.03500000000000003
11 0.591305 0.85625 0.22362999999999994 0.032500000000000084
11 0.376465 0.86 0.06347000000000003 0.12250000000000005
11 0.3667 0.970625 0.05761999999999995 0.04125000000000001
11 0.27295 0.93625 0.10254000000000002 0.11750000000000005
11 0.916505 0.935 0.09277000000000002 0.12
