2 0.222005 0.429685 0.04036999999999999 0.06054999999999999
2 0.320315 0.429685 0.041669999999999985 0.06054999999999999
2 0.41797 0.430175 0.04166000000000003 0.059569999999999956
2 0.22070499999999998 0.54395 0.04036999999999999 0.0625
2 0.31901 0.544435 0.041659999999999975 0.061530000000000085
2 0.417315 0.54492 0.04297000000000001 0.0625
4 0.21614499999999998 0.49121499999999996 0.09374999999999997 0.03710999999999992
4 0.315755 0.493655 0.09504999999999997 0.03809000000000007
4 0.414065 0.49413999999999997 0.09375 0.039059999999999984
4 0.21614499999999998 0.3833 0.09374999999999997 0.03028000000000003
4 0.31445500000000004 0.3833 0.09244999999999998 0.03028000000000003
4 0.41276 0.38428 0.09114 0.028320000000000012
4 0.51172 0.38428 0.08854000000000001 0.028320000000000012
4 0.609375 0.385255 0.08593000000000006 0.03027000000000002
4 0.70768 0.38622999999999996 0.08464000000000005 0.03221999999999997
4 0.51172 0.49169999999999997 0.09113999999999994 0.03417999999999999
4 0.610025 0.493655 0.08984999999999999 0.03809000000000007
4 0.70833 0.493655 0.08854000000000006 0.03809000000000007
2 0.516275 0.430665 0.04037000000000007 0.06054999999999999
2 0.61328 0.430665 0.04165999999999992 0.06054999999999999
2 0.7109350000000001 0.431155 0.041669999999999985 0.05957000000000001
2 0.5136700000000001 0.5449250000000001 0.04036000000000006 0.06054999999999999
2 0.61263 0.54541 0.04035999999999995 0.06151999999999991
2 0.709635 0.5449250000000001 0.041669999999999985 0.06054999999999999
2 0.8072900000000001 0.431155 0.04165999999999992 0.05957000000000001
2 0.8072900000000001 0.54541 0.04165999999999992 0.06151999999999991
4 0.80599 0.49413999999999997 0.08594000000000002 0.039059999999999984
4 0.80534 0.38622999999999996 0.08463999999999994 0.03028000000000003
4 0.80534 0.609375 0.0872400000000001 0.03906999999999994
4 0.70703 0.608885 0.09114 0.03808999999999996
4 0.610025 0.608885 0.09245000000000003 0.03808999999999996
2 0.710285 0.66162 0.040369999999999906 0.06152000000000002
2 0.80794 0.66211 0.04035999999999995 0.06054000000000004
2 0.6145849999999999 0.66211 0.041669999999999985 0.0625
2 0.6145849999999999 0.7792950000000001 0.041669999999999985 0.06054999999999999
2 0.710285 0.779785 0.040369999999999906 0.061529999999999974
2 0.80794 0.779785 0.04035999999999995 0.06347000000000003
2 0.516275 0.78027 0.04297000000000001 0.0625
2 0.41797 0.78027 0.04166000000000003 0.0625
2 0.320965 0.78027 0.04296999999999995 0.0625
4 0.509765 0.60791 0.09504999999999997 0.03613999999999995
4 0.41081 0.609375 0.09765999999999997 0.04100999999999999
4 0.3125 0.6084 0.09896000000000005 0.039059999999999984
2 0.515625 0.671385 0.04167000000000004 0.08105000000000007
2 0.41862 0.671385 0.04036000000000001 0.08105000000000007
2 0.320315 0.671385 0.041669999999999985 0.08105000000000007
2 0.221355 0.66113 0.041669999999999985 0.0625
4 0.214195 0.609375 0.09244999999999998 0.03906999999999994
2 0.221355 0.779785 0.041669999999999985 0.06347000000000003
1 0.4694 0.61621 0.8138 0.63086
2 0.12304499999999999 0.42871000000000004 0.04037 0.06053999999999998
4 0.11718600000000001 0.381345 0.09374800000000001 0.03222999999999998
4 0.113282 0.490235 0.096356 0.04100999999999999
2 0.12304499999999999 0.544435 0.04037 0.06346999999999992
2 0.942705 0.42627 0.04427000000000003 0.06152000000000002
4 0.94271 0.38086 0.09114 0.027339999999999975
4 0.938805 0.49658499999999994 0.09115000000000006 0.02636999999999995
2 0.941405 0.54248 0.04426999999999992 0.06152000000000002
4 0.9388000000000001 0.609375 0.08594000000000002 0.03906999999999994
2 0.220705 0.356445 0.01693 0.013670000000000015
2 0.41796500000000003 0.357425 0.018230000000000024 0.01366999999999996
2 0.80599 0.358395 0.018220000000000014 0.013670000000000015
2 0.61263 0.358395 0.016920000000000046 0.013670000000000015
3 0.41796500000000003 0.8911100000000001 0.05468999999999996 0.09082000000000001
3 0.515625 0.9018550000000001 0.05208999999999997 0.061529999999999974
5 0.21745 0.58301 0.08854000000000001 0.021480000000000055
5 0.11783949999999999 0.58301 0.087241 0.021480000000000055
5 0.31901 0.583985 0.08854000000000001 0.02149000000000001
5 0.41471 0.5849599999999999 0.08724000000000004 0.021480000000000055
5 0.51302 0.583985 0.08334000000000003 0.019530000000000047
5 0.61198 0.583985 0.08333999999999997 0.019530000000000047
5 0.709635 0.5844750000000001 0.08333000000000002 0.018549999999999955
5 0.803385 0.583985 0.08333000000000002 0.019530000000000047
5 0.80664 0.702635 0.08464000000000005 0.020510000000000028
5 0.709635 0.702635 0.08072999999999997 0.018550000000000066
5 0.609375 0.703125 0.08072999999999997 0.017570000000000086
5 0.941405 0.581055 0.08073000000000008 0.017570000000000086
6 0.9355500000000001 0.706545 0.07682 0.026370000000000005
6 0.39974 0.70801 0.35938000000000003 0.056640000000000024
8 0.5149699999999999 0.35791 0.17577999999999994 0.01856000000000002
8 0.70964 0.35791 0.17448000000000008 0.01856000000000002
8 0.8444 0.358885 0.06120000000000003 0.01855000000000001
8 0.31836000000000003 0.35546999999999995 0.17838 0.02148
8 0.140626 0.35497999999999996 0.14062799999999998 0.02245999999999998
9 0.46875100000000003 0.354 0.809898 0.10254000000000002
9 0.46940299999999996 0.467775 0.805994 0.025390000000000024
9 0.46875199999999995 0.709475 0.807296 0.03808999999999996
10 0.1901 0.6606449999999999 0.013020000000000004 0.053710000000000035
10 0.24869999999999998 0.661135 0.013020000000000004 0.054690000000000016
10 0.28841 0.658695 0.011719999999999953 0.04785000000000006
10 0.3457 0.658695 0.011720000000000008 0.04785000000000006
10 0.38672 0.65674 0.013020000000000032 0.04590000000000005
10 0.44596 0.6582049999999999 0.011720000000000008 0.04883000000000004
10 0.484375 0.657715 0.01041000000000003 0.04981000000000002
10 0.54232 0.65869 0.011719999999999953 0.049800000000000066
10 0.5833299999999999 0.6616249999999999 0.010419999999999985 0.053710000000000035
10 0.640625 0.6616249999999999 0.01041000000000003 0.053710000000000035
10 0.68034 0.661135 0.009119999999999906 0.054690000000000016
10 0.73698 0.661135 0.010419999999999985 0.054690000000000016
10 0.834635 0.661135 0.01041000000000003 0.054690000000000016
10 0.777345 0.661135 0.01040999999999992 0.054690000000000016
10 0.835285 0.6918949999999999 0.01693 0.006830000000000003
10 0.7766949999999999 0.69141 0.01693 0.005859999999999976
10 0.735025 0.69141 0.01693 0.005859999999999976
10 0.679035 0.6918949999999999 0.01693 0.006830000000000003
10 0.639975 0.6918949999999999 0.01693 0.006830000000000003
10 0.5826849999999999 0.6918949999999999 0.01693 0.006830000000000003
10 0.189455 0.69141 0.01693 0.005859999999999976
10 0.147785 0.691405 0.019529999999999992 0.007809999999999984
10 0.14844000000000002 0.6606449999999999 0.013020000000000004 0.053710000000000035
10 0.147785 0.6293949999999999 0.019529999999999992 0.008789999999999965
10 0.18945499999999998 0.6293949999999999 0.01953000000000002 0.008789999999999965
10 0.248695 0.629885 0.020830000000000015 0.007809999999999984
10 0.38737 0.6293949999999999 0.019540000000000002 0.008789999999999965
10 0.34570500000000004 0.6303749999999999 0.019529999999999992 0.008789999999999965
10 0.28776 0.6303749999999999 0.020840000000000025 0.008789999999999965
10 0.444665 0.6293949999999999 0.019529999999999992 0.008789999999999965
10 0.48372499999999996 0.6293949999999999 0.019529999999999992 0.008789999999999965
10 0.5416650000000001 0.6293949999999999 0.01823000000000008 0.008789999999999965
10 0.5833349999999999 0.6303749999999999 0.01823000000000008 0.008789999999999965
10 0.641925 0.6303749999999999 0.01822999999999997 0.008789999999999965
10 0.679685 0.629885 0.01822999999999997 0.007809999999999984
10 0.73763 0.629885 0.016920000000000046 0.007809999999999984
10 0.7766949999999999 0.629885 0.01693 0.007809999999999984
10 0.833985 0.6293949999999999 0.01693 0.008789999999999965
11 0.245445 0.83447 0.19661 0.022460000000000035
11 0.21939999999999998 0.8833 0.05338000000000001 0.07520000000000004
11 0.31836 0.882325 0.05338000000000004 0.07518999999999998
11 0.61393 0.876465 0.05078000000000005 0.06542999999999999
11 0.515625 0.8574200000000001 0.05468999999999996 0.02734000000000003
11 0.557945 0.884765 0.019530000000000047 0.023430000000000062
11 0.46614500000000003 0.884765 0.02082999999999996 0.023430000000000062
11 0.46809999999999996 0.838865 0.01691999999999999 0.025390000000000024
11 0.71029 0.876465 0.05078000000000005 0.06542999999999999
11 0.8072900000000001 0.887695 0.052080000000000015 0.08789000000000002
8 0.89974 0.42578 0.02083999999999997 0.05274000000000001
8 0.984375 0.42578 0.020829999999999904 0.05274000000000001
