1 0.861815 0.589495 0.27441000000000004 0.8150900000000001
2 0.288085 0.40088999999999997 0.035150000000000015 0.08283999999999997
2 0.367675 0.39941 0.03613000000000005 0.08284000000000002
2 0.44823999999999997 0.39941 0.035160000000000025 0.08284000000000002
2 0.44678 0.62722 0.03417999999999999 0.13017999999999996
2 0.36572 0.62722 0.03417999999999999 0.13017999999999996
2 0.28467 0.62722 0.03417999999999999 0.13017999999999996
2 0.530275 0.62574 0.03321000000000007 0.13018000000000007
2 0.60693 0.62056 0.03417999999999999 0.13461999999999996
2 0.68506 0.618345 0.0341800000000001 0.13312999999999997
2 0.5341750000000001 0.40163000000000004 0.03711000000000009 0.12574000000000002
2 0.610355 0.39866999999999997 0.037109999999999976 0.12574000000000002
2 0.6845699999999999 0.39571 0.03710000000000002 0.12573999999999996
2 0.61328 0.17529499999999998 0.17967999999999995 0.13757
2 0.7783249999999999 0.36982499999999996 0.03711000000000009 0.13609
2 0.865235 0.37351999999999996 0.037109999999999976 0.13757999999999998
2 0.951175 0.37204000000000004 0.037109999999999976 0.13757999999999998
2 0.953125 0.612425 0.037109999999999976 0.13609000000000004
2 0.865235 0.616125 0.037109999999999976 0.13756999999999997
2 0.7753950000000001 0.616865 0.03711000000000009 0.13609000000000004
1 0.605955 0.5007393 0.23535 0.9955613999999999
1 0.362795 0.635355 0.25293 0.72929
1 0.11865485 0.638315 0.2314503 0.72041
2 0.200195 0.616125 0.03125 0.12868999999999997
2 0.12207499999999999 0.6175999999999999 0.031249999999999986 0.12869999999999993
2 0.045898 0.61908 0.03125 0.12870000000000004
2 0.201175 0.403105 0.03125 0.09023000000000003
2 0.125485 0.406065 0.03026999999999999 0.09023000000000003
2 0.047852000000000006 0.408285 0.03125000000000001 0.08875
3 0.69336 0.924555 0.029299999999999993 0.14497000000000004
2 0.693845 0.8284 0.03027000000000002 0.03846000000000005
2 0.86279 0.83358 0.06348000000000009 0.03698000000000001
2 0.9091800000000001 0.8971899999999999 0.019540000000000002 0.08432000000000006
2 0.81787 0.9260349999999999 0.022459999999999924 0.13608999999999993
3 0.865235 0.9260349999999999 0.06640999999999997 0.13905
4 0.53174 0.326925 0.05566000000000004 0.020710000000000006
4 0.6098650000000001 0.325445 0.05567 0.020710000000000006
4 0.68506 0.322485 0.05566000000000004 0.020710000000000006
4 0.68408 0.538465 0.05566000000000004 0.020710000000000006
4 0.606445 0.54142 0.05858999999999992 0.023660000000000014
4 0.530275 0.54142 0.05859000000000003 0.023660000000000014
4 0.94922 0.2929 0.058599999999999985 0.023660000000000014
4 0.865235 0.293635 0.05859000000000003 0.022189999999999988
4 0.776365 0.29142 0.05859000000000003 0.023660000000000014
4 0.7744150000000001 0.5362450000000001 0.05859000000000003 0.022190000000000043
4 0.864255 0.535505 0.05858999999999992 0.02367000000000008
4 0.950195 0.535505 0.05858999999999992 0.02367000000000008
5 0.532225 0.46819500000000003 0.04883000000000004 0.01626999999999995
5 0.607425 0.469675 0.04882999999999993 0.016270000000000007
5 0.68457 0.465235 0.048820000000000086 0.016270000000000007
5 0.683595 0.691565 0.04883000000000004 0.016270000000000007
5 0.606935 0.693785 0.04784999999999995 0.01479000000000008
5 0.528805 0.694525 0.04785000000000006 0.016270000000000007
5 0.7768550000000001 0.440825 0.04785000000000006 0.014790000000000025
5 0.77539 0.690085 0.048819999999999975 0.016270000000000007
5 0.950685 0.6849099999999999 0.04784999999999995 0.014800000000000035
5 0.864745 0.6863900000000001 0.04784999999999995 0.014800000000000035
5 0.867185 0.441565 0.04882999999999993 0.016270000000000007
5 0.953615 0.441565 0.04784999999999995 0.016270000000000007
5 0.36572000000000005 0.448225 0.04004000000000002 0.011830000000000007
5 0.44677999999999995 0.443785 0.04004000000000002 0.011830000000000007
5 0.28467 0.450445 0.04004000000000002 0.013309999999999989
5 0.44384999999999997 0.6974849999999999 0.04004000000000002 0.01034999999999997
5 0.36279 0.698225 0.040039999999999965 0.011830000000000007
5 0.28369 0.695265 0.040039999999999965 0.011830000000000007
5 0.19971 0.452665 0.04004000000000002 0.011830000000000007
5 0.123535 0.45562 0.04003000000000001 0.011840000000000017
5 0.046386500000000004 0.45784 0.040039000000000005 0.013319999999999999
5 0.0454105 0.6863900000000001 0.040039000000000005 0.011839999999999962
5 0.12012 0.6886099999999999 0.03906 0.01332000000000011
5 0.19824 0.68491 0.039059999999999984 0.011840000000000073
6 0.6084 0.0406806 0.22655999999999998 0.0695268
9 0.36572499999999997 0.31213 0.23730999999999997 0.07100000000000001
9 0.606445 0.280325 0.22460999999999998 0.06656999999999999
9 0.86475 0.23521 0.26659999999999995 0.08876
8 0.8193349999999999 0.244085 0.01366999999999996 0.05917000000000003
8 0.9082049999999999 0.245565 0.01366999999999996 0.05917
8 0.987305 0.242605 0.013670000000000071 0.05917
8 0.737795 0.246305 0.008789999999999965 0.06064999999999998
8 0.711425 0.29068 0.012689999999999979 0.039939999999999976
8 0.6450199999999999 0.29068 0.012700000000000045 0.039939999999999976
8 0.5668949999999999 0.29068 0.012689999999999979 0.039939999999999976
8 0.50244 0.29216 0.012699999999999989 0.03994000000000003
11 0.135256 0.8816550000000001 0.192388 0.23077000000000003
11 0.37060499999999996 0.763315 0.23145 0.11835000000000007
11 0.35107499999999997 0.907545 0.21386999999999998 0.18491000000000002
11 0.60547 0.781805 0.22655999999999998 0.15829000000000004
11 0.57422 0.929735 0.16602 0.13165000000000004
11 0.861815 0.7359450000000001 0.27051000000000003 0.07249000000000005
11 0.857425 0.8860950000000001 0.2421899999999999 0.21301000000000003
