1 0.5194525 0.553445 0.961095 0.84085
2 0.38545 0.82898 0.05908000000000002 0.16152
2 0.56196 0.8266 0.051879999999999926 0.1615200000000001
2 0.729105 0.82304 0.05187000000000008 0.15914000000000006
2 0.8890450000000001 0.8170999999999999 0.04898999999999998 0.15201999999999993
2 0.195965 0.57126 0.06051000000000001 0.15914
2 0.19307999999999997 0.8135399999999999 0.08934 0.16390000000000005
6 0.197409 0.163895 0.308362 0.06175
9 0.516569 0.65677 0.9466819999999999 0.05464000000000002
9 0.193805 0.400235 0.29539000000000004 0.05463000000000001
9 0.18803799999999998 0.22683999999999999 0.295384 0.05937999999999999
8 0.38256500000000004 0.6116349999999999 0.14841 0.05463000000000007
8 0.556915 0.61639 0.14841000000000004 0.05464000000000002
8 0.82421 0.612825 0.34294 0.057010000000000005
