4 0.36914 0.555175 0.10286000000000001 0.026370000000000005
4 0.49934500000000004 0.54834 0.09244999999999998 0.02636000000000005
2 0.37370000000000003 0.59473 0.05207999999999996 0.04492000000000007
2 0.502605 0.589355 0.04167000000000004 0.045889999999999986
2 0.37695 0.697265 0.06120000000000003 0.08203000000000005
2 0.50456 0.692875 0.06380000000000002 0.08301000000000003
4 0.36849 0.636715 0.12240000000000001 0.03125
2 0.616535 0.5898399999999999 0.042970000000000064 0.04491999999999996
2 0.73112 0.59082 0.04035999999999995 0.04492000000000007
2 0.61849 0.693845 0.06509999999999994 0.08300999999999992
2 0.73047 0.693845 0.0625 0.08300999999999992
4 0.6139300000000001 0.54834 0.08984000000000003 0.024419999999999997
4 0.73112 0.5512699999999999 0.08723999999999998 0.028320000000000012
2 0.61328 0.8095699999999999 0.04165999999999992 0.04296
2 0.7265649999999999 0.8095699999999999 0.041669999999999985 0.04296
2 0.7265649999999999 0.8833 0.041669999999999985 0.04393999999999998
2 0.72526 0.958495 0.04166000000000003 0.036129999999999995
3 0.608725 0.943845 0.06640999999999997 0.09277000000000002
2 0.37239500000000003 0.8125 0.04167000000000004 0.04296000000000011
2 0.5 0.810055 0.04166000000000003 0.04198999999999997
2 0.501305 0.8833 0.04167000000000004 0.04393999999999998
2 0.37239500000000003 0.884765 0.04167000000000004 0.04296999999999995
2 0.370445 0.958985 0.04297000000000001 0.035150000000000015
2 0.498695 0.958495 0.04167000000000004 0.036129999999999995
1 0.63737 0.608885 0.7174400000000001 0.77051
2 0.50391 0.33887 0.07551999999999998 0.08398
2 0.61849 0.340335 0.07552000000000003 0.08301000000000003
2 0.734375 0.340335 0.0755300000000001 0.08301000000000003
2 0.3737 0.354495 0.0625 0.025390000000000024
2 0.374345 0.49951 0.055989999999999984 0.02245999999999998
2 0.503255 0.49121000000000004 0.055989999999999984 0.02148
2 0.617835 0.49268 0.055989999999999984 0.02245999999999998
2 0.872395 0.50244 0.05728999999999995 0.02245999999999998
2 0.7330749999999999 0.49121000000000004 0.05728999999999995 0.02148
2 0.87044 0.59912 0.05078000000000005 0.04590000000000005
2 0.86914 0.699705 0.06379999999999997 0.08301000000000003
2 0.865885 0.8125 0.041669999999999985 0.04296000000000011
3 0.19922 0.892575 0.10416000000000003 0.17382999999999993
2 0.16210999999999998 0.71045 0.0638 0.06738
2 0.16471 0.6362300000000001 0.04818 0.03417999999999999
2 0.160155 0.540035 0.05989 0.037109999999999976
2 0.1028665 0.371585 0.03906699999999999 0.024410000000000043
4 0.86914 0.558105 0.09765999999999997 0.03222999999999998
4 0.867835 0.634275 0.11848999999999998 0.026370000000000005
5 0.49935 0.626955 0.08984000000000003 0.025390000000000024
5 0.6145849999999999 0.62744 0.09114999999999995 0.024419999999999997
5 0.727865 0.628905 0.08333000000000002 0.025389999999999913
4 0.172525 0.65918 0.11849 0.04688000000000003
6 0.20052 0.7553700000000001 0.15104 0.030279999999999974
6 0.498695 0.74512 0.08072999999999997 0.02733999999999992
6 0.6145849999999999 0.74707 0.08073000000000008 0.02733999999999992
6 0.727215 0.746095 0.07943 0.027349999999999985
6 0.367185 0.248535 0.13280999999999998 0.036129999999999995
6 0.51823 0.242185 0.13282000000000005 0.03711000000000003
6 0.203125 0.45605 0.08073000000000002 0.0625
6 0.106122 0.40332 0.082036 0.0625
8 0.607425 0.87402 0.14453000000000005 0.039059999999999984
9 0.64323 0.773925 0.6927000000000001 0.036129999999999995
9 0.638675 0.532715 0.6914100000000001 0.036129999999999995
9 0.63672 0.42627000000000004 0.6875 0.10644000000000003
9 0.640625 0.27881 0.7005300000000001 0.05566000000000004
10 0.442055 0.342775 0.02213000000000004 0.06640999999999997
10 0.557945 0.342775 0.022129999999999983 0.06640999999999997
10 0.29362 0.35303 0.022139999999999993 0.06738
10 0.67578 0.344725 0.023440000000000016 0.06640999999999997
10 0.44466 0.63916 0.024739999999999984 0.15527999999999997
10 0.29818 0.643555 0.026039999999999952 0.15039000000000002
10 0.5585899999999999 0.63965 0.026039999999999952 0.1543
10 0.67318 0.63916 0.026040000000000063 0.15527999999999997
10 0.7864599999999999 0.6411100000000001 0.026039999999999952 0.15332
10 0.67383 0.49414 0.024739999999999984 0.04295999999999994
10 0.78841 0.49560499999999996 0.024740000000000095 0.04198999999999997
10 0.559245 0.493165 0.02472999999999992 0.042970000000000064
10 0.29622 0.5 0.024739999999999984 0.042960000000000054
10 0.44336 0.493165 0.02474000000000004 0.042970000000000064
10 0.295575 0.31006 0.03125 0.01856000000000002
10 0.44010499999999997 0.299315 0.03645000000000004 0.018549999999999955
10 0.5585899999999999 0.30029 0.03646000000000005 0.016599999999999948
10 0.67513 0.30176000000000003 0.03255999999999992 0.017579999999999985
10 0.29817499999999997 0.474125 0.03384999999999999 0.00879000000000002
10 0.445315 0.467775 0.03384999999999999 0.007809999999999984
10 0.558595 0.467775 0.03385000000000005 0.007809999999999984
10 0.6738299999999999 0.46875 0.03515999999999997 0.00782000000000005
10 0.789065 0.470215 0.033849999999999936 0.008789999999999965
10 0.945315 0.479495 0.033849999999999936 0.007809999999999984
10 0.946615 0.505375 0.023430000000000062 0.04199000000000003
10 0.297525 0.553225 0.035150000000000015 0.03027000000000002
10 0.44466 0.546385 0.03515999999999997 0.03027000000000002
10 0.55794 0.546385 0.03516000000000008 0.03027000000000002
10 0.672525 0.546385 0.035150000000000015 0.03027000000000002
10 0.78646 0.549315 0.03386 0.03027000000000002
10 0.947265 0.55664 0.035150000000000015 0.029299999999999993
10 0.44140500000000005 0.37793 0.02865000000000001 0.0039000000000000146
10 0.5579449999999999 0.37793 0.029950000000000032 0.0039000000000000146
10 0.29427 0.38721 0.02864 0.0048799999999999955
10 0.790365 0.38086 0.028650000000000064 0.003899999999999959
10 0.673825 0.37988500000000003 0.02994999999999992 0.003910000000000025
10 0.30078 0.7412099999999999 0.04166000000000003 0.04491999999999996
10 0.44336 0.73926 0.04036000000000001 0.041019999999999945
10 0.55794 0.73828 0.04035999999999995 0.041019999999999945
10 0.784505 0.73926 0.04037000000000002 0.041019999999999945
10 0.672525 0.737795 0.04037000000000002 0.04198999999999997
10 0.6582 0.981445 0.011719999999999953 0.019530000000000047
10 0.55664 0.981935 0.011719999999999953 0.018550000000000066
10 0.559245 0.939945 0.006510000000000016 0.06542999999999999
10 0.6569 0.938965 0.009120000000000017 0.06542999999999999
10 0.5572900000000001 0.9018550000000001 0.010419999999999985 0.010749999999999926
10 0.6575500000000001 0.9008750000000001 0.010419999999999985 0.008789999999999965
