1 0.66047 0.532303 0.5472999999999999 0.929774
1 0.1934146 0.49438449999999995 0.3834508 0.983151
3 0.095441 0.185395 0.07601800000000002 0.12921
3 0.2348 0.485955 0.07431999999999997 0.16293000000000002
3 0.55321 0.20084000000000002 0.06587999999999994 0.12639999999999998
3 0.7643599999999999 0.20646 0.06588000000000005 0.1264
3 0.032938949999999995 0.51966 0.0489861 0.22472000000000003
2 0.5380050000000001 0.488765 0.07601000000000002 0.17415000000000003
2 0.73311 0.801965 0.08445999999999998 0.17696999999999996
2 0.7652 0.521065 0.08108000000000004 0.22753
2 0.82855 0.80618 0.025339999999999918 0.17978000000000005
2 0.282095 0.797755 0.030409999999999993 0.09550999999999998
2 0.34121500000000005 0.8033699999999999 0.030409999999999993 0.09550000000000003
2 0.42905499999999996 0.8005599999999999 0.030409999999999993 0.09550000000000003
2 0.489865 0.8033699999999999 0.030409999999999993 0.09550000000000003
2 0.203545 0.17275000000000001 0.03547 0.08708000000000002
2 0.475505 0.24017 0.04222999999999999 0.03652
2 0.40118 0.238765 0.028720000000000023 0.03371000000000002
3 0.5625 0.86236 0.07431999999999994 0.23595999999999995
3 0.21030500000000002 0.85253 0.07601 0.23314000000000001
4 0.234795 0.386235 0.10810999999999998 0.03651000000000004
4 0.538005 0.38483 0.11316999999999994 0.03932000000000002
4 0.760135 0.389045 0.11149000000000009 0.047750000000000015
4 0.096286 0.108144 0.11824799999999999 0.03651200000000002
4 0.0388512 0.38343 0.0709456 0.03090000000000004
4 0.7635149999999999 0.11095450000000001 0.13851000000000002 0.047751
4 0.5489850000000001 0.10814499999999999 0.13851000000000002 0.04775
6 0.0684138 0.603935 0.12669239999999998 0.1516900000000001
6 0.76267 0.6137649999999999 0.23817999999999995 0.17135
7 0.02871595 0.1868 0.0405401 0.13201999999999997
7 0.15625 0.18539499999999998 0.04221999999999998 0.13482999999999998
7 0.074324 0.52388 0.03378400000000001 0.24438000000000004
7 0.173145 0.48595499999999997 0.038849999999999996 0.16852999999999996
7 0.291385 0.48736 0.038849999999999996 0.17134000000000005
7 0.47804 0.485955 0.040539999999999965 0.17415000000000003
7 0.59628 0.488765 0.04391999999999996 0.17415000000000003
7 0.8201 0.5266850000000001 0.032099999999999906 0.24439
7 0.7027 0.52247 0.04054000000000002 0.23595999999999995
8 0.55321 0.72191 0.028719999999999968 0.03931999999999991
8 0.20523999999999998 0.7064600000000001 0.02534 0.042139999999999955
9 0.52365 0.69382 0.26014 0.03932000000000002
9 0.6697649999999999 0.32865500000000003 0.53547 0.08988999999999997
9 0.1891892 0.68399 0.3716216 0.047760000000000025
5 0.092905 0.25702 0.10135000000000002 0.030899999999999983
5 0.23564000000000002 0.5786549999999999 0.09966 0.02809000000000006
5 0.53885 0.5786549999999999 0.09798000000000001 0.02809000000000006
5 0.72635 0.90028 0.1554000000000001 0.03090000000000004
5 0.837835 0.9016850000000001 0.06418999999999997 0.02809000000000006
5 0.27956000000000003 0.85253 0.04560000000000003 0.01966000000000001
5 0.33953 0.85534 0.04391999999999996 0.01966000000000001
5 0.42905499999999996 0.8581449999999999 0.04729 0.019669999999999965
5 0.485645 0.8581449999999999 0.045609999999999984 0.014050000000000007
