1 0.5008117 0.5337075 0.9983766 0.8831450000000001
2 0.15666 0.26292000000000004 0.06656 0.10786000000000001
2 0.30925 0.258425 0.06656000000000001 0.10787000000000002
2 0.15422 0.48202 0.06818 0.10562000000000005
2 0.31006500000000004 0.47865 0.06819000000000003 0.10786000000000007
2 0.5105500000000001 0.26180000000000003 0.06656000000000001 0.10561999999999999
2 0.65666 0.26629 0.06655999999999995 0.10561999999999999
2 0.79789 0.27527999999999997 0.06655999999999995 0.10561999999999999
2 0.92857 0.285395 0.06817999999999991 0.10787000000000002
2 0.65909 0.483145 0.06818000000000002 0.10787000000000002
2 0.7995099999999999 0.488765 0.06656000000000006 0.10560999999999998
2 0.93182 0.495505 0.06494 0.10560999999999998
2 0.51136 0.47977500000000006 0.06817999999999996 0.10561000000000004
2 0.65909 0.704495 0.06818000000000002 0.10560999999999998
2 0.801945 0.70337 0.06169000000000002 0.10785999999999996
2 0.935875 0.70337 0.06007000000000007 0.10785999999999996
2 0.1526 0.70225 0.06817999999999999 0.10561999999999994
2 0.037338 0.279775 0.025974 0.07415000000000002
2 0.0349025 0.48314500000000005 0.024351 0.10337000000000002
2 0.0478895 0.7146049999999999 0.024350999999999998 0.06741000000000008
2 0.80438 0.87079 0.04708000000000001 0.03820000000000001
2 0.6647749999999999 0.874155 0.053570000000000007 0.040449999999999986
2 0.194805 0.89101 0.051949999999999996 0.07416
2 0.111203 0.88764 0.053574 0.07640000000000002
5 0.035714 0.322475 0.042208 0.015730000000000022
5 0.0324675 0.538205 0.042207 0.015730000000000022
5 0.15422 0.320225 0.09416000000000001 0.02471000000000001
5 0.31088 0.316855 0.09577999999999998 0.02697000000000005
5 0.1526 0.53708 0.09416 0.026960000000000095
5 0.50893 0.3191 0.09577999999999998 0.026959999999999984
5 0.65422 0.32359499999999997 0.09416000000000002 0.026969999999999994
5 0.800325 0.332585 0.09415000000000007 0.026969999999999994
5 0.9318150000000001 0.34157499999999996 0.08117000000000008 0.026969999999999994
5 0.65909 0.542695 0.09415999999999991 0.02022999999999997
5 0.801945 0.54607 0.09091000000000005 0.017979999999999996
5 0.935875 0.548315 0.08278999999999992 0.01797000000000004
2 0.042208 0.030337000000000003 0.025974 0.011236
7 0.104708 0.260675 0.030843999999999996 0.10787
7 0.20860499999999998 0.25955 0.030850000000000016 0.11012
7 0.25568 0.258425 0.030840000000000006 0.10787000000000002
7 0.363635 0.258425 0.03571000000000002 0.10787000000000002
7 0.361205 0.47865 0.034089999999999954 0.10786000000000007
7 0.29139499999999996 0.47753 0.03084999999999999 0.10111999999999993
7 0.20454499999999998 0.47865 0.03570999999999999 0.10786000000000007
7 0.101463 0.4809 0.034094 0.10786000000000001
7 0.09821450000000001 0.7 0.034090999999999996 0.11012
7 0.203735 0.7 0.03409000000000001 0.11012
7 0.492695 0.25955 0.03084999999999999 0.10111999999999999
7 0.525165 0.25955 0.034089999999999954 0.10111999999999999
7 0.6388 0.26517 0.03083999999999998 0.09888
7 0.672075 0.26517 0.03247 0.09888
7 0.78247 0.273035 0.029220000000000024 0.09663000000000002
7 0.814125 0.27416 0.030850000000000044 0.09888
7 0.8847400000000001 0.279775 0.032460000000000044 0.10113000000000003
7 0.97565 0.288765 0.029220000000000024 0.10113000000000003
7 0.9805200000000001 0.49326 0.029219999999999913 0.10111999999999999
7 0.88961 0.48989 0.029220000000000024 0.09887999999999997
7 0.85065 0.489885 0.03245999999999993 0.10337000000000002
7 0.751625 0.485395 0.03247 0.10337000000000002
7 0.711855 0.48427 0.034089999999999954 0.11012
7 0.6063350000000001 0.4809 0.034090000000000065 0.10786000000000001
7 0.564125 0.4809 0.034089999999999954 0.10786000000000001
7 0.45535499999999995 0.47865 0.03409000000000001 0.10786000000000007
7 0.98377 0.70225 0.029220000000000024 0.10111999999999999
7 0.890425 0.701125 0.034089999999999954 0.10336999999999996
7 0.852275 0.701125 0.03247 0.10786999999999991
7 0.752435 0.70225 0.034090000000000065 0.10561999999999994
7 0.712665 0.702245 0.03570999999999991 0.11010999999999993
7 0.6055200000000001 0.701125 0.035720000000000085 0.10786999999999991
7 0.564935 0.70112 0.03571000000000002 0.11236000000000002
9 0.50081005 0.146068 0.9918799 0.09438399999999998
9 0.50162515 0.760675 0.9837697 0.03371000000000002
