1 0.47119 0.4903859 0.6630800000000001 0.9642882
2 0.45459 0.16414499999999999 0.03808 0.037089999999999984
2 0.509765 0.16414499999999999 0.03711000000000003 0.037089999999999984
2 0.631835 0.16621 0.04100999999999999 0.038459999999999994
2 0.72168 0.16621 0.041020000000000056 0.038459999999999994
2 0.244625 0.32898499999999997 0.04199000000000003 0.13049000000000005
2 0.34570500000000004 0.32898499999999997 0.04297000000000001 0.13049000000000005
2 0.45459 0.326235 0.04200000000000004 0.13049
2 0.509275 0.32760999999999996 0.04199000000000003 0.1305
2 0.6313500000000001 0.330355 0.04589999999999994 0.12775000000000003
2 0.7207 0.32898499999999997 0.04492000000000007 0.13049000000000005
2 0.345215 0.57624 0.04003000000000001 0.13324000000000003
2 0.24560500000000002 0.57898 0.04003000000000001 0.13323999999999991
2 0.456055 0.57555 0.04100999999999999 0.13461999999999996
2 0.5083 0.57624 0.04004000000000002 0.13324000000000003
2 0.63037 0.5741750000000001 0.04590000000000005 0.13461
2 0.71826 0.57555 0.04590000000000005 0.13461999999999996
2 0.9511700000000001 0.34753 0.03515999999999997 0.12912
2 0.91211 0.34615 0.03515999999999997 0.12912
2 0.93408 0.193685 0.049800000000000066 0.027469999999999994
2 0.90381 0.58104 0.03808 0.1291199999999999
2 0.95068 0.58104 0.040039999999999965 0.1291199999999999
4 0.9213899999999999 0.45742 0.15332 0.030220000000000025
4 0.9331050000000001 0.23146 0.13183 0.06455999999999998
5 0.92969 0.42376 0.13671999999999995 0.04258000000000001
5 0.925295 0.66415 0.13965000000000005 0.056319999999999926
5 0.675295 0.40522 0.15137 0.032960000000000045
5 0.674315 0.65659 0.15137 0.03845999999999994
5 0.48339999999999994 0.65865 0.11523999999999995 0.034339999999999926
5 0.481935 0.40247 0.11230999999999997 0.030220000000000025
5 0.3457 0.65934 0.056640000000000024 0.03846000000000005
5 0.34473 0.40522 0.05663999999999997 0.03021999999999997
5 0.24414 0.40590499999999996 0.05663999999999997 0.028849999999999987
5 0.24462499999999998 0.658655 0.059569999999999984 0.03159000000000001
5 0.16650500000000001 0.66896 0.03026999999999999 0.03845999999999994
5 0.166015 0.4272 0.029289999999999983 0.04396
6 0.28711 0.1408 0.19336000000000003 0.06456
8 0.483885 0.44025000000000003 0.09472999999999998 0.07829999999999998
8 0.675295 0.44231 0.13965000000000005 0.08242
8 0.34619 0.44711999999999996 0.045899999999999996 0.06456
8 0.245115 0.44643 0.04687000000000002 0.06318000000000001
8 0.16748000000000002 0.47458500000000003 0.022460000000000008 0.05907000000000001
8 0.243165 0.697805 0.058589999999999975 0.01923000000000008
8 0.344725 0.6964250000000001 0.04686999999999997 0.01922999999999997
8 0.16552499999999998 0.70604 0.03223000000000001 0.030219999999999914
8 0.48144999999999993 0.69574 0.11913999999999997 0.02059999999999995
8 0.674805 0.69574 0.15625 0.02059999999999995
8 0.48241999999999996 0.242445 0.11327999999999999 0.028849999999999987
8 0.53613 0.33242 0.011719999999999953 0.10714000000000001
8 0.427735 0.333105 0.011709999999999998 0.10851
8 0.48241999999999996 0.32349 0.011720000000000008 0.13049999999999995
8 0.6411100000000001 0.24588 0.07324000000000008 0.035719999999999974
8 0.661135 0.32967 0.01366999999999996 0.13462000000000002
8 0.60156 0.34409500000000004 0.011719999999999953 0.10027000000000003
8 0.75049 0.33379499999999995 0.012699999999999934 0.10988999999999999
8 0.71338 0.245195 0.07323999999999997 0.028850000000000015
8 0.34033 0.24588000000000002 0.06738 0.027480000000000004
8 0.31738500000000003 0.326925 0.013670000000000015 0.13461
8 0.37207 0.33379499999999995 0.009759999999999991 0.11813000000000001
8 0.27295 0.3386 0.012699999999999989 0.11126000000000003
8 0.21533 0.32555 0.012699999999999989 0.13461999999999996
8 0.23877 0.24519000000000002 0.06934000000000001 0.026100000000000012
8 0.15429500000000002 0.377745 0.007810000000000011 0.08791000000000004
8 0.18066500000000002 0.359205 0.007810000000000011 0.08928999999999998
8 0.216305 0.5851649999999999 0.014649999999999996 0.10988999999999993
8 0.27441499999999996 0.587225 0.015629999999999977 0.11126999999999998
8 0.31689500000000004 0.58585 0.014649999999999996 0.11126000000000003
8 0.37060499999999996 0.58448 0.00879000000000002 0.11125999999999991
8 0.181155 0.5995900000000001 0.008789999999999992 0.10028000000000004
8 0.155275 0.60852 0.009770000000000001 0.0989000000000001
8 0.484375 0.49656500000000003 0.11328999999999995 0.023350000000000037
8 0.5376000000000001 0.585165 0.012700000000000045 0.10438999999999998
8 0.48242 0.572115 0.009759999999999991 0.12775000000000003
8 0.426755 0.583105 0.01366999999999996 0.11126999999999998
8 0.599125 0.583105 0.014650000000000052 0.11126999999999998
8 0.750975 0.585165 0.01366999999999996 0.10438999999999998
8 0.65918 0.572805 0.011719999999999953 0.13186999999999993
8 0.67969 0.49656500000000003 0.14647999999999994 0.023350000000000037
8 0.864255 0.19162 0.07617000000000007 0.03159999999999999
8 0.98291 0.192305 0.030279999999999974 0.027469999999999994
9 0.46875 0.706045 0.6562600000000001 0.07693000000000005
9 0.6035200000000001 0.201925 0.38672 0.027469999999999994
9 0.591795 0.0968415 0.40234999999999993 0.07005699999999998
10 0.394045 0.42239 0.03809000000000001 0.59478
10 0.56836 0.42033000000000004 0.039059999999999984 0.58516
10 0.78174 0.423765 0.040040000000000076 0.5782900000000001
10 0.294435 0.46428499999999995 0.026370000000000005 0.50275
10 0.19629000000000002 0.462225 0.015619999999999995 0.5068699999999999
11 0.418945 0.8550800000000001 0.20313000000000003 0.19918000000000002
11 0.6738249999999999 0.854395 0.12304999999999999 0.20055
11 0.22411999999999999 0.86676 0.034180000000000016 0.20330000000000004
11 0.89795 0.83448 0.10450000000000004 0.18544000000000005
