1 0.50048828 0.50273975 0.99902344 0.9945205
2 0.13281500000000002 0.156165 0.019530000000000006 0.06026999999999999
2 0.181645 0.156165 0.019529999999999992 0.06026999999999999
2 0.232425 0.156165 0.019529999999999992 0.06575000000000002
2 0.296875 0.160275 0.017569999999999975 0.057530000000000026
2 0.36377000000000004 0.15479500000000002 0.018559999999999965 0.05753
2 0.41455 0.156165 0.016600000000000004 0.06026999999999999
2 0.48877000000000004 0.152055 0.02245999999999998 0.06849
2 0.563965 0.156165 0.020509999999999917 0.06026999999999999
2 0.61426 0.15753499999999998 0.01758000000000004 0.05753
2 0.681155 0.15753499999999998 0.01464999999999994 0.05205000000000001
2 0.75049 0.150685 0.01855999999999991 0.060270000000000004
2 0.80176 0.153425 0.01758000000000004 0.060270000000000004
2 0.85449 0.150685 0.01758000000000004 0.060270000000000004
2 0.035156 0.432875 0.021484 0.12602999999999998
2 0.0839845 0.432875 0.021485000000000004 0.12602999999999998
2 0.132325 0.432875 0.020510000000000014 0.12602999999999998
2 0.180665 0.435615 0.02149000000000001 0.12603000000000003
2 0.0356445 0.660275 0.020507 0.0986300000000001
2 0.08447299999999999 0.6589050000000001 0.020508000000000012 0.10137000000000007
2 0.132325 0.6589050000000001 0.020510000000000014 0.10137000000000007
2 0.181155 0.657535 0.02051 0.09863
2 0.22900500000000001 0.657535 0.02051 0.09863
2 0.28662 0.654795 0.01856000000000002 0.09863
2 0.30713 0.657535 0.01856000000000002 0.09863
2 0.364745 0.654795 0.020509999999999973 0.10410999999999992
2 0.41455 0.654795 0.020500000000000018 0.10410999999999992
2 0.46484499999999995 0.656165 0.019529999999999992 0.09589000000000003
2 0.514645 0.657535 0.019530000000000047 0.09863
2 0.564945 0.657535 0.020510000000000028 0.09863
2 0.615725 0.657535 0.020510000000000028 0.09863
2 0.750975 0.657535 0.019529999999999936 0.09863
2 0.802735 0.6589050000000001 0.019530000000000047 0.10137000000000007
2 0.856445 0.661645 0.019530000000000047 0.10137000000000007
2 0.9091800000000001 0.661645 0.019540000000000002 0.10137000000000007
2 0.9619150000000001 0.661645 0.019529999999999936 0.10137000000000007
2 0.034668 0.879455 0.020507999999999995 0.09315000000000007
2 0.083496 0.879455 0.020508 0.09315000000000007
2 0.1333 0.876715 0.020500000000000004 0.09315000000000007
2 0.181155 0.875345 0.02051 0.09589000000000003
2 0.22900500000000001 0.873975 0.02051 0.09314999999999996
2 0.365235 0.871235 0.019529999999999992 0.09315000000000007
2 0.41503500000000004 0.871235 0.019529999999999992 0.09315000000000007
2 0.46533 0.871235 0.018559999999999965 0.09315000000000007
2 0.515625 0.871235 0.019530000000000047 0.09315000000000007
2 0.5654300000000001 0.875345 0.019540000000000002 0.09040999999999999
2 0.616215 0.875345 0.019529999999999936 0.09040999999999999
2 0.7529300000000001 0.880825 0.019540000000000002 0.09040999999999999
2 0.8042 0.880825 0.01856000000000002 0.09040999999999999
2 0.856935 0.8835649999999999 0.018550000000000066 0.09040999999999999
2 0.9106449999999999 0.887675 0.018549999999999955 0.08766999999999991
2 0.96289 0.8890450000000001 0.019540000000000002 0.09040999999999999
2 0.96289 0.432875 0.019540000000000002 0.12602999999999998
2 0.9091800000000001 0.432875 0.019540000000000002 0.12602999999999998
2 0.855465 0.435615 0.019530000000000047 0.12603000000000003
2 0.803715 0.432875 0.019529999999999936 0.12602999999999998
2 0.752445 0.424655 0.020510000000000028 0.14795000000000003
2 0.6933549999999999 0.42055 0.019529999999999936 0.1452
2 0.6738299999999999 0.42055 0.01758000000000004 0.1452
2 0.61719 0.42191999999999996 0.021479999999999944 0.14794000000000002
2 0.564945 0.434245 0.020510000000000028 0.12329000000000001
2 0.514645 0.431505 0.019530000000000047 0.12328999999999996
2 0.46435499999999996 0.434245 0.020509999999999973 0.12329000000000001
2 0.41455 0.431505 0.020500000000000018 0.12328999999999996
2 0.36377000000000004 0.41918 0.020500000000000018 0.14793999999999996
2 0.22900500000000001 0.42055 0.02051 0.1452
2 0.28711 0.42055 0.017579999999999985 0.15067999999999998
2 0.30664 0.42055 0.017579999999999985 0.15067999999999998
3 0.68213 0.8863 0.049800000000000066 0.19452000000000003
3 0.29834 0.89041 0.05176000000000003 0.19726
4 0.033691 0.573975 0.038086 0.06301000000000001
4 0.1333 0.571235 0.03808 0.06301000000000001
4 0.465335 0.571235 0.03808999999999996 0.06301000000000001
4 0.56592 0.573975 0.03808 0.06301000000000001
4 0.804685 0.564385 0.037109999999999976 0.060270000000000046
4 0.910645 0.572605 0.04198999999999997 0.060270000000000046
4 0.083495 0.571235 0.036129999999999995 0.06301000000000001
4 0.18066500000000002 0.571235 0.037110000000000004 0.06301000000000001
4 0.229495 0.572605 0.037110000000000004 0.060270000000000046
4 0.296875 0.573975 0.054690000000000016 0.06848999999999994
4 0.364255 0.575345 0.037109999999999976 0.060270000000000046
4 0.416015 0.567125 0.03711000000000003 0.060270000000000046
4 0.515625 0.5698650000000001 0.037109999999999976 0.060269999999999935
4 0.616215 0.572605 0.037109999999999976 0.060270000000000046
4 0.964355 0.573975 0.04198999999999997 0.06301000000000001
4 0.8584 0.5698650000000001 0.041019999999999945 0.060269999999999935
4 0.75342 0.572605 0.040039999999999965 0.060270000000000046
4 0.6855450000000001 0.575345 0.05859000000000003 0.0712299999999999
5 0.0336915 0.524655 0.036133 0.06301000000000001
5 0.083983 0.521915 0.03515399999999999 0.06301000000000001
5 0.13280999999999998 0.523285 0.03516 0.060270000000000046
5 0.18164000000000002 0.521915 0.03516 0.06301000000000001
5 0.228515 0.521915 0.035150000000000015 0.06301000000000001
5 0.364745 0.521915 0.036129999999999995 0.06301000000000001
5 0.29639 0.5191749999999999 0.05176000000000003 0.06300999999999995
5 0.41503999999999996 0.520545 0.035160000000000025 0.060269999999999935
5 0.464845 0.520545 0.035150000000000015 0.060269999999999935
5 0.515135 0.521915 0.036129999999999995 0.06301000000000001
5 0.56543 0.521915 0.03516000000000008 0.06301000000000001
5 0.6162099999999999 0.521915 0.03515999999999997 0.06301000000000001
5 0.751955 0.524655 0.035150000000000015 0.06301000000000001
5 0.683595 0.521915 0.054690000000000016 0.06301000000000001
5 0.8037099999999999 0.524655 0.03515999999999997 0.06301000000000001
5 0.856445 0.527395 0.035150000000000015 0.06300999999999995
5 0.910155 0.524655 0.035150000000000015 0.06301000000000001
5 0.961915 0.521915 0.035150000000000015 0.06301000000000001
5 0.0341795 0.7328749999999999 0.037109 0.05205000000000004
5 0.083495 0.730135 0.036129999999999995 0.05205000000000004
5 0.13280999999999998 0.730135 0.03516 0.04657
5 0.18018 0.727395 0.03417999999999999 0.04657
5 0.228515 0.727395 0.035150000000000015 0.04657
5 0.36426000000000003 0.7246600000000001 0.035160000000000025 0.046579999999999955
5 0.29785 0.739725 0.05274000000000001 0.07670999999999994
5 0.41503999999999996 0.727395 0.035160000000000025 0.04657
5 0.464845 0.7246600000000001 0.035150000000000015 0.046579999999999955
5 0.515625 0.727395 0.035150000000000015 0.04657
5 0.564455 0.727395 0.035150000000000015 0.04657
5 0.6162099999999999 0.727395 0.03515999999999997 0.04657
5 0.751955 0.730135 0.035150000000000015 0.04657
5 0.68359 0.7424649999999999 0.05078000000000005 0.07670999999999994
5 0.8037099999999999 0.730135 0.03515999999999997 0.04657
5 0.8574200000000001 0.730135 0.03515999999999997 0.04657
5 0.910155 0.732875 0.035150000000000015 0.04657
5 0.96436 0.735615 0.040040000000000076 0.05204999999999993
5 0.9658199999999999 0.943835 0.039059999999999984 0.03012999999999999
5 0.913575 0.941095 0.03808999999999996 0.03012999999999999
5 0.86084 0.938355 0.03808 0.03012999999999999
5 0.805175 0.936985 0.03808999999999996 0.027389999999999914
5 0.75488 0.93288 0.03516000000000008 0.019179999999999975
5 0.6171899999999999 0.9274 0.03320000000000001 0.019179999999999975
5 0.566405 0.92603 0.035150000000000015 0.02191999999999994
5 0.515625 0.9232899999999999 0.035150000000000015 0.02192000000000005
5 0.464845 0.9232899999999999 0.035150000000000015 0.02192000000000005
5 0.41552500000000003 0.92466 0.032230000000000036 0.019179999999999975
5 0.36572499999999997 0.92466 0.032230000000000036 0.019179999999999975
5 0.22998000000000002 0.92603 0.03222 0.02191999999999994
5 0.18018 0.9274 0.03417999999999999 0.019179999999999975
5 0.13232 0.93014 0.03417999999999999 0.019179999999999975
5 0.0825195 0.93014 0.034179 0.019179999999999975
5 0.032715 0.93288 0.03418 0.019179999999999975
4 0.034668 0.360275 0.032226000000000005 0.06849
4 0.083984 0.360275 0.03125 0.06849
4 0.132325 0.363015 0.032229999999999995 0.06849
4 0.181645 0.36575500000000005 0.03125 0.06849
4 0.22900500000000001 0.368495 0.03223000000000001 0.06849
4 0.364255 0.369865 0.03125 0.07123000000000002
4 0.296385 0.364385 0.047850000000000004 0.07123000000000002
4 0.41455 0.368495 0.03221999999999997 0.06849
4 0.465825 0.368495 0.03125 0.06849
4 0.515625 0.36575500000000005 0.03125 0.06849
4 0.56494 0.368495 0.032219999999999915 0.06849
4 0.6167 0.368495 0.032220000000000026 0.06849
4 0.751955 0.36575500000000005 0.03125 0.06849
4 0.684085 0.36438499999999996 0.04785000000000006 0.07671
4 0.803225 0.36575500000000005 0.03222999999999998 0.06849
4 0.856445 0.36575500000000005 0.03125 0.06849
4 0.909665 0.36575500000000005 0.03223000000000009 0.06849
4 0.962895 0.36575500000000005 0.03125 0.06849
4 0.68457 0.03972625 0.06054000000000004 0.0684935
4 0.295895 0.0424656 0.06054999999999999 0.0684928
8 0.268065 0.21095999999999998 0.014649999999999996 0.07124
8 0.325195 0.21095999999999998 0.013670000000000015 0.07124
8 0.33886499999999997 0.168495 0.009770000000000001 0.05753
8 0.253905 0.167125 0.009770000000000029 0.054790000000000005
8 0.640625 0.167125 0.013670000000000071 0.06026999999999999
8 0.728515 0.164385 0.009770000000000056 0.054790000000000005
8 0.714355 0.21644000000000002 0.016610000000000014 0.06576000000000001
8 0.65576 0.2137 0.016599999999999948 0.06575999999999999
8 0.13086 0.23013499999999998 0.03906 0.04383000000000001
8 0.1792 0.23013499999999998 0.03808 0.04383000000000001
8 0.22900500000000001 0.23013499999999998 0.038089999999999985 0.04383000000000001
8 0.36377000000000004 0.23014 0.04004000000000002 0.038360000000000005
8 0.41503999999999996 0.232875 0.03906000000000004 0.038349999999999995
8 0.46631 0.23561500000000002 0.040039999999999965 0.03835000000000002
8 0.51611 0.23561500000000002 0.04004000000000002 0.03835000000000002
8 0.6167 0.23151 0.03613999999999995 0.03562000000000001
8 0.5654300000000001 0.23151 0.039059999999999984 0.03562000000000001
8 0.8574200000000001 0.22877 0.039059999999999984 0.035619999999999985
8 0.806155 0.22877 0.04199000000000008 0.035619999999999985
8 0.754885 0.23014 0.037109999999999976 0.038360000000000005
9 0.50000155 0.286305 0.9960969 0.07944999999999999
9 0.50048985 0.7684949999999999 0.9951203 0.05752999999999997
10 0.008788849999999999 0.56438 0.0117183 0.37807999999999997
10 0.059081999999999996 0.56438 0.010741999999999995 0.37807999999999997
10 0.10742 0.56438 0.011720000000000008 0.37807999999999997
10 0.15723 0.56438 0.011720000000000008 0.37807999999999997
10 0.20507999999999998 0.56438 0.01171999999999998 0.3726
10 0.25293 0.560275 0.011720000000000008 0.36438999999999994
10 0.33935499999999996 0.563015 0.010749999999999982 0.36439000000000005
10 0.38965 0.558905 0.011719999999999953 0.37261000000000005
10 0.44043 0.565755 0.011720000000000008 0.36439
10 0.490235 0.5671200000000001 0.011709999999999998 0.36712
10 0.54053 0.56575 0.010740000000000083 0.36986
10 0.59277 0.56712 0.011719999999999953 0.3726
10 0.6411100000000001 0.56438 0.010740000000000083 0.3726
10 0.72803 0.56438 0.010740000000000083 0.3726
10 0.77734 0.5671200000000001 0.011719999999999953 0.37808
10 0.83057 0.56712 0.010739999999999972 0.3726
10 0.8837900000000001 0.56712 0.011720000000000064 0.3726
10 0.93848 0.56438 0.011719999999999953 0.3726
10 0.99219 0.56575 0.011719999999999953 0.36986
10 0.00927728 0.34657499999999997 0.01660144 0.057530000000000026
10 0.0595705 0.345205 0.015625 0.054790000000000005
10 0.1084 0.34657499999999997 0.015619999999999995 0.057530000000000026
10 0.157225 0.34657499999999997 0.015630000000000005 0.057530000000000026
10 0.20507999999999998 0.34931500000000004 0.015619999999999995 0.057530000000000026
10 0.253905 0.34931500000000004 0.015630000000000005 0.057530000000000026
10 0.33886499999999997 0.352055 0.015629999999999977 0.05752999999999997
10 0.38965 0.345205 0.015619999999999967 0.054790000000000005
10 0.44043 0.35479499999999997 0.015620000000000023 0.057530000000000026
10 0.490235 0.35479499999999997 0.015629999999999977 0.057530000000000026
10 0.54004 0.356165 0.015619999999999967 0.054790000000000005
10 0.592775 0.350685 0.01562999999999992 0.054790000000000005
10 0.641115 0.350685 0.014650000000000052 0.054790000000000005
10 0.728515 0.34931500000000004 0.015630000000000033 0.057530000000000026
10 0.777345 0.350685 0.01562999999999992 0.054790000000000005
10 0.831055 0.353425 0.015630000000000033 0.054790000000000005
10 0.99121 0.350685 0.015619999999999967 0.054790000000000005
10 0.938475 0.350685 0.01562999999999992 0.054790000000000005
10 0.884765 0.352055 0.015630000000000033 0.05752999999999997
10 0.44092 0.854795 0.012699999999999989 0.15891
10 0.49072499999999997 0.854795 0.012690000000000035 0.15891
10 0.5415049999999999 0.8575349999999999 0.012689999999999979 0.15891
10 0.389645 0.8575349999999999 0.013670000000000015 0.15891
10 0.34179499999999996 0.8561650000000001 0.009770000000000001 0.15617000000000003
10 0.59375 0.8575349999999999 0.013679999999999914 0.15891
10 0.640625 0.8575349999999999 0.009770000000000056 0.15891
10 0.780275 0.865755 0.01366999999999996 0.15891
10 0.73242 0.8630150000000001 0.009759999999999991 0.15891
10 0.8339799999999999 0.868495 0.011720000000000064 0.15891
10 0.88574 0.86986 0.011719999999999953 0.16164
10 0.94043 0.87123 0.013679999999999914 0.16438000000000008
10 0.992675 0.89452 0.010750000000000037 0.20548
10 0.206055 0.8602749999999999 0.013669999999999988 0.15891
10 0.157225 0.8602749999999999 0.013670000000000015 0.15891
10 0.10742499999999999 0.8602749999999999 0.013670000000000002 0.15891
10 0.057617 0.8630150000000001 0.013671999999999997 0.15891
10 0.00878905 0.89315 0.0136719 0.2137
10 0.25195 0.853425 0.01171999999999998 0.15616999999999992
10 0.058105500000000004 0.969865 0.014649000000000002 0.054790000000000005
10 0.1069345 0.967125 0.014650999999999997 0.054790000000000005
10 0.157225 0.967125 0.015630000000000005 0.054790000000000005
10 0.205565 0.964385 0.014649999999999996 0.054790000000000005
10 0.38965 0.961645 0.015619999999999967 0.049309999999999965
10 0.34326 0.960275 0.012699999999999989 0.05204999999999993
10 0.25244 0.961645 0.012700000000000017 0.060270000000000046
10 0.440915 0.958905 0.014650000000000052 0.049309999999999965
10 0.4917 0.958905 0.014640000000000042 0.049309999999999965
10 0.54248 0.960275 0.014639999999999986 0.04657
10 0.5942350000000001 0.960275 0.01464999999999994 0.04657
10 0.780275 0.967125 0.01562999999999992 0.043830000000000036
10 0.7324200000000001 0.964385 0.011720000000000064 0.049310000000000076
10 0.6411100000000001 0.960275 0.010740000000000083 0.04657
10 0.8344750000000001 0.969865 0.01464999999999994 0.043830000000000036
10 0.887205 0.9725999999999999 0.014650000000000052 0.04383999999999999
10 0.940915 0.9753400000000001 0.01464999999999994 0.04383999999999999
10 0.0581055 0.76986 0.022460999999999995 0.02739999999999998
10 0.1069315 0.76712 0.022457000000000005 0.02739999999999998
10 0.00976578 0.7726 0.017578439999999997 0.02739999999999998
10 0.15674 0.76712 0.022460000000000008 0.02739999999999998
10 0.20557 0.7657499999999999 0.02245999999999998 0.030139999999999945
10 0.38916 0.763015 0.022460000000000035 0.03012999999999999
10 0.34375 0.763015 0.013680000000000025 0.03012999999999999
10 0.25195500000000004 0.761645 0.013670000000000015 0.032869999999999955
10 0.44189 0.760275 0.022460000000000035 0.03012999999999999
10 0.4917 0.763015 0.02245999999999998 0.03012999999999999
10 0.5415000000000001 0.763015 0.022460000000000035 0.03012999999999999
10 0.59375 0.7657499999999999 0.021479999999999944 0.024660000000000015
10 0.640135 0.7643800000000001 0.014650000000000052 0.02739999999999998
10 0.73291 0.76712 0.014640000000000097 0.02739999999999998
10 0.78076 0.7712300000000001 0.022459999999999924 0.030139999999999945
10 0.83447 0.7712300000000001 0.022460000000000035 0.030139999999999945
10 0.88574 0.77397 0.023440000000000016 0.030139999999999945
10 0.9404300000000001 0.77397 0.023440000000000016 0.030139999999999945
10 0.992675 0.77671 0.012689999999999979 0.030140000000000056
11 0.296875 0.786305 0.03320999999999996 0.07670999999999994
11 0.688965 0.62055 0.03416999999999992 0.24932000000000004
8 0.034667500000000004 0.9684900000000001 0.008788999999999998 0.024660000000000015
8 0.08398449999999999 0.96575 0.007813 0.024659999999999904
8 0.13281500000000002 0.96575 0.007810000000000011 0.024659999999999904
8 0.181155 0.9630099999999999 0.008789999999999992 0.024660000000000015
8 0.22802499999999998 0.96164 0.008789999999999992 0.02192000000000005
8 0.365235 0.958905 0.007810000000000039 0.021910000000000096
8 0.514645 0.960275 0.007809999999999984 0.02465000000000006
8 0.565915 0.96164 0.008789999999999965 0.02192000000000005
8 0.616695 0.96164 0.008790000000000076 0.02192000000000005
8 0.8032250000000001 0.9684900000000001 0.008789999999999965 0.024660000000000015
8 0.857425 0.97397 0.007810000000000095 0.024659999999999904
8 0.910155 0.97397 0.007809999999999984 0.024659999999999904
8 0.962405 0.9780800000000001 0.008789999999999965 0.02192000000000005
8 0.75293 0.96575 0.007819999999999938 0.024659999999999904
