1 0.47222 0.519277 0.82698 0.961446
2 0.46746 0.193975 0.07141999999999998 0.09879000000000002
2 0.788095 0.193975 0.07143 0.09879000000000002
2 0.445235 0.37229 0.07143 0.0988
2 0.81508 0.375905 0.06508000000000003 0.10121000000000002
2 0.446035 0.54337 0.06667000000000001 0.055420000000000025
2 0.8127 0.544575 0.06665999999999994 0.05301
2 0.6349199999999999 0.1747 0.06984000000000001 0.06506
2 0.230155 0.13975749999999998 0.08889000000000002 0.081925
2 0.155555 0.34699 0.07619 0.16386
2 0.28651 0.36506000000000005 0.0746 0.1759
2 0.633335 0.398795 0.07301000000000002 0.15663
2 0.633335 0.542165 0.06667000000000001 0.05301
2 0.18095 0.524095 0.047619999999999996 0.09397000000000005
2 0.12460000000000002 0.5204850000000001 0.03968000000000001 0.09157000000000004
2 0.25238 0.5253 0.04444000000000001 0.09156000000000003
2 0.31111500000000003 0.531325 0.04126999999999997 0.07951000000000003
6 0.2158735 0.424095 0.311113 0.15420999999999996
6 0.618255 0.245785 0.13175000000000003 0.08193
6 0.621425 0.449395 0.14127 0.11325000000000002
7 0.81508 0.37711 0.061899999999999955 0.0988
7 0.83254 0.54217 0.026980000000000004 0.04820000000000002
7 0.7992049999999999 0.544575 0.02698999999999996 0.048189999999999955
7 0.63254 0.542165 0.061900000000000066 0.05301
7 0.4627 0.54337 0.026980000000000004 0.05059999999999998
7 0.28492 0.363855 0.06825999999999999 0.16867
9 0.4730135 0.24096 0.825393 0.13493999999999998
9 0.45793849999999997 0.616865 0.795243 0.09156999999999993
11 0.38651 0.60482 0.23967999999999995 0.043379999999999974
11 0.297615 0.85783 0.25873 0.23131999999999997
11 0.11428450000000001 0.8951800000000001 0.085711 0.15180000000000005
11 0.48016000000000003 0.885545 0.08729999999999999 0.16144999999999998
11 0.6611149999999999 0.85783 0.25873 0.23131999999999997
11 0.47143 0.67831 0.03492000000000001 0.08433999999999997
11 0.140475 0.573495 0.042849999999999985 0.08193000000000006
