1 0.5157539999999999 0.50247525 0.842432 0.9950495
2 0.659665 0.40924 0.13445000000000007 0.13861999999999997
2 0.809875 0.406765 0.13234999999999997 0.14027
2 0.659665 0.658415 0.1302500000000001 0.14851000000000003
2 0.809875 0.65594 0.12815 0.15015999999999996
2 0.33929 0.20214500000000002 0.10293999999999998 0.12707000000000002
2 0.392855 0.43647 0.07562999999999998 0.13696000000000003
2 0.29096500000000003 0.43812000000000006 0.07353000000000004 0.13696000000000003
2 0.295165 0.67079 0.06933 0.12705999999999995
2 0.385505 0.668315 0.06513000000000002 0.12871
2 0.39601 0.889435 0.06512000000000001 0.08250999999999997
2 0.29727000000000003 0.889435 0.06512000000000001 0.08580999999999994
2 0.652315 0.915845 0.07772999999999997 0.12541000000000002
2 0.7993699999999999 0.915015 0.15756000000000003 0.13366999999999996
5 0.33403499999999997 0.7458750000000001 0.23109 0.026409999999999934
5 0.732145 0.7401 0.36344999999999994 0.028059999999999974
5 0.732145 0.48762500000000003 0.36344999999999994 0.02805000000000002
5 0.33508499999999997 0.271455 0.16177000000000002 0.03134999999999999
6 0.73214 0.23185 0.39705999999999997 0.09075999999999998
6 0.67752 0.094883 0.44327999999999995 0.07425399999999999
7 0.338235 0.174915 0.09243000000000001 0.07260999999999998
7 0.29412 0.6724399999999999 0.06301999999999996 0.12375999999999998
7 0.385505 0.6691400000000001 0.060929999999999984 0.12375999999999998
7 0.658615 0.65924 0.11974999999999991 0.14356000000000002
7 0.807775 0.65759 0.11975000000000002 0.1435599999999999
7 0.29622 0.88861 0.05881999999999998 0.08416000000000001
7 0.652315 0.91502 0.07352999999999998 0.1204599999999999
7 0.79622 0.913365 0.14705999999999997 0.12707000000000002
6 0.334035 0.957095 0.23529000000000003 0.052810000000000024
9 0.519955 0.7986800000000001 0.82143 0.03300000000000003
11 0.2657545 0.989275 0.33823099999999995 0.01485000000000003
