1 0.2779757 0.50048828 0.5488086 0.99902344
2 0.10893 0.19727 0.06785999999999999 0.125
2 0.28512000000000004 0.19629000000000002 0.07976 0.12500000000000003
2 0.46012 0.19629000000000002 0.07976 0.12500000000000003
2 0.6244050000000001 0.2002 0.07977000000000001 0.125
2 0.773215 0.19727 0.07977000000000001 0.125
2 0.926785 0.19824000000000003 0.07977000000000001 0.12500000000000003
2 0.9232149999999999 0.413575 0.07977000000000001 0.12403000000000003
2 0.7767850000000001 0.41064500000000004 0.07977000000000001 0.13379000000000002
2 0.62262 0.41211 0.08096000000000003 0.13282
2 0.461905 0.40674 0.08095000000000002 0.13184
2 0.28452500000000003 0.407715 0.08095000000000002 0.13183
2 0.10357250000000001 0.402345 0.08095500000000001 0.13280999999999998
2 0.925595 0.63916 0.08215000000000006 0.15332
2 0.7791699999999999 0.63574 0.08213999999999999 0.1543
2 0.625 0.63916 0.08333999999999997 0.15332
2 0.46309500000000003 0.637695 0.08332999999999996 0.15429000000000004
2 0.280955 0.63232 0.08333000000000002 0.15332
2 0.1029775 0.6328100000000001 0.08214500000000001 0.1543
5 0.107737 0.26172 0.09642600000000001 0.015619999999999967
5 0.28869 0.263185 0.09641999999999998 0.014649999999999996
5 0.46548 0.263185 0.09523999999999999 0.014649999999999996
5 0.460715 0.478515 0.09522999999999993 0.015629999999999977
5 0.285115 0.478515 0.09643000000000002 0.015629999999999977
5 0.11071249999999999 0.47363500000000003 0.095235 0.015629999999999977
5 0.62262 0.47948999999999997 0.09523999999999999 0.015620000000000023
5 0.625 0.262695 0.09523999999999999 0.015629999999999977
5 0.77381 0.26758000000000004 0.09523999999999999 0.015620000000000023
5 0.925595 0.268555 0.0964299999999999 0.015629999999999977
5 0.930355 0.479005 0.09643000000000002 0.014649999999999996
5 0.775595 0.481445 0.09643000000000002 0.015629999999999977
8 0.19583499999999998 0.059571 0.044050000000000006 0.08593800000000001
8 0.035119 0.0546875 0.044048 0.08593700000000001
8 0.36131 0.060549 0.044040000000000024 0.085942
8 0.51369 0.057619 0.044040000000000024 0.085942
8 0.5851200000000001 0.0546875 0.04403999999999997 0.08593700000000001
8 0.7101200000000001 0.059571 0.04403999999999997 0.08593800000000001
8 0.8374999999999999 0.0566405 0.04403999999999997 0.085937
8 0.975 0.059571 0.04523999999999995 0.08593800000000001
1 0.7761899999999999 0.50048985 0.44762 0.9951203
9 0.2714262 0.04345685 0.5309476000000001 0.08105430000000001
9 0.780355 0.0478517 0.43928999999999996 0.08398459999999999
11 0.27916749999999996 0.858885 0.532145 0.27051000000000003
11 0.7803599999999999 0.853025 0.4345199999999999 0.28223
