1 0.5006587 0.49755828 0.9934225999999999 0.99316344
2 0.19999999999999998 0.163575 0.11315999999999998 0.09277
2 0.5118400000000001 0.163575 0.11316000000000004 0.09277
2 0.82237 0.16552499999999998 0.11316000000000004 0.09276999999999999
2 0.823685 0.31933500000000004 0.1210500000000001 0.10157
2 0.511185 0.31884500000000005 0.12237000000000003 0.10059000000000001
2 0.19671 0.32031 0.12236 0.10155999999999998
2 0.19671 0.48633 0.12763999999999998 0.11327999999999994
2 0.510525 0.48828 0.12894999999999995 0.11327999999999994
2 0.82434 0.48633000000000004 0.125 0.11524000000000006
2 0.823025 0.661135 0.1276299999999999 0.12109000000000003
2 0.511185 0.6630849999999999 0.12762999999999997 0.12109000000000003
2 0.19539499999999999 0.6640649999999999 0.12763 0.12109000000000003
3 0.5125 0.890625 0.16448000000000007 0.1953100000000001
3 0.1999975 0.91553 0.215785 0.14160000000000006
6 0.19671100000000002 0.197265 0.21973800000000002 0.08399000000000001
6 0.51513 0.194335 0.21974 0.08399000000000001
6 0.83092 0.197265 0.21974000000000005 0.08399000000000001
6 0.83092 0.359375 0.24605999999999995 0.09375
6 0.5131600000000001 0.361325 0.24474 0.09375
6 0.194739 0.362305 0.24474200000000002 0.09375
6 0.18750250000000002 0.538085 0.259215 0.10351000000000005
6 0.513155 0.54199 0.26053 0.10352
6 0.839475 0.541015 0.26053000000000004 0.10351000000000005
6 0.509868 0.717285 0.9486840000000001 0.0791099999999999
2 0.488815 0.064453 0.011850000000000027 0.017578000000000003
2 0.53224 0.0649415 0.011839999999999962 0.016601000000000005
2 0.200655 0.0649415 0.059209999999999985 0.016601000000000005
2 0.823025 0.065918 0.059209999999999985 0.016601999999999992
9 0.5039475 0.0473631 0.9736849999999999 0.0869138
9 0.5046054999999999 0.23486 0.9723689999999999 0.022460000000000008
8 0.64803 0.7695350000000001 0.043420000000000014 0.07030999999999998
11 0.1973675 0.82031 0.228945 0.05078000000000005
11 0.826975 0.891605 0.22236999999999996 0.19530999999999998
