1 0.515139 0.55621 0.858402 0.7516400000000001
2 0.180665 0.371895 0.03125 0.11110999999999999
2 0.21631 0.37124 0.03222 0.10980000000000001
2 0.842775 0.37451 0.03125 0.11371999999999999
2 0.805665 0.37451 0.03125 0.11112
2 0.353515 0.37646999999999997 0.04297000000000001 0.11242000000000002
2 0.45703499999999997 0.37516 0.04297000000000001 0.11241999999999996
2 0.5625 0.375815 0.04296000000000011 0.11110999999999999
2 0.67041 0.375815 0.04393999999999998 0.11110999999999999
2 0.34961 0.57778 0.044920000000000015 0.11242000000000008
2 0.45508000000000004 0.5817 0.044920000000000015 0.11241999999999996
2 0.56055 0.5817 0.04492000000000007 0.11504000000000003
2 0.668945 0.584315 0.044929999999999914 0.11502999999999997
2 0.802735 0.58562 0.037109999999999976 0.12026000000000003
2 0.8481449999999999 0.58562 0.03809000000000007 0.11763999999999997
2 0.214845 0.5777749999999999 0.03514999999999999 0.11503000000000008
2 0.171385 0.577125 0.036129999999999995 0.11373000000000011
3 0.34765500000000005 0.8215650000000001 0.05273 0.19477
3 0.657225 0.82941 0.07226999999999995 0.19999999999999996
4 0.35205 0.29281 0.06738000000000005 0.05227999999999999
4 0.45654 0.29281 0.06738 0.05227999999999999
4 0.56201 0.29281 0.06738 0.05227999999999999
4 0.66553 0.29281 0.06738 0.05227999999999999
4 0.34863500000000003 0.49150499999999997 0.07617000000000002 0.06275000000000003
4 0.454105 0.49280999999999997 0.07617000000000002 0.06273999999999996
4 0.560055 0.493465 0.07714999999999994 0.061429999999999985
4 0.668455 0.49673 0.07715000000000005 0.06274000000000002
4 0.8261750000000001 0.27451000000000003 0.12695 0.06014000000000003
4 0.19629 0.27582 0.11913999999999997 0.057520000000000016
4 0.19189 0.475165 0.15332 0.03007000000000004
4 0.828125 0.479085 0.15429000000000004 0.030069999999999986
5 0.34912 0.656865 0.07324000000000003 0.048370000000000024
5 0.45361 0.659475 0.07323999999999997 0.048370000000000024
5 0.56006 0.6620900000000001 0.07323999999999997 0.04836000000000007
5 0.66797 0.6634 0.07422000000000006 0.04835999999999996
5 0.352055 0.44706 0.07128999999999996 0.03398000000000001
5 0.453125 0.444445 0.07226999999999995 0.03399000000000002
5 0.558595 0.44706 0.07226999999999995 0.03398000000000001
5 0.666015 0.448365 0.07227000000000006 0.03399000000000002
5 0.19238 0.65229 0.13085999999999998 0.044440000000000035
5 0.8261700000000001 0.664705 0.13672000000000006 0.048370000000000024
6 0.192385 0.443135 0.13477 0.041830000000000034
6 0.828125 0.44575 0.14453000000000005 0.03921999999999998
8 0.259765 0.24183 0.06641 0.026140000000000024
8 0.139165 0.239215 0.06543 0.026150000000000007
8 0.888185 0.23856 0.06739000000000006 0.024839999999999973
8 0.760255 0.23987000000000003 0.06739000000000006 0.02484
9 0.5175799999999999 0.23006500000000002 0.84766 0.08626999999999999
9 0.5166014999999999 0.43595 0.847657 0.030059999999999976
9 0.51709 0.66536 0.84668 0.08365999999999996
11 0.190915 0.8209150000000001 0.14941000000000004 0.20653
11 0.50537 0.80915 0.15332000000000007 0.17254000000000003
11 0.81738 0.816995 0.1543 0.17517000000000005
11 0.922365 0.861435 0.026370000000000005 0.06796999999999997
