1 0.44476675 0.50000045 0.8866265 0.9943191
2 0.60102 0.19176 0.027619999999999978 0.13352000000000003
2 0.5632250000000001 0.19176 0.027610000000000023 0.13352000000000003
2 0.52689 0.19176 0.027619999999999978 0.13352000000000003
2 0.75509 0.24006 0.027619999999999978 0.12783999999999998
2 0.7899700000000001 0.23864000000000002 0.02762000000000009 0.12500000000000003
2 0.82413 0.23864000000000002 0.02615999999999996 0.12500000000000003
2 0.5254350000000001 0.41193 0.027610000000000023 0.13068000000000002
2 0.561045 0.41335 0.02906999999999993 0.12784
2 0.59811 0.41335 0.027619999999999978 0.12784
2 0.75654 0.44601999999999997 0.027619999999999978 0.12499999999999994
2 0.78852 0.44743999999999995 0.027619999999999978 0.12215999999999999
2 0.82195 0.44743999999999995 0.027619999999999978 0.12215999999999999
2 0.13227 0.18466 0.023260000000000003 0.13068000000000002
2 0.097383 0.18324 0.023253999999999997 0.12784
2 0.0625 0.18182 0.023256 0.125
2 0.131545 0.40483 0.024709999999999996 0.12784
2 0.097383 0.40483 0.023253999999999997 0.12784
2 0.0625 0.40341 0.026161999999999998 0.13068000000000002
2 0.167875 0.6505650000000001 0.02471000000000001 0.16476999999999997
2 0.132995 0.65341 0.02471000000000001 0.16478000000000004
2 0.0995645 0.6505650000000001 0.02471100000000001 0.16476999999999997
2 0.0639535 0.647725 0.029069000000000005 0.15908999999999995
2 0.2798 0.669035 0.02180000000000004 0.15056999999999998
2 0.31032000000000004 0.669035 0.021799999999999986 0.15056999999999998
2 0.3423 0.671875 0.02180000000000004 0.1505700000000001
2 0.37573 0.669035 0.021799999999999986 0.15056999999999998
2 0.42296500000000004 0.673295 0.020350000000000035 0.14773000000000003
2 0.45567 0.674715 0.021799999999999986 0.15056999999999998
2 0.481835 0.6761349999999999 0.015990000000000004 0.15340999999999994
2 0.017442 0.43466 0.023256 0.13068000000000002
2 0.018168450000000003 0.23010999999999998 0.0188951 0.13068
2 0.52471 0.65909 0.02615999999999996 0.16478000000000004
2 0.5625 0.660515 0.02615999999999996 0.16193000000000002
2 0.59884 0.6619349999999999 0.026160000000000072 0.16476999999999997
2 0.634445 0.663355 0.02471000000000001 0.16761000000000004
2 0.821945 0.683235 0.02471000000000001 0.15625
2 0.78852 0.6818150000000001 0.02180000000000004 0.15340999999999994
2 0.328485 0.23579499999999998 0.12791000000000002 0.13636999999999996
2 0.32631 0.44318 0.12936000000000003 0.13067999999999996
2 0.938955 0.708805 0.03778999999999999 0.15625
2 0.940405 0.48153500000000005 0.03778999999999999 0.08239000000000002
2 0.98038 0.73153 0.018900000000000028 0.12216000000000005
2 0.981105 0.53267 0.023249999999999993 0.07102000000000003
2 0.9840150000000001 0.359375 0.02034999999999998 0.07670999999999994
2 0.447675 0.234375 0.08431 0.13920999999999997
2 0.44694999999999996 0.4446 0.08576 0.1392
5 0.058866 0.25426 0.033429999999999994 0.01987999999999998
5 0.0937525 0.25568 0.03343499999999999 0.01704
5 0.130085 0.258525 0.033430000000000015 0.01705000000000001
5 0.06032 0.477275 0.03343000000000001 0.01705000000000001
5 0.095929 0.477275 0.034881999999999996 0.01705000000000001
5 0.131545 0.477275 0.03343 0.022730000000000028
5 0.063227 0.7386349999999999 0.03343 0.022730000000000028
5 0.0995645 0.741475 0.03343099999999999 0.01705000000000001
5 0.13227 0.74432 0.03488000000000001 0.017039999999999944
5 0.168605 0.741475 0.034890000000000004 0.01705000000000001
5 0.52471 0.261365 0.03488000000000002 0.01705000000000001
5 0.560315 0.264205 0.03343000000000007 0.017049999999999954
5 0.597385 0.267045 0.03488999999999998 0.017049999999999954
5 0.523255 0.485795 0.03488999999999998 0.022729999999999972
5 0.560315 0.485795 0.03343000000000007 0.022729999999999972
5 0.59593 0.485795 0.03488000000000002 0.017049999999999954
5 0.5239849999999999 0.75142 0.03342999999999996 0.01988000000000001
5 0.558865 0.75284 0.03342999999999996 0.022719999999999962
5 0.59593 0.75284 0.03488000000000002 0.022719999999999962
5 0.631545 0.75284 0.03342999999999996 0.022719999999999962
5 0.755085 0.30682 0.03343000000000007 0.01704
5 0.789975 0.30682 0.03343000000000007 0.01704
5 0.82558 0.30682 0.03488000000000002 0.01704
5 0.8234049999999999 0.517045 0.03342999999999996 0.01705000000000001
5 0.78779 0.517045 0.03488000000000002 0.01705000000000001
5 0.820495 0.7698849999999999 0.030529999999999946 0.022730000000000028
5 0.784885 0.768465 0.03196999999999994 0.02556999999999998
7 0.75727 0.23579499999999998 0.02326000000000006 0.11931
7 0.7907 0.23579499999999998 0.023259999999999947 0.11931
7 0.82413 0.23864000000000002 0.023259999999999947 0.11932000000000001
7 0.132995 0.164775 0.021809999999999996 0.08522999999999999
7 0.096658 0.163355 0.021804000000000004 0.08807
7 0.063227 0.163355 0.021802000000000002 0.08807
7 0.0181685 0.22727000000000003 0.015988999999999996 0.12500000000000003
7 0.017441949999999998 0.4375 0.0174421 0.125
7 0.27907 0.669035 0.01744000000000001 0.14489000000000007
7 0.31105 0.671875 0.01744000000000001 0.14488999999999996
7 0.34375 0.671875 0.015979999999999994 0.14488999999999996
7 0.37645 0.669035 0.01744000000000001 0.14489000000000007
7 0.42296500000000004 0.671875 0.01745000000000002 0.14488999999999996
7 0.455665 0.6761349999999999 0.015990000000000004 0.14773000000000003
7 0.483285 0.677555 0.007269999999999999 0.14488999999999996
7 0.82413 0.6832400000000001 0.01744000000000001 0.14488
7 0.789245 0.680395 0.017449999999999966 0.14488999999999996
7 0.527615 0.142045 0.026169999999999916 0.02840999999999999
7 0.56395 0.139205 0.026160000000000072 0.02840999999999999
7 0.60029 0.140625 0.02615999999999996 0.03125
7 0.52471 0.36363500000000004 0.02615999999999996 0.02840999999999999
7 0.56105 0.365055 0.026160000000000072 0.03125
7 0.597385 0.366475 0.026169999999999916 0.02840999999999999
7 0.755815 0.400565 0.026170000000000027 0.028410000000000046
7 0.789245 0.400565 0.026170000000000027 0.028410000000000046
7 0.8212200000000001 0.401985 0.026160000000000072 0.03125
7 0.52471 0.595175 0.02326000000000006 0.03125
7 0.561045 0.596595 0.023249999999999993 0.028410000000000046
7 0.59884 0.596595 0.023259999999999947 0.028410000000000046
7 0.6337200000000001 0.5994349999999999 0.023259999999999947 0.028409999999999935
7 0.0625 0.353695 0.023256 0.03125
7 0.09810949999999999 0.35511499999999996 0.021801 0.02840999999999999
7 0.13154 0.356535 0.021800000000000014 0.03125
7 0.0646805 0.580965 0.02470900000000001 0.02556999999999998
7 0.0995645 0.580965 0.02471100000000001 0.02556999999999998
7 0.13227 0.5838049999999999 0.023260000000000003 0.02556999999999998
7 0.167875 0.5838049999999999 0.02471000000000001 0.02556999999999998
11 0.32558 0.92614 0.1279 0.13068000000000002
11 0.46802499999999997 0.9304 0.13080999999999998 0.11647999999999992
11 0.6162799999999999 0.93466 0.13662000000000007 0.10795999999999994
11 0.784885 0.9375 0.16861000000000004 0.10227999999999993
11 0.18096 0.92898 0.13807999999999998 0.125
11 0.073401 0.91903 0.050871999999999994 0.12216000000000005
6 0.922235 0.34517 0.05959000000000003 0.09944000000000003
6 0.920785 0.56108 0.05669000000000002 0.11648000000000003
6 0.9186049999999999 0.81534 0.05523 0.11364000000000007
