1 0.24821479999999999 0.50146485 0.4878704 0.9970703
1 0.74536 0.5126955 0.50642 0.974609
1 0.74536 0.5126955 0.50642 0.974609
2 0.25464 0.12451000000000001 0.06990000000000002 0.06738000000000001
2 0.141225 0.12353700000000001 0.07132999999999999 0.06738600000000002
2 0.369475 0.12744 0.07133 0.06738
2 0.40157 0.266115 0.06990000000000002 0.05567
2 0.40227999999999997 0.41064500000000004 0.07417999999999997 0.07129000000000002
2 0.186875 0.279295 0.09414999999999998 0.09375000000000003
2 0.19401000000000002 0.42041 0.10841999999999999 0.10450000000000004
2 0.402995 0.552735 0.08416999999999997 0.08203000000000005
2 0.19401000000000002 0.56982 0.11412000000000003 0.10840000000000005
2 0.398715 0.71631 0.08987 0.0908199999999999
2 0.19044 0.735355 0.12126 0.12695
2 0.6198250000000001 0.14599499999999999 0.08987 0.06738999999999999
2 0.86234 0.14697 0.08987999999999996 0.06737999999999998
2 0.8673299999999999 0.28174 0.09130000000000005 0.06934000000000001
2 0.6184050000000001 0.280275 0.08987 0.07030999999999998
2 0.87518 0.424805 0.08416000000000001 0.08593
2 0.6241099999999999 0.42383 0.0841599999999999 0.08594000000000002
2 0.6291 0.574215 0.09129999999999994 0.09375
2 0.87161 0.5737300000000001 0.09129999999999994 0.09472000000000003
2 0.8651899999999999 0.7441450000000001 0.08701999999999999 0.10547000000000006
2 0.629815 0.74658 0.08417000000000008 0.10840000000000005
4 0.62054 0.10058700000000001 0.09986000000000006 0.027345999999999995
4 0.8673299999999999 0.1015605 0.09985999999999995 0.027339000000000002
4 0.62197 0.23242000000000002 0.09699999999999998 0.027340000000000003
4 0.870185 0.23584 0.09414999999999996 0.028320000000000012
4 0.875895 0.36572 0.09414999999999996 0.028320000000000012
4 0.626965 0.36572499999999997 0.09843000000000002 0.030269999999999964
4 0.6312450000000001 0.5166 0.0984299999999999 0.029299999999999993
4 0.875175 0.515625 0.09843000000000002 0.029290000000000038
4 0.868045 0.680175 0.09843000000000002 0.03027000000000002
4 0.627675 0.681155 0.09701000000000004 0.03027000000000002
6 0.75535 0.183595 0.45506 0.08985000000000001
6 0.757485 0.313965 0.45648999999999995 0.09082999999999997
6 0.760345 0.46533 0.45648999999999995 0.09081999999999996
6 0.758915 0.6196299999999999 0.45649000000000006 0.09082000000000001
6 0.75749 0.791995 0.4679 0.07617000000000007
6 0.19401000000000002 0.31348 0.1826 0.07422000000000001
6 0.1868775 0.45752 0.20542500000000002 0.09277999999999997
6 0.19115700000000002 0.61084 0.253926 0.08496000000000004
6 0.1840245 0.785155 0.268191 0.07030999999999998
7 0.400145 0.414065 0.06705 0.06054999999999999
7 0.40371 0.557615 0.08273999999999998 0.07030999999999998
7 0.396575 0.71924 0.07989000000000002 0.07519999999999993
7 0.186165 0.2793 0.08987 0.08008000000000001
7 0.6890149999999999 0.41942999999999997 0.03138999999999992 0.09668000000000004
7 0.572755 0.41698999999999997 0.032810000000000006 0.09569999999999995
7 0.928675 0.41942999999999997 0.03139000000000003 0.09668000000000004
7 0.6519250000000001 0.57422 0.042789999999999995 0.09179999999999999
7 0.6062749999999999 0.57422 0.042789999999999995 0.09179999999999999
7 0.85164 0.572265 0.039939999999999976 0.09570999999999996
7 0.678315 0.7431650000000001 0.032810000000000006 0.11133000000000004
7 0.584875 0.7431650000000001 0.019970000000000043 0.10743000000000003
7 0.89943 0.74121 0.029959999999999987 0.10938000000000003
7 0.8388 0.742675 0.04849999999999999 0.11034999999999995
8 0.36876 0.0473635 0.052779999999999994 0.014649000000000002
8 0.14336500000000002 0.0439455 0.04993 0.015625
2 0.409415 0.8657250000000001 0.07702999999999999 0.043950000000000045
9 0.2482145 0.03759755 0.47075100000000003 0.057616900000000006
9 0.24679099999999998 0.213865 0.470758 0.019529999999999992
9 0.2496425 0.335935 0.47075500000000003 0.019529999999999992
9 0.2496425 0.490235 0.47075500000000003 0.019529999999999992
9 0.24536285 0.636715 0.4707543 0.019530000000000047
9 0.2539225 0.807615 0.47075500000000003 0.019530000000000047
8 0.52211 0.1098655 0.05991999999999997 0.049809000000000006
8 0.74465 0.110352 0.10555999999999999 0.04687599999999999
8 0.967905 0.113282 0.05848999999999993 0.046876000000000015
9 0.745365 0.0634765 0.50071 0.066407
10 0.7632000000000001 0.249025 0.008560000000000012 0.05273000000000003
10 0.761055 0.1142555 0.00712999999999997 0.052729
10 0.7667649999999999 0.396485 0.00712999999999997 0.05273
10 0.768185 0.54785 0.007130000000000081 0.06053999999999993
10 0.768185 0.72217 0.007130000000000081 0.06933999999999996
10 0.7689 0.671385 0.031379999999999963 0.03027000000000002
10 0.7689 0.500485 0.031379999999999963 0.030269999999999964
10 0.768185 0.35302500000000003 0.032810000000000006 0.030269999999999964
10 0.76034 0.0717775 0.031379999999999963 0.030273000000000008
10 0.7631950000000001 0.20654499999999998 0.03138999999999992 0.03026999999999999
11 0.1947225 0.9223600000000001 0.212555 0.14746000000000004
11 0.188302 0.83789 0.32239599999999996 0.01758000000000004
11 0.643365 0.851075 0.25963 0.03808999999999996
11 0.6369450000000001 0.93506 0.20399 0.12402000000000002
11 0.51284 0.93701 0.03852 0.06347999999999998
11 0.8616250000000001 0.93701 0.10841 0.10644000000000009
11 0.773895 0.9331050000000001 0.05848999999999993 0.06542999999999999
