1 0.49951155 0.5016888 0.9951169 0.9932424000000001
2 0.106934 0.358955 0.047852000000000006 0.17736999999999997
2 0.24805 0.385135 0.03320000000000001 0.12163000000000002
2 0.33203 0.38598 0.03320000000000001 0.12331999999999999
2 0.41357 0.384295 0.03417999999999999 0.12331000000000003
2 0.49805 0.38598 0.03320000000000006 0.12331999999999999
2 0.581055 0.38766500000000004 0.03320999999999996 0.12330999999999998
2 0.663085 0.386825 0.03320999999999996 0.12162999999999996
2 0.74658 0.38598 0.03417999999999999 0.12331999999999999
2 0.8842749999999999 0.36318 0.043950000000000045 0.16891999999999996
2 0.8833 0.6005050000000001 0.04393999999999998 0.15709000000000006
2 0.74756 0.613175 0.0341800000000001 0.12163000000000002
2 0.66357 0.617395 0.03417999999999999 0.12331000000000003
2 0.58154 0.617395 0.03417999999999999 0.12331000000000003
2 0.49756 0.615705 0.034180000000000044 0.12330999999999992
2 0.41211 0.6165499999999999 0.03320000000000001 0.12161999999999995
2 0.24756 0.619085 0.03417999999999999 0.12331000000000003
2 0.108399 0.602195 0.044922000000000004 0.15709000000000006
2 0.88672 0.864865 0.04687999999999992 0.14864999999999995
2 0.748535 0.8674 0.04003000000000001 0.1402
2 0.663575 0.86571 0.03808999999999996 0.1402
2 0.57959 0.86571 0.03808 0.1402
2 0.49756 0.86571 0.03807999999999995 0.1402
2 0.24804500000000002 0.869935 0.037110000000000004 0.14189000000000007
3 0.107909 0.89358 0.043941999999999995 0.19932000000000005
4 0.24951 0.30321 0.07324 0.059120000000000006
4 0.33252000000000004 0.30321 0.07324000000000003 0.059120000000000006
4 0.41308500000000004 0.30321 0.07227 0.059120000000000006
4 0.49756 0.30152 0.07323999999999997 0.059120000000000006
4 0.5835 0.29983000000000004 0.07323999999999997 0.059120000000000006
4 0.66455 0.30321 0.07323999999999997 0.059120000000000006
4 0.748535 0.29813999999999996 0.07324999999999993 0.059120000000000006
4 0.247555 0.532095 0.07129000000000002 0.07433000000000001
4 0.413575 0.53294 0.07129000000000002 0.07263999999999998
4 0.499515 0.532095 0.07128999999999996 0.07433000000000001
4 0.58252 0.533785 0.07128000000000001 0.07432999999999995
4 0.6650400000000001 0.532095 0.07422000000000006 0.07433000000000001
4 0.74951 0.532095 0.07519999999999993 0.07433000000000001
6 0.115234 0.1199345 0.13281199999999999 0.07095099999999999
6 0.88037 0.113177 0.12988 0.077706
6 0.887205 0.6993199999999999 0.07518999999999998 0.04053999999999991
6 0.74805 0.700165 0.0625 0.04222999999999999
6 0.66602 0.700165 0.0625 0.04222999999999999
6 0.58203 0.701855 0.0625 0.04222999999999999
6 0.49902 0.70101 0.0625 0.04391999999999996
6 0.41309 0.703545 0.0625 0.04222999999999999
6 0.3291 0.701855 0.0625 0.04222999999999999
6 0.25 0.70101 0.0625 0.04391999999999996
6 0.107423 0.701855 0.07031400000000002 0.04560999999999993
8 0.8095699999999999 0.7964549999999999 0.04296 0.04898999999999998
8 0.959965 0.7956099999999999 0.042970000000000064 0.04730000000000001
8 0.02929675 0.80152 0.0429685 0.048980000000000024
8 0.182615 0.802365 0.04297000000000001 0.047290000000000054
9 0.4999997 0.20354500000000003 0.9882806000000001 0.11993000000000001
9 0.4975564 0.47128499999999995 0.9853472000000001 0.07095000000000001
9 0.50146625 0.72044 0.9873075 0.10641999999999996
10 0.050781 0.352195 0.009765999999999997 0.15371
10 0.015625 0.350505 0.009765999999999999 0.15371
10 0.16699 0.35219500000000004 0.011720000000000008 0.15709
10 0.203125 0.35219500000000004 0.011709999999999998 0.15709
10 0.05078149999999999 0.602195 0.011719 0.15709000000000006
10 0.01367175 0.598815 0.0117185 0.15708999999999995
10 0.16602 0.5971299999999999 0.011720000000000008 0.1570999999999999
10 0.2041 0.596285 0.011720000000000008 0.15879
10 0.791505 0.35219500000000004 0.010750000000000037 0.15033000000000002
10 0.82568 0.35051 0.010739999999999972 0.15034000000000003
10 0.94043 0.349665 0.011719999999999953 0.15203
10 0.97461 0.349665 0.011719999999999953 0.15203
10 0.97803 0.59544 0.010740000000000083 0.14695999999999998
10 0.94287 0.594595 0.010739999999999972 0.14527
10 0.82666 0.594595 0.010740000000000083 0.14527
10 0.79248 0.596285 0.010739999999999972 0.14527
10 0.050293000000000004 0.4375 0.014648000000000001 0.016900000000000026
10 0.01513675 0.4375 0.014648499999999998 0.016900000000000026
10 0.16699 0.43918999999999997 0.015620000000000023 0.01689999999999997
10 0.203615 0.43918999999999997 0.014649999999999996 0.01689999999999997
10 0.97656 0.43666 0.021479999999999944 0.02195999999999998
10 0.94336 0.43581499999999995 0.021479999999999944 0.023650000000000004
10 0.827635 0.43834 0.020510000000000028 0.02195999999999998
10 0.79199 0.43918500000000005 0.021480000000000055 0.023650000000000004
10 0.979005 0.693415 0.020510000000000028 0.04899000000000009
10 0.943845 0.6917249999999999 0.020509999999999917 0.04898999999999998
10 0.827635 0.6917249999999999 0.020510000000000028 0.04898999999999998
10 0.7924800000000001 0.693415 0.020500000000000074 0.04899000000000009
10 0.203615 0.69848 0.02051 0.048980000000000024
10 0.051269499999999996 0.7027 0.016600999999999998 0.04391999999999996
10 0.01611355 0.698475 0.014648900000000001 0.04222999999999999
10 0.050293 0.510135 0.018554 0.023650000000000004
10 0.0136717 0.508445 0.015624599999999999 0.023650000000000004
10 0.165525 0.5075999999999999 0.01855000000000001 0.018579999999999985
10 0.202635 0.506755 0.018549999999999983 0.020269999999999955
10 0.01562525 0.260135 0.0156255 0.02703
10 0.0507815 0.261825 0.015625 0.02702999999999997
10 0.16699 0.258445 0.015620000000000023 0.02702999999999997
10 0.203125 0.260135 0.015629999999999977 0.02703
10 0.97803 0.508445 0.01660000000000006 0.02703
10 0.94287 0.508445 0.016599999999999948 0.02703
10 0.82715 0.5067550000000001 0.015620000000000078 0.02703
10 0.79297 0.510135 0.015620000000000078 0.027029999999999943
10 0.7915 0.261825 0.016599999999999948 0.02702999999999997
10 0.82666 0.260135 0.01660000000000006 0.02703
10 0.941405 0.260135 0.01562999999999992 0.02703
10 0.975585 0.260135 0.015630000000000033 0.02703
