1 0.53913 0.49511639999999996 0.7565200000000001 0.9804672
2 0.26159 0.1626 0.062320000000000014 0.07909999999999999
2 0.33406 0.1626 0.062319999999999987 0.07909999999999999
2 0.536235 0.148925 0.05506999999999995 0.051750000000000004
2 0.8123199999999999 0.16211 0.05941999999999992 0.07811999999999998
2 0.7398549999999999 0.16211 0.062309999999999977 0.07811999999999998
2 0.591305 0.15674 0.031889999999999974 0.06737999999999998
2 0.48333499999999996 0.148435 0.033330000000000026 0.05273000000000001
2 0.246375 0.32031 0.028989999999999988 0.09179999999999999
2 0.3 0.321285 0.05508000000000002 0.09375
2 0.3529 0.32178 0.033340000000000036 0.09667999999999999
2 0.72536 0.32178 0.02754000000000001 0.09082000000000001
2 0.77609 0.32178 0.05362 0.09082000000000001
2 0.82971 0.32128999999999996 0.03043999999999991 0.08983999999999998
2 0.52174 0.29883 0.06956000000000001 0.09570000000000001
2 0.6043499999999999 0.310545 0.03188000000000002 0.10350999999999999
2 0.457975 0.309085 0.01738999999999996 0.09863
2 0.52029 0.47753999999999996 0.07246000000000002 0.062499999999999944
2 0.061594 0.16504 0.056522 0.07422000000000001
2 0.0615945 0.322265 0.062319 0.07617000000000002
2 0.0637685 0.48242 0.057971 0.07812000000000008
2 0.06376799999999999 0.6469750000000001 0.055071999999999996 0.07518999999999998
2 0.25 0.447265 0.03334000000000001 0.03321000000000002
2 0.30217499999999997 0.447265 0.05363000000000001 0.03321000000000002
2 0.3529 0.447265 0.033340000000000036 0.03125
2 0.35362499999999997 0.495605 0.028990000000000016 0.05761000000000005
2 0.30217499999999997 0.495605 0.05073 0.05761000000000005
2 0.24855 0.49414 0.030439999999999995 0.05468000000000006
2 0.455795 0.49072000000000005 0.010149999999999992 0.061520000000000075
2 0.45652000000000004 0.436525 0.008699999999999986 0.037109999999999976
2 0.52174 0.42676000000000003 0.07245999999999997 0.03319999999999995
2 0.6043499999999999 0.4375 0.03188000000000002 0.041019999999999945
2 0.6043499999999999 0.49267500000000003 0.03188000000000002 0.06347000000000003
2 0.726085 0.447265 0.031889999999999974 0.03125
2 0.77826 0.447265 0.05507999999999991 0.03125
2 0.830435 0.44629 0.031889999999999974 0.03320000000000001
2 0.726085 0.49609000000000003 0.02899000000000007 0.056640000000000024
2 0.77826 0.49609000000000003 0.05507999999999991 0.056640000000000024
2 0.82971 0.496095 0.03043999999999991 0.054690000000000016
2 0.26883999999999997 0.663085 0.05941999999999997 0.04686999999999997
2 0.33551 0.663085 0.05651999999999996 0.04686999999999997
2 0.33406 0.61328 0.05941999999999997 0.03515999999999997
2 0.26593999999999995 0.61426 0.062319999999999987 0.03320000000000001
2 0.522465 0.60205 0.07680999999999999 0.03417999999999999
2 0.45942000000000005 0.60693 0.0116 0.028320000000000012
2 0.458695 0.65625 0.010149999999999992 0.05078000000000005
2 0.600725 0.6074200000000001 0.030430000000000068 0.039059999999999984
2 0.602175 0.657225 0.030429999999999957 0.052730000000000055
2 0.81232 0.663085 0.05362 0.04686999999999997
2 0.7449250000000001 0.663085 0.05507000000000006 0.04686999999999997
2 0.814495 0.614745 0.06086999999999998 0.03222999999999998
2 0.743475 0.614745 0.0637700000000001 0.03222999999999998
2 0.457975 0.802245 0.05797000000000002 0.08691000000000004
2 0.29058 0.80078 0.056520000000000015 0.08594000000000002
2 0.62391 0.802245 0.05942000000000003 0.08691000000000004
2 0.28478000000000003 0.927245 0.09710000000000002 0.10448999999999997
2 0.45144999999999996 0.9262699999999999 0.09999999999999998 0.10253999999999996
2 0.6195649999999999 0.92676 0.10289000000000004 0.10351999999999995
3 0.8384050000000001 0.901365 0.09421000000000002 0.15039000000000002
4 0.5340550000000001 0.10888500000000001 0.19275000000000003 0.02441
4 0.0608693 0.106444 0.1159414 0.046872
4 0.06086965 0.265625 0.1188407 0.04100999999999999
4 0.06086965 0.416995 0.1188407 0.037109999999999976
5 0.0630425 0.37256 0.105795 0.02636000000000005
5 0.063041 0.540525 0.094198 0.04198999999999997
5 0.7739149999999999 0.21582 0.17101 0.03319999999999998
5 0.292755 0.21631 0.17390999999999998 0.036140000000000005
6 0.53406 0.212405 0.23043999999999998 0.08301000000000003
8 0.29638 0.581055 0.22464 0.09765000000000001
8 0.77826 0.583495 0.22898000000000007 0.10058999999999996
5 0.294925 0.52783 0.16376999999999997 0.010739999999999972
5 0.77681 0.52832 0.1594199999999999 0.009759999999999991
8 0.8231850000000001 0.790035 0.17970999999999993 0.09960999999999998
8 0.53913 0.81006 0.07826 0.06347999999999998
8 0.094927 0.81494 0.044925999999999994 0.04590000000000005
5 0.238405 0.379885 0.05363000000000001 0.03125
5 0.29855 0.38037 0.06666 0.030279999999999974
5 0.35652 0.379395 0.04927999999999999 0.03027000000000002
5 0.72174 0.38037 0.04637999999999998 0.030279999999999974
5 0.776815 0.37988 0.06377 0.029299999999999993
5 0.82899 0.38037 0.04058000000000006 0.030279999999999974
4 0.3 0.25928 0.17972 0.034180000000000016
4 0.7753650000000001 0.26122999999999996 0.17681000000000002 0.03221999999999997
8 0.536235 0.0625 0.17391 0.07031200000000001
8 0.27609 0.069824 0.22174000000000002 0.038086
8 0.80145 0.0688475 0.22317999999999993 0.040039
9 0.539855 0.73047 0.7434700000000001 0.02734000000000003
9 0.537685 0.393065 0.7391300000000001 0.043950000000000045
11 0.18841 0.80762 0.03767999999999999 0.03320000000000001
11 0.18696000000000002 0.84082 0.034780000000000005 0.02733999999999992
2 0.52464 0.65088 0.06956000000000001 0.05176000000000003
