1 0.549935 0.53711 0.88989 0.85546
2 0.197185 0.27929499999999996 0.10243000000000002 0.12108999999999998
2 0.424455 0.27832 0.10371000000000002 0.12110000000000001
2 0.702305 0.277345 0.10371000000000008 0.12109000000000003
2 0.95967 0.27441499999999996 0.06786000000000003 0.12108999999999998
2 0.18886 0.54785 0.1114 0.12889999999999996
2 0.425735 0.54883 0.11139000000000004 0.12890000000000007
2 0.96031 0.5458999999999999 0.05889999999999995 0.12889999999999996
2 0.42702 0.8349599999999999 0.12932 0.11327999999999994
2 0.70999 0.554685 0.13188 0.13281000000000004
2 0.19014 0.837405 0.10627999999999999 0.11621000000000004
2 0.96159 0.83594 0.06145999999999996 0.11328000000000005
3 0.706785 0.838865 0.23815000000000008 0.24219000000000002
4 0.19846 0.45947499999999997 0.17926000000000003 0.04199000000000003
4 0.4283 0.46045 0.18566 0.045899999999999996
4 0.70999 0.46240000000000003 0.18822000000000005 0.05175999999999997
4 0.941745 0.45703499999999997 0.10114999999999996 0.04297000000000001
5 0.19526500000000002 0.376465 0.14981000000000003 0.07518999999999998
5 0.427655 0.37548499999999996 0.14853000000000005 0.07129000000000002
5 0.706145 0.376465 0.15493 0.07518999999999998
5 0.949425 0.375 0.08835000000000004 0.08008000000000004
5 0.19077999999999998 0.647945 0.1639 0.07129000000000008
5 0.42957500000000004 0.6469750000000001 0.16260999999999998 0.07128999999999996
5 0.951985 0.645995 0.08067000000000002 0.07129000000000008
6 0.7394350000000001 0.65723 0.35723000000000005 0.14257999999999993
8 0.424455 0.7407250000000001 0.16773 0.053710000000000035
8 0.1895 0.74609 0.14083999999999997 0.056640000000000024
8 0.954545 0.7431650000000001 0.07555 0.054690000000000016
8 0.709345 0.703615 0.03329000000000004 0.036129999999999995
9 0.54994 0.16797 0.87452 0.0918
9 0.5505800000000001 0.691405 0.8758 0.029289999999999927
9 0.5525 0.9296850000000001 0.8770800000000001 0.06640999999999997
10 0.579385 0.8530249999999999 0.029449999999999976 0.11621000000000004
10 0.8425050000000001 0.854495 0.030730000000000035 0.11522999999999994
10 0.8431500000000001 0.936525 0.03714000000000006 0.04883000000000004
10 0.579385 0.936035 0.03456999999999999 0.04785000000000006
10 0.581305 0.78662 0.038409999999999944 0.016599999999999948
10 0.8425100000000001 0.7876000000000001 0.03842000000000001 0.01660000000000006
