1 0.5208645000000001 0.5122055 0.952311 0.973629
4 0.88003 0.611325 0.14456000000000002 0.04882999999999993
4 0.706405 0.6123050000000001 0.14306999999999992 0.05079
4 0.50596 0.611815 0.14455999999999997 0.04980999999999991
4 0.30998499999999996 0.61084 0.14009 0.0478599999999999
4 0.13412649999999998 0.609865 0.140087 0.04980999999999991
4 0.88152 0.427245 0.14456000000000002 0.04981000000000002
4 0.7093849999999999 0.429685 0.13710999999999995 0.05273
4 0.50596 0.42871000000000004 0.1386 0.05077999999999999
4 0.30849499999999996 0.427245 0.14306999999999997 0.047850000000000004
2 0.8755599999999999 0.686035 0.07003999999999999 0.09863
4 0.135617 0.42871000000000004 0.134126 0.05077999999999999
2 0.703425 0.6875 0.06855 0.09766000000000008
2 0.505215 0.686525 0.06855 0.0976499999999999
2 0.30924 0.686035 0.07003999999999999 0.09473000000000009
2 0.137855 0.6870099999999999 0.07005 0.09667999999999999
2 0.1333855 0.14941 0.06706900000000002 0.06836
2 0.30774999999999997 0.15039 0.07004000000000005 0.06836000000000002
2 0.8777950000000001 0.15088 0.06855 0.06934
2 0.13711 0.327635 0.07154 0.08887
2 0.30923999999999996 0.327635 0.07302000000000003 0.08887
2 0.50745 0.327635 0.07301999999999997 0.08887
2 0.705665 0.32959000000000005 0.07302999999999993 0.08886
2 0.8777950000000001 0.32861 0.06855 0.09082000000000001
2 0.137855 0.50439 0.07005 0.09668000000000004
2 0.308495 0.50439 0.06855 0.09668000000000004
2 0.505215 0.50537 0.06855 0.09864
2 0.70492 0.50537 0.06855999999999995 0.09864
2 0.8740699999999999 0.50537 0.07003999999999999 0.09864
2 0.505215 0.15039 0.07153000000000004 0.0664
2 0.704175 0.15137 0.07302999999999993 0.06835999999999999
5 0.135617 0.565915 0.137106 0.03223000000000009
5 0.311475 0.566895 0.13710999999999998 0.03222999999999998
5 0.506705 0.566895 0.13711 0.03222999999999998
5 0.879285 0.56738 0.13711000000000007 0.03320000000000001
5 0.7093849999999999 0.5678700000000001 0.13710999999999995 0.032220000000000026
6 0.137853 0.75586 0.120714 0.041020000000000056
6 0.30923999999999996 0.756835 0.12072 0.04100999999999999
6 0.50596 0.75781 0.12072000000000005 0.041020000000000056
6 0.70641 0.757325 0.11921999999999999 0.04198999999999997
6 0.87407 0.757325 0.12071999999999994 0.04198999999999997
8 0.40908999999999995 0.28613 0.11774000000000001 0.04102
8 0.22354999999999997 0.28418 0.09537999999999999 0.04296
8 0.79285 0.28418 0.09537999999999991 0.04296
8 0.607305 0.285155 0.11773 0.04100999999999999
8 0.92623 0.27490000000000003 0.07600000000000007 0.016600000000000004
8 0.0916555 0.273925 0.076009 0.016609999999999958
8 0.02086415 0.28223 0.0387477 0.044920000000000015
9 0.523845 0.046875 0.94933 0.042968000000000006
9 0.52012 0.22411999999999999 0.94784 0.09081999999999998
9 0.5260805 0.31592 0.944859 0.016600000000000004
9 0.5223555 0.38378999999999996 0.943369 0.027339999999999975
9 0.5238455 0.76563 0.943369 0.0625
11 0.2160955 0.8276349999999999 0.324889 0.05957000000000001
11 0.6617 0.82764 0.5633400000000001 0.057620000000000005
11 0.44188000000000005 0.911625 0.12072 0.10448999999999997
11 0.34426500000000004 0.91846 0.06258999999999998 0.11815999999999993
3 0.255585 0.92578 0.10580999999999999 0.13476
11 0.12444050000000001 0.9174800000000001 0.144559 0.11815999999999993
11 0.7347250000000001 0.910645 0.13710999999999995 0.10253000000000001
11 0.857675 0.92725 0.10282999999999998 0.13573999999999997
11 0.94262 0.912595 0.05811999999999995 0.10449000000000008
3 0.5462 0.93994 0.05513999999999997 0.09864000000000006
11 0.582715 0.873535 0.15796999999999994 0.030269999999999908
11 0.6192249999999999 0.940915 0.08494999999999997 0.10059000000000007
