1 0.48598 0.536585 0.90654 0.76017
2 0.0739875 0.52134 0.023364999999999997 0.07114000000000004
2 0.127725 0.52439 0.024930000000000008 0.06504000000000004
2 0.19782 0.52439 0.024919999999999998 0.060980000000000034
2 0.24298999999999998 0.52439 0.021800000000000014 0.060980000000000034
2 0.29673000000000005 0.52439 0.023359999999999992 0.060980000000000034
2 0.34346 0.52642 0.023359999999999992 0.060980000000000034
2 0.39642 0.528455 0.023359999999999992 0.06096999999999997
2 0.44548 0.527435 0.024919999999999998 0.06301000000000001
2 0.49844 0.528455 0.024919999999999998 0.06096999999999997
2 0.5459499999999999 0.53049 0.023359999999999936 0.060980000000000034
2 0.6004700000000001 0.53252 0.023359999999999936 0.060980000000000034
2 0.64564 0.53252 0.023360000000000047 0.060980000000000034
2 0.7009350000000001 0.53049 0.024930000000000008 0.060980000000000034
2 0.75 0.534555 0.023360000000000047 0.06096999999999997
2 0.0708725 0.377035 0.020248999999999996 0.05081000000000002
2 0.102025 0.377035 0.020250000000000004 0.05081000000000002
2 0.13317500000000002 0.377035 0.020250000000000004 0.05081000000000002
2 0.20016 0.397355 0.014020000000000005 0.01423000000000002
2 0.24220999999999998 0.397355 0.014020000000000005 0.01423000000000002
2 0.29673 0.39837 0.014020000000000032 0.016259999999999997
2 0.34034 0.39939 0.014019999999999977 0.014219999999999955
2 0.39642 0.40041000000000004 0.014020000000000032 0.016259999999999997
2 0.44003000000000003 0.40041000000000004 0.014019999999999977 0.016259999999999997
2 0.49533 0.40142500000000003 0.012460000000000027 0.01423000000000002
2 0.53972 0.40244 0.014020000000000032 0.016259999999999997
2 0.59424 0.403455 0.014019999999999921 0.014229999999999965
2 0.63941 0.40244 0.014020000000000032 0.016259999999999997
2 0.69548 0.403455 0.014019999999999921 0.014229999999999965
2 0.7391000000000001 0.403455 0.014020000000000032 0.014229999999999965
2 0.098911 0.63618 0.042058 0.09755999999999998
2 0.21963 0.6311 0.04050000000000001 0.08739999999999992
2 0.319315 0.6361749999999999 0.04048999999999997 0.08943000000000001
2 0.42056 0.638215 0.04049999999999998 0.08943000000000001
2 0.5225850000000001 0.638215 0.04205000000000003 0.08943000000000001
2 0.62461 0.6422749999999999 0.04049999999999998 0.08943000000000001
7 0.1986 0.50508 0.01713999999999999 0.018299999999999983
7 0.243765 0.512195 0.020250000000000018 0.03253000000000006
7 0.296725 0.50508 0.02024999999999999 0.018299999999999983
7 0.343455 0.5061 0.02024999999999999 0.01625999999999994
7 0.445485 0.521345 0.021809999999999996 0.04674999999999996
7 0.396415 0.5203249999999999 0.02024999999999999 0.040649999999999964
7 0.49766499999999997 0.51423 0.02024999999999999 0.02846000000000004
7 0.545175 0.52033 0.018689999999999984 0.03251999999999999
7 0.600465 0.529475 0.02024999999999999 0.05081000000000002
7 0.645635 0.53049 0.02024999999999999 0.05284
7 0.7017150000000001 0.530485 0.02024999999999999 0.056910000000000016
8 0.85748 0.31809 0.06386000000000003 0.08739999999999998
4 0.86059 0.45122 0.09189999999999998 0.04471999999999998
2 0.87617 0.525405 0.023360000000000047 0.07521
2 0.8457950000000001 0.525405 0.021809999999999996 0.07521
9 0.41432800000000003 0.44511999999999996 0.757004 0.0691
9 0.484423 0.56301 0.8971939999999999 0.02845999999999993
10 0.27103 0.596545 0.015580000000000038 0.16869
10 0.47196000000000005 0.596545 0.015579999999999983 0.16869
10 0.57321 0.59451 0.015579999999999927 0.16870000000000007
10 0.67601 0.59858 0.015579999999999927 0.16870000000000007
10 0.371495 0.596545 0.017130000000000034 0.16869
10 0.271025 0.495935 0.018689999999999984 0.03253
10 0.47274499999999997 0.49695500000000004 0.020250000000000046 0.03048999999999996
10 0.57243 0.495935 0.020240000000000036 0.03253
10 0.675235 0.49797 0.02024999999999999 0.03251999999999994
10 0.371495 0.49695500000000004 0.02024999999999999 0.03048999999999996
