1 0.4907545 0.4965988 0.937811 0.9886623999999999
2 0.316805 0.219955 0.06555 0.13151000000000002
2 0.32604999999999995 0.4898 0.07732 0.14965999999999996
2 0.327735 0.7517 0.07730999999999999 0.15191999999999994
2 0.8075650000000001 0.74263 0.07899 0.15192000000000005
2 0.805885 0.486395 0.07899 0.15192999999999995
2 0.7958000000000001 0.21542 0.06554000000000004 0.13152
2 0.568065 0.24716500000000002 0.07059000000000004 0.17687
2 0.568905 0.5102 0.07563000000000009 0.18594
2 0.570585 0.7823100000000001 0.07227000000000006 0.20861999999999992
2 0.0739495 0.22788999999999998 0.050421 0.16554
2 0.073109 0.49433000000000005 0.04874 0.1678
2 0.0689075 0.7619 0.050420999999999994 0.16779999999999995
5 0.32184500000000005 0.5759650000000001 0.11932999999999999 0.031750000000000056
5 0.807565 0.56916 0.11932999999999994 0.0317400000000001
5 0.32269000000000003 0.86168 0.11764000000000002 0.07709999999999995
5 0.808405 0.849205 0.11764999999999992 0.07936999999999994
5 0.0672255 0.5850299999999999 0.077309 0.054420000000000024
5 0.068066 0.8662099999999999 0.075628 0.07256000000000007
5 0.0705865 0.31972500000000004 0.077307 0.06348999999999999
6 0.562185 0.312925 0.22353000000000006 0.13151000000000002
6 0.5680700000000001 0.588435 0.24874000000000007 0.15193
6 0.569745 0.8458049999999999 0.08066999999999991 0.08616999999999997
7 0.262185 0.48866 0.04369000000000001 0.16099999999999998
7 0.384875 0.486395 0.04369000000000001 0.16099000000000002
7 0.8647050000000001 0.48185999999999996 0.04200999999999999 0.15646
7 0.7437 0.48299499999999995 0.042019999999999946 0.15872999999999998
7 0.263025 0.75397 0.04537000000000002 0.16100000000000003
7 0.389075 0.7517 0.04537000000000002 0.16100000000000003
7 0.74538 0.7449 0.045379999999999976 0.16100000000000003
7 0.86723 0.741495 0.04705999999999999 0.16327000000000003
7 0.6310899999999999 0.77891 0.04202000000000006 0.21995999999999993
7 0.50504 0.78118 0.04202 0.21995999999999993
7 0.63025 0.503405 0.04369999999999996 0.19501000000000007
7 0.5067200000000001 0.5068 0.04202000000000006 0.19273999999999997
6 0.461345 0.03741505 0.37478999999999996 0.0657599
9 0.5378149999999999 0.33899999999999997 0.82017 0.07936000000000004
9 0.55294 0.8979600000000001 0.8 0.054420000000000024
