1 0.4589825 0.5019745 0.830075 0.806711
2 0.27295 0.6469400000000001 0.03028000000000003 0.11834
2 0.34619 0.6479250000000001 0.030279999999999974 0.11636999999999997
2 0.419435 0.6479250000000001 0.03027000000000002 0.11636999999999997
2 0.49316499999999996 0.6479250000000001 0.029289999999999983 0.11636999999999997
2 0.565915 0.6469400000000001 0.030269999999999908 0.11834
2 0.63965 0.648915 0.029299999999999993 0.11834999999999996
2 0.711425 0.6479250000000001 0.03027000000000002 0.11636999999999997
2 0.812985 0.6469400000000001 0.03027000000000002 0.11834
2 0.81104 0.47731500000000004 0.028320000000000012 0.09073000000000003
2 0.711915 0.47929 0.027349999999999985 0.09071999999999997
2 0.6386700000000001 0.47929 0.02734000000000003 0.09071999999999997
2 0.56543 0.478305 0.02733999999999992 0.08875000000000005
2 0.49219 0.47929 0.027339999999999975 0.09071999999999997
2 0.41942999999999997 0.47829999999999995 0.028319999999999956 0.09269999999999995
2 0.34668 0.47929 0.02734000000000003 0.09071999999999997
2 0.271485 0.47929 0.02735000000000004 0.09071999999999997
2 0.1416 0.6479250000000001 0.03320000000000001 0.11636999999999997
2 0.140135 0.47929 0.03026999999999999 0.09071999999999997
2 0.128905 0.27416 0.031249999999999986 0.08284000000000002
2 0.81055 0.28008 0.02733999999999992 0.07889999999999997
2 0.811525 0.15089 0.01562999999999992 0.03748000000000001
2 0.7348600000000001 0.192305 0.01660000000000006 0.033530000000000004
2 0.66699 0.190335 0.015619999999999967 0.033530000000000004
2 0.52783 0.190335 0.016599999999999948 0.033530000000000004
2 0.45947000000000005 0.190335 0.016600000000000004 0.033530000000000004
2 0.39014000000000004 0.190335 0.016600000000000004 0.033530000000000004
2 0.325195 0.190335 0.015629999999999977 0.033530000000000004
2 0.315915 0.29486999999999997 0.026370000000000005 0.05326000000000003
2 0.25244 0.30276000000000003 0.028320000000000012 0.03748000000000001
2 0.66455 0.29783 0.024419999999999997 0.05127999999999999
2 0.733885 0.29783 0.024410000000000043 0.05127999999999999
2 0.5942400000000001 0.296845 0.024419999999999997 0.053249999999999964
2 0.490235 0.841225 0.029289999999999983 0.11637000000000008
2 0.56494 0.8392550000000001 0.0283199999999999 0.11636999999999997
2 0.41748 0.8392550000000001 0.028320000000000012 0.11636999999999997
2 0.34277 0.8392550000000001 0.029299999999999993 0.11636999999999997
2 0.26953 0.841225 0.029299999999999993 0.11637000000000008
2 0.11865 0.841225 0.028320000000000012 0.11637000000000008
2 0.59717 0.190335 0.016599999999999948 0.033530000000000004
5 0.137695 0.552265 0.04883 0.059169999999999945
5 0.135745 0.72288 0.04883 0.04142000000000001
5 0.26953499999999997 0.7209099999999999 0.048829999999999985 0.0414199999999999
5 0.34375 0.7209099999999999 0.048819999999999975 0.0414199999999999
5 0.416995 0.7209099999999999 0.04883000000000004 0.0414199999999999
5 0.49121 0.7209099999999999 0.048819999999999975 0.0414199999999999
5 0.5644549999999999 0.71893 0.04883000000000004 0.04142000000000001
5 0.637695 0.7209099999999999 0.04882999999999993 0.0414199999999999
5 0.711425 0.7209099999999999 0.04981000000000002 0.0414199999999999
5 0.8105450000000001 0.71893 0.04883000000000004 0.04142000000000001
4 0.8125 0.5581849999999999 0.0625 0.059170000000000056
5 0.273435 0.552265 0.04883000000000001 0.059169999999999945
5 0.344725 0.550295 0.04883000000000004 0.059169999999999945
5 0.41747999999999996 0.550295 0.04980000000000001 0.059169999999999945
5 0.49121 0.552265 0.048819999999999975 0.059169999999999945
5 0.56592 0.550295 0.049800000000000066 0.059169999999999945
5 0.638185 0.552265 0.04980999999999991 0.059169999999999945
5 0.710935 0.552265 0.04882999999999993 0.059169999999999945
5 0.81055 0.5374749999999999 0.04492000000000007 0.03747
6 0.49169999999999997 0.33530499999999996 0.51856 0.043389999999999984
7 0.49463 0.63314 0.026359999999999995 0.08284000000000002
7 0.73535 0.29487 0.021480000000000055 0.04142000000000001
8 0.21973 0.28008 0.029299999999999993 0.06311999999999998
8 0.45996000000000004 0.29093 0.02343999999999996 0.06114000000000003
8 0.53223 0.289945 0.023440000000000016 0.05917
8 0.60547 0.2929 0.023440000000000016 0.06113999999999997
8 0.38573999999999997 0.289945 0.02343999999999996 0.05917
8 0.0620115 0.282055 0.026366999999999995 0.059169999999999945
8 0.19922 0.5621349999999999 0.015619999999999995 0.25640999999999997
8 0.0625 0.561145 0.015623999999999999 0.25443
8 0.12793 0.21992 0.03906000000000001 0.025639999999999996
8 0.315915 0.26331 0.03222999999999998 0.025639999999999996
8 0.38672 0.2643 0.03320000000000001 0.027620000000000033
8 0.456545 0.262325 0.030269999999999964 0.027609999999999996
8 0.52539 0.260355 0.03320000000000001 0.027610000000000023
8 0.593265 0.26134 0.026370000000000005 0.029579999999999995
8 0.6640600000000001 0.262325 0.029299999999999993 0.027609999999999996
8 0.731935 0.26134 0.03027000000000002 0.025640000000000024
8 0.81006 0.22781 0.030280000000000085 0.025640000000000024
8 0.8564449999999999 0.28304 0.007809999999999984 0.0927
8 0.763185 0.283035 0.006830000000000003 0.09664999999999999
8 0.856445 0.5621349999999999 0.015630000000000033 0.25640999999999997
8 0.76416 0.56312 0.014640000000000097 0.25838
8 0.193355 0.27712000000000003 0.025390000000000024 0.07692000000000002
8 0.14697500000000002 0.151875 0.03223000000000001 0.059170000000000014
9 0.459471 0.387575 0.823238 0.08875
9 0.506835 0.23274499999999998 0.49023 0.04339000000000001
9 0.4580075 0.750495 0.822265 0.049309999999999965
10 0.16846 0.57199 0.016600000000000004 0.25245999999999996
10 0.0869145 0.571005 0.015625 0.25049000000000005
10 0.168455 0.717945 0.024409999999999987 0.039450000000000096
10 0.087891 0.71992 0.029298000000000005 0.04733999999999994
10 0.086428 0.430965 0.028324000000000002 0.029590000000000005
10 0.16846 0.431955 0.028320000000000012 0.027609999999999968
10 0.16650500000000001 0.284025 0.01075000000000001 0.09073
10 0.083496 0.28501 0.010742000000000002 0.09269999999999998
10 0.166015 0.33925 0.013670000000000015 0.015780000000000016
10 0.083008 0.33728 0.01367199999999999 0.01577999999999996
10 0.083496 0.22978500000000002 0.014647999999999994 0.017750000000000016
10 0.165525 0.22978500000000002 0.014649999999999996 0.017750000000000016
11 0.487305 0.39349 0.058589999999999975 0.029579999999999995
