1 0.40527500000000005 0.49192 0.59375 0.68336
2 0.17773499999999998 0.339255 0.025389999999999996 0.06139
2 0.22900500000000001 0.340065 0.024410000000000015 0.06301000000000001
2 0.28076 0.340065 0.024419999999999997 0.06301000000000001
2 0.33203499999999997 0.34087500000000004 0.025389999999999968 0.06139
2 0.3833 0.340065 0.024419999999999997 0.06301000000000001
2 0.434085 0.34087500000000004 0.024410000000000043 0.06139
2 0.487795 0.339255 0.024409999999999987 0.06139
2 0.538085 0.34087500000000004 0.025390000000000024 0.06139
2 0.5908199999999999 0.34087500000000004 0.025399999999999978 0.06139
2 0.643065 0.34248500000000004 0.024410000000000043 0.06139
2 0.178225 0.613085 0.024409999999999987 0.07268999999999992
2 0.22998 0.613085 0.024419999999999997 0.07268999999999992
2 0.28125 0.61389 0.023440000000000016 0.07107999999999992
2 0.331545 0.6147 0.024409999999999987 0.07269999999999999
2 0.48535 0.61632 0.023440000000000016 0.07269999999999999
2 0.538085 0.6171249999999999 0.025390000000000024 0.07108999999999999
2 0.38427500000000003 0.6147 0.024409999999999987 0.07269999999999999
2 0.43506 0.6147 0.024419999999999997 0.07269999999999999
2 0.59033 0.6171249999999999 0.024419999999999997 0.07108999999999999
2 0.64209 0.6171249999999999 0.024419999999999997 0.07108999999999999
2 0.22900500000000001 0.47253500000000004 0.024410000000000015 0.08239000000000002
2 0.28076 0.474155 0.024419999999999997 0.08238999999999996
2 0.17724499999999999 0.473345 0.024410000000000015 0.08077000000000001
2 0.33252 0.474155 0.024419999999999997 0.08238999999999996
2 0.3833 0.474155 0.024419999999999997 0.08238999999999996
2 0.43506 0.474155 0.024419999999999997 0.08238999999999996
2 0.486815 0.474155 0.024410000000000043 0.08238999999999996
2 0.5371049999999999 0.47496 0.025389999999999913 0.08077999999999996
2 0.589845 0.473345 0.025389999999999913 0.08077000000000001
2 0.64209 0.47496 0.024419999999999997 0.08077999999999996
2 0.17871 0.753635 0.04102 0.08884999999999998
2 0.22949 0.75444 0.04102 0.08723999999999998
2 0.28076 0.75444 0.040039999999999965 0.08723999999999998
2 0.33252000000000004 0.75444 0.04004000000000002 0.08723999999999998
2 0.48682 0.75606 0.040039999999999965 0.08723999999999998
2 0.53955 0.75606 0.03808 0.08723999999999998
2 0.5908199999999999 0.75767 0.039059999999999984 0.08723999999999998
2 0.64209 0.75767 0.03808 0.08723999999999998
2 0.6757850000000001 0.474155 0.01366999999999996 0.08238999999999996
2 0.6757850000000001 0.33764 0.01366999999999996 0.06462000000000001
2 0.12744 0.202745 0.026359999999999995 0.06622999999999998
2 0.156735 0.202745 0.026369999999999977 0.06622999999999998
2 0.18506 0.20435999999999999 0.026359999999999995 0.06624
2 0.214355 0.20435999999999999 0.026370000000000005 0.06624
2 0.243655 0.202745 0.026370000000000005 0.06622999999999998
2 0.271975 0.202745 0.026370000000000005 0.06622999999999998
2 0.30127000000000004 0.202745 0.026359999999999995 0.06622999999999998
2 0.329105 0.202745 0.025389999999999968 0.06622999999999998
2 0.356935 0.202745 0.026370000000000005 0.06622999999999998
2 0.385255 0.202745 0.026370000000000005 0.06622999999999998
2 0.41308500000000004 0.20435999999999999 0.025389999999999968 0.06624
2 0.441405 0.20435999999999999 0.025390000000000024 0.06624
2 0.469725 0.202745 0.025390000000000024 0.06622999999999998
2 0.49804499999999996 0.202745 0.025389999999999968 0.06622999999999998
2 0.526365 0.20435999999999999 0.025390000000000024 0.06624
2 0.554685 0.202745 0.025390000000000024 0.06622999999999998
2 0.583005 0.20435999999999999 0.025390000000000024 0.06624
2 0.611815 0.202745 0.026370000000000005 0.06622999999999998
2 0.640135 0.202745 0.026370000000000005 0.06622999999999998
2 0.6674800000000001 0.20435999999999999 0.02636000000000005 0.06624
2 0.691895 0.20435999999999999 0.016610000000000014 0.06624
2 0.07421849999999999 0.52908 0.033202999999999996 0.059779999999999944
2 0.0253907 0.52827 0.039062599999999996 0.06461999999999996
3 0.40918 0.7706 0.04102 0.12278
5 0.17822 0.53393 0.04003999999999999 0.04361999999999999
5 0.22998000000000002 0.534735 0.04003999999999999 0.04847000000000001
5 0.279785 0.534735 0.03808999999999996 0.04522999999999999
5 0.54199 0.53635 0.03515999999999997 0.04200000000000004
5 0.5908199999999999 0.53716 0.039059999999999984 0.04361999999999999
5 0.6425799999999999 0.537965 0.039059999999999984 0.04522999999999999
5 0.675785 0.53635 0.025390000000000024 0.04845999999999995
5 0.17725000000000002 0.65428 0.034180000000000016 0.016159999999999952
5 0.22998000000000002 0.65347 0.03028 0.014539999999999997
5 0.28076 0.65509 0.030279999999999974 0.014539999999999997
5 0.333005 0.6558949999999999 0.03125 0.012929999999999997
5 0.487305 0.6567 0.03125 0.014539999999999997
5 0.539065 0.6558949999999999 0.03125 0.012929999999999997
5 0.591795 0.6567 0.03125 0.014539999999999997
5 0.643555 0.65832 0.03125 0.014539999999999997
6 0.333495 0.534735 0.036129999999999995 0.04522999999999999
6 0.410155 0.53635 0.08789000000000002 0.04200000000000004
6 0.487795 0.537965 0.036129999999999995 0.03876999999999997
6 0.04687478 0.458805 0.09179643999999999 0.035550000000000026
7 0.12744 0.19628 0.024419999999999997 0.050079999999999986
7 0.15625 0.195475 0.025399999999999978 0.051689999999999986
7 0.272465 0.192245 0.025390000000000024 0.04200999999999999
7 0.24365499999999998 0.202745 0.024409999999999987 0.06301000000000001
7 0.30078499999999997 0.202745 0.025389999999999968 0.06301000000000001
7 0.329105 0.202745 0.025389999999999968 0.06301000000000001
7 0.356935 0.202745 0.024410000000000043 0.06301000000000001
7 0.177735 0.452345 0.023430000000000006 0.03876999999999997
7 0.28076 0.448305 0.024419999999999997 0.030689999999999995
7 0.33203 0.448305 0.023440000000000016 0.027469999999999994
7 0.38378999999999996 0.45799500000000004 0.02343999999999996 0.04685
7 0.43457 0.45233999999999996 0.023440000000000016 0.03553999999999996
7 0.38378999999999996 0.31664000000000003 0.02343999999999996 0.012919999999999987
7 0.487305 0.33845000000000003 0.023430000000000006 0.05978
7 0.59033 0.32633500000000004 0.022460000000000035 0.032310000000000005
7 0.6425799999999999 0.34168 0.023440000000000016 0.05978
7 0.67578 0.32876 0.011720000000000064 0.04361999999999999
7 0.5898399999999999 0.591275 0.023440000000000016 0.01939000000000002
7 0.48584 0.587235 0.024419999999999997 0.011310000000000042
7 0.43457 0.5880449999999999 0.023440000000000016 0.016149999999999998
7 0.38427500000000003 0.5856250000000001 0.024409999999999987 0.011310000000000042
7 0.33252000000000004 0.58724 0.02245999999999998 0.014539999999999997
7 0.28076 0.58643 0.022460000000000035 0.012920000000000043
7 0.22949 0.584005 0.023440000000000016 0.011309999999999931
3 0.84473 0.645395 0.07421999999999995 0.41841
8 0.33203 0.40226 0.02734000000000003 0.035540000000000016
8 0.40918 0.407105 0.08007999999999998 0.10338999999999998
8 0.487795 0.411955 0.030269999999999964 0.051690000000000014
8 0.731935 0.61066 0.04784999999999995 0.21001999999999998
8 0.41162 0.6147 0.09082000000000001 0.08885999999999994
8 0.41113 0.6987099999999999 0.011720000000000008 0.02100000000000002
8 0.461425 0.7334400000000001 0.010749999999999982 0.022619999999999973
8 0.359375 0.73344 0.011709999999999998 0.019379999999999953
8 0.124025 0.6647799999999999 0.029289999999999983 0.059780000000000055
8 0.17822 0.7003250000000001 0.01074 0.017769999999999953
8 0.22998000000000002 0.70113 0.01074 0.016159999999999952
8 0.28222499999999995 0.70113 0.009770000000000001 0.016159999999999952
8 0.333005 0.70194 0.009770000000000001 0.014539999999999997
8 0.48828 0.70436 0.009759999999999991 0.016159999999999952
8 0.54004 0.70436 0.009759999999999991 0.016159999999999952
8 0.5917950000000001 0.705165 0.009769999999999945 0.017769999999999953
8 0.64307 0.70436 0.010739999999999972 0.016159999999999952
8 0.670895 0.7366699999999999 0.013670000000000071 0.022619999999999973
8 0.41015500000000005 0.32794999999999996 0.013670000000000015 0.04524
8 0.14697 0.397415 0.012700000000000017 0.04200999999999999
8 0.17822 0.42488000000000004 0.016600000000000004 0.016160000000000008
8 0.22998 0.42488000000000004 0.016600000000000004 0.016160000000000008
8 0.28076 0.426495 0.016600000000000004 0.016149999999999998
8 0.17822 0.303715 0.016600000000000004 0.016149999999999998
8 0.22949 0.303715 0.017579999999999985 0.016149999999999998
8 0.28174 0.30210000000000004 0.016600000000000004 0.016160000000000008
8 0.33301000000000003 0.30210000000000004 0.029300000000000048 0.016160000000000008
8 0.38427500000000003 0.301295 0.030269999999999964 0.017770000000000008
8 0.43555 0.30210000000000004 0.029299999999999993 0.016160000000000008
8 0.487795 0.30210000000000004 0.030269999999999964 0.016160000000000008
8 0.538575 0.301295 0.018549999999999955 0.017770000000000008
8 0.5908199999999999 0.302905 0.019540000000000002 0.017770000000000008
8 0.644535 0.303715 0.019530000000000047 0.016149999999999998
8 0.540035 0.425685 0.019529999999999936 0.017770000000000008
8 0.5917950000000001 0.426495 0.019529999999999936 0.016149999999999998
8 0.643555 0.426495 0.019530000000000047 0.016149999999999998
8 0.081543 0.6316649999999999 0.028319999999999998 0.061389999999999945
8 0.0888695 0.7294 0.035161 0.09531999999999996
8 0.963865 0.520195 0.04686999999999997 0.29724999999999996
8 0.6762699999999999 0.40307000000000004 0.01660000000000006 0.037160000000000026
9 0.40869 0.275445 0.5849599999999999 0.05976999999999999
9 0.40625 0.537965 0.5839799999999999 0.07755000000000001
10 0.0507815 0.5274650000000001 0.007813 0.05976999999999999
10 0.131835 0.399035 0.01562999999999999 0.21970999999999996
10 0.30664 0.415995 0.015620000000000023 0.18255
10 0.35791 0.41761 0.014639999999999986 0.18255999999999994
10 0.461425 0.41761 0.014649999999999996 0.18255999999999994
10 0.51416 0.416805 0.014640000000000097 0.18416999999999994
10 0.131835 0.5306949999999999 0.01756999999999999 0.04039000000000004
10 0.30713 0.5306949999999999 0.01856000000000002 0.04684999999999995
10 0.3584 0.532315 0.01758000000000004 0.04685000000000006
10 0.46191000000000004 0.533925 0.017579999999999985 0.04685000000000006
10 0.515135 0.532315 0.018550000000000066 0.04685000000000006
10 0.9018550000000001 0.79483 0.053710000000000035 0.15832000000000002
10 0.76953 0.79079 0.039059999999999984 0.13085999999999998
10 0.76953 0.58966 0.023440000000000016 0.27140000000000003
10 0.904295 0.545235 0.03125 0.34087
10 0.050781 0.57189 0.009765999999999997 0.029079999999999995
10 0.050781 0.487885 0.009765999999999997 0.01939000000000002
10 0.132325 0.26979 0.024409999999999987 0.03877999999999998
10 0.30713 0.30937000000000003 0.01856000000000002 0.030700000000000005
10 0.358395 0.310175 0.019529999999999992 0.032310000000000005
10 0.46191499999999996 0.310175 0.019529999999999992 0.032310000000000005
10 0.51416 0.30937000000000003 0.01856000000000002 0.030700000000000005
10 0.904785 0.360255 0.03809000000000007 0.025849999999999984
10 0.76953 0.440225 0.039059999999999984 0.02423000000000003
2 0.00537105 0.268175 0.0029297 0.016149999999999998
2 0.0014648299999999999 0.26979 0.0009765399999999999 0.016160000000000008
