2 0.6275999999999999 0.7612300000000001 0.04948000000000008 0.03808
1 0.596355 0.495119 0.8072900000000001 0.955082
2 0.354165 0.63379 0.06511 0.12304000000000004
2 0.352865 0.793455 0.09634999999999999 0.10448999999999997
2 0.35091 0.932615 0.07942000000000005 0.07813000000000003
3 0.627605 0.884765 0.08855000000000002 0.14649
2 0.813805 0.93848 0.06770999999999994 0.0625
2 0.8125 0.793455 0.05729999999999991 0.10448999999999997
2 0.8099 0.61572 0.0625 0.09082000000000001
2 0.62565 0.6147499999999999 0.06120000000000003 0.09082000000000001
2 0.624345 0.28125 0.055989999999999984 0.08204
2 0.80599 0.281735 0.05468000000000006 0.08301000000000003
2 0.807945 0.44677500000000003 0.055989999999999984 0.08690999999999999
2 0.624345 0.44677500000000003 0.055989999999999984 0.08690999999999999
2 0.354815 0.464355 0.06901000000000002 0.12793
2 0.35546500000000003 0.27832 0.05468999999999996 0.08397999999999997
2 0.354165 0.1103495 0.054690000000000016 0.083981
2 0.623695 0.11230599999999999 0.054689999999999905 0.083988
2 0.80599 0.1132795 0.05468000000000006 0.08398099999999999
2 0.073566 0.0551755 0.09504800000000001 0.08496100000000001
2 0.072916 0.21582 0.093748 0.09570000000000001
4 0.35417 0.222655 0.08594000000000002 0.03514999999999999
4 0.622395 0.2251 0.08592999999999995 0.03417999999999999
4 0.809895 0.22411999999999999 0.08592999999999995 0.034180000000000016
4 0.353515 0.381835 0.12108999999999998 0.027349999999999985
4 0.626305 0.384275 0.1041700000000001 0.026370000000000005
4 0.809245 0.384765 0.10546999999999995 0.025389999999999968
4 0.0794252 0.140135 0.1458296 0.04785000000000002
5 0.35026 0.32616999999999996 0.08334000000000003 0.017579999999999985
5 0.621095 0.3291 0.08333000000000002 0.01758000000000004
5 0.809895 0.33008000000000004 0.08333000000000002 0.017579999999999985
5 0.626305 0.50537 0.0833299999999999 0.04004000000000002
5 0.811195 0.506835 0.0833299999999999 0.041010000000000046
5 0.6263000000000001 0.68457 0.08594000000000002 0.05468000000000006
5 0.809895 0.686525 0.08855000000000002 0.054690000000000016
5 0.81185 0.856935 0.06640000000000001 0.03027000000000002
5 0.352215 0.85791 0.09765000000000001 0.02636000000000005
5 0.0690085 0.1088885 0.117183 0.028323
6 0.351565 0.16797 0.08073000000000002 0.04102
6 0.621095 0.1709 0.08073000000000008 0.04102
6 0.804685 0.1709 0.08072999999999997 0.04102
8 0.354165 0.350095 0.10936999999999997 0.03222999999999998
8 0.7181 0.280275 0.045580000000000065 0.07227000000000003
8 0.897135 0.282225 0.04686999999999997 0.07226999999999997
8 0.902995 0.61328 0.04557 0.07225999999999999
8 0.7167950000000001 0.614255 0.04557 0.07227000000000006
8 0.35482 0.045410000000000006 0.10286000000000001 0.024413999999999998
8 0.62565 0.751955 0.22786000000000006 0.08984999999999999
9 0.596355 0.20117000000000002 0.79687 0.02930000000000002
9 0.597655 0.538575 0.79687 0.03027000000000002
9 0.595705 0.86621 0.79297 0.04688000000000003
8 0.259765 0.101074 0.04297000000000001 0.041992
8 0.444665 0.098144 0.04297000000000001 0.041992
6 0.34504999999999997 0.68506 0.17448000000000002 0.09864000000000006
6 0.35156 0.507815 0.16405999999999998 0.08789000000000002
6 0.0983065 0.45117 0.167967 0.10155999999999998
