1 0.55718 0.5429595 0.7056 0.914081
2 0.35523 0.15155 0.06325999999999998 0.0358
2 0.5596099999999999 0.14916 0.06325999999999998 0.0358
2 0.76399 0.14439 0.06325999999999998 0.0358
2 0.35523 0.367545 0.08272000000000002 0.11932999999999999
2 0.56813 0.36634999999999995 0.08516000000000001 0.11693999999999999
2 0.776155 0.365155 0.08272999999999997 0.11932999999999999
2 0.35158 0.579955 0.09001999999999999 0.11932999999999994
2 0.5644750000000001 0.5787599999999999 0.08758999999999995 0.12171999999999994
2 0.7761549999999999 0.577565 0.08758999999999995 0.11932999999999994
2 0.34428000000000003 0.789975 0.09002000000000004 0.11932999999999994
2 0.562045 0.7911699999999999 0.08759000000000006 0.12171999999999994
2 0.772505 0.789975 0.09003000000000005 0.11932999999999994
5 0.778585 0.43198000000000003 0.11678999999999995 0.01909999999999995
5 0.56691 0.43198000000000003 0.11678 0.01909999999999995
5 0.35279499999999997 0.43198000000000003 0.11679 0.01909999999999995
5 0.347935 0.646775 0.11679 0.01909000000000005
5 0.5644750000000001 0.64439 0.11679000000000006 0.019100000000000006
5 0.7798050000000001 0.64439 0.11923000000000006 0.019100000000000006
5 0.77494 0.850835 0.11921999999999999 0.016710000000000003
5 0.5644750000000001 0.8591899999999999 0.11679000000000006 0.019100000000000006
5 0.345495 0.856805 0.11679 0.01908999999999994
9 0.562045 0.195705 0.6861299999999999 0.08115
9 0.55596 0.8806700000000001 0.6885600000000001 0.03817999999999999
11 0.5608249999999999 0.96181 0.07543 0.0716
11 0.77129 0.95943 0.07299999999999995 0.0716
11 0.343065 0.96181 0.07299 0.0716
