2 0.103517 0.33808 0.039066000000000004 0.10675999999999997
2 0.149415 0.33808 0.039069999999999994 0.10675999999999997
2 0.28955 0.33986 0.04004000000000002 0.10675999999999997
2 0.33447000000000005 0.34075 0.04004000000000002 0.10853999999999997
2 0.424805 0.34075 0.04100999999999999 0.10853999999999997
2 0.47119 0.34075 0.040039999999999965 0.10853999999999997
2 0.625 0.34164 0.041020000000000056 0.10675999999999997
2 0.6709 0.34075 0.039059999999999984 0.10853999999999997
2 0.8373999999999999 0.34075 0.040039999999999965 0.10853999999999997
2 0.8833 0.34164 0.040039999999999965 0.11031999999999997
2 0.103517 0.6121 0.039066000000000004 0.11743999999999999
2 0.148925 0.6121 0.03809000000000001 0.11743999999999999
2 0.29052500000000003 0.61121 0.03809000000000001 0.11921999999999999
2 0.33594 0.6129899999999999 0.039059999999999984 0.11565999999999999
2 0.10302900000000001 0.871885 0.04004200000000001 0.07828999999999997
2 0.14893 0.871885 0.04003999999999999 0.07828999999999997
2 0.28857 0.8692150000000001 0.040039999999999965 0.08362999999999998
2 0.33545 0.8692150000000001 0.04199999999999998 0.08362999999999998
2 0.626465 0.61477 0.03809000000000007 0.11565999999999999
2 0.671875 0.61477 0.037109999999999976 0.11565999999999999
2 0.8359399999999999 0.61566 0.039059999999999984 0.11743999999999999
2 0.8833 0.61566 0.040039999999999965 0.11743999999999999
2 0.422365 0.61477 0.03809000000000001 0.11565999999999999
2 0.467285 0.61477 0.03808999999999996 0.11921999999999999
1 0.49658050000000004 0.5124555 0.942379 0.975089
4 0.1269545 0.50712 0.11719099999999999 0.06406
4 0.313965 0.50712 0.11621000000000004 0.06406
4 0.44677999999999995 0.512455 0.11815999999999999 0.07116999999999996
4 0.65234 0.5097849999999999 0.11914000000000002 0.06582999999999994
4 0.86328 0.510675 0.125 0.06760999999999995
4 0.1279315 0.264235 0.12109700000000001 0.03381000000000001
4 0.3125 0.264235 0.12109999999999999 0.03381000000000001
4 0.45166000000000006 0.267795 0.12208000000000002 0.03381000000000001
4 0.8671850000000001 0.266015 0.12109000000000003 0.03381000000000001
4 0.65039 0.266015 0.12109999999999999 0.03381000000000001
4 0.127443 0.814945 0.122074 0.03203
4 0.309085 0.811385 0.12207000000000001 0.03203
4 0.864255 0.811385 0.12304999999999999 0.03203
4 0.6518550000000001 0.814945 0.12207000000000001 0.03203
4 0.133302 0.071173 0.09277599999999998 0.064054
4 0.447755 0.059608499999999995 0.09277000000000002 0.062277
4 0.842285 0.066726 0.09863 0.06227799999999999
5 0.1269545 0.399465 0.105471 0.02668999999999999
5 0.311525 0.401245 0.10546999999999995 0.02668999999999999
5 0.447265 0.403025 0.10547000000000001 0.02668999999999999
5 0.862305 0.401245 0.10546999999999995 0.02668999999999999
5 0.6494150000000001 0.401245 0.10547000000000006 0.02668999999999999
5 0.1269545 0.9172549999999999 0.105471 0.02668999999999999
5 0.31054499999999996 0.9172549999999999 0.10547000000000001 0.02668999999999999
5 0.862795 0.9154850000000001 0.10644999999999993 0.02668999999999999
5 0.65039 0.918145 0.10546 0.024909999999999988
2 0.626955 0.866545 0.04100999999999999 0.08184999999999998
2 0.6738299999999999 0.868325 0.041019999999999945 0.08184999999999998
2 0.83789 0.868325 0.041020000000000056 0.08184999999999998
2 0.8833 0.868325 0.04200000000000004 0.08184999999999998
2 0.1333 0.12722250000000002 0.032219999999999985 0.062275
2 0.44336 0.115656 0.03320000000000001 0.078288
2 0.84619 0.12188399999999999 0.030280000000000085 0.06583199999999999
6 0.101564 0.709075 0.048832000000000014 0.07651000000000008
6 0.15039000000000002 0.709075 0.04882 0.07295000000000007
6 0.289065 0.709075 0.048829999999999985 0.07295000000000007
6 0.33789 0.709965 0.04882000000000003 0.07117000000000007
6 0.47119 0.70463 0.045899999999999996 0.0605
6 0.42334000000000005 0.706405 0.045899999999999996 0.060490000000000044
6 0.62451 0.712635 0.049800000000000066 0.06939000000000006
6 0.6738299999999999 0.713525 0.04687999999999992 0.06761000000000006
6 0.83496 0.7117450000000001 0.04688000000000003 0.06761000000000006
6 0.88379 0.712635 0.04688000000000003 0.06939000000000006
8 0.44482 0.7758 0.028320000000000012 0.0605
5 0.13379 0.16281 0.05077999999999999 0.016020000000000006
5 0.84668 0.16192 0.05078000000000005 0.01780000000000001
5 0.44336 0.16192 0.05077999999999999 0.01780000000000001
9 0.49707 0.21886 0.93164 0.0605
