1 0.60867 0.58203 0.60102 0.7617200000000001
2 0.39132500000000003 0.43066499999999996 0.07041000000000003 0.08202999999999999
2 0.389285 0.578615 0.06836999999999999 0.08301000000000003
2 0.190815 0.15869 0.07551 0.07324000000000001
2 0.509185 0.43457 0.04285 0.08204
2 0.38775499999999996 0.726565 0.06939000000000001 0.08789000000000002
2 0.5071399999999999 0.57959 0.04286000000000001 0.08496000000000004
2 0.60714 0.43408 0.04082000000000008 0.08105999999999997
2 0.7051000000000001 0.43408 0.04081999999999997 0.08105999999999997
2 0.8336749999999999 0.433105 0.06938999999999995 0.08496999999999999
2 0.60612 0.5791 0.04286000000000001 0.08398000000000005
2 0.70255 0.57959 0.04183999999999999 0.08496000000000004
2 0.8336749999999999 0.580565 0.06938999999999995 0.08301000000000003
2 0.9739800000000001 0.43115000000000003 0.035720000000000085 0.08105999999999997
2 0.9739800000000001 0.580075 0.035720000000000085 0.08203000000000005
2 0.5076499999999999 0.728515 0.04183999999999999 0.08399000000000001
2 0.60612 0.72949 0.04286000000000001 0.08398000000000005
2 0.70357 0.728515 0.04183999999999999 0.08399000000000001
2 0.8326549999999999 0.7290000000000001 0.06938999999999995 0.08496000000000004
2 0.97245 0.728515 0.036739999999999995 0.08399000000000001
2 0.059184 0.15674 0.07551 0.07324
2 0.19387500000000002 0.299315 0.07551 0.06933
2 0.059184 0.29834 0.07551 0.06933999999999996
2 0.196935 0.444825 0.07551000000000002 0.06933
2 0.063775 0.44238500000000003 0.07857 0.07227
2 0.19489499999999998 0.5869150000000001 0.07551 0.07030999999999998
2 0.0653055 0.586425 0.07550899999999999 0.07325000000000004
2 0.196425 0.72705 0.07449 0.06933999999999996
2 0.067346 0.72754 0.07550799999999999 0.07225999999999999
3 0.213265 0.9209 0.11225000000000002 0.1308600000000001
3 0.0668385 0.919925 0.098983 0.1328100000000001
3 0.835715 0.896485 0.10409000000000002 0.11719000000000002
3 0.7066300000000001 0.895995 0.052039999999999975 0.12010999999999994
3 0.60867 0.89746 0.05408000000000002 0.12304000000000004
4 0.385205 0.673825 0.10919000000000001 0.08203000000000005
4 0.505105 0.674805 0.07959000000000005 0.07813000000000003
4 0.604595 0.6762699999999999 0.07857000000000003 0.07520000000000004
4 0.701025 0.67822 0.07550999999999997 0.07324000000000008
4 0.8331599999999999 0.67578 0.10102 0.07812000000000008
4 0.388265 0.5293 0.06633 0.01757999999999993
4 0.50714 0.5292950000000001 0.048980000000000024 0.01562999999999992
4 0.60612 0.530275 0.048980000000000024 0.01562999999999992
4 0.70306 0.529785 0.04693999999999998 0.01464999999999994
4 0.83214 0.530275 0.06020000000000003 0.01562999999999992
4 0.9699 0.68213 0.05815999999999999 0.10254000000000008
5 0.38571500000000003 0.62695 0.11632999999999999 0.01757999999999993
5 0.5066350000000001 0.626465 0.08673000000000003 0.01464999999999994
5 0.605615 0.62744 0.07857000000000003 0.016599999999999948
5 0.7035750000000001 0.6269549999999999 0.08060999999999996 0.01366999999999996
5 0.837245 0.6269549999999999 0.16020999999999996 0.01366999999999996
5 0.9678549999999999 0.62549 0.06225000000000003 0.012699999999999934
5 0.38826499999999997 0.788575 0.07244999999999996 0.026370000000000005
5 0.50816 0.7890600000000001 0.04286000000000001 0.029299999999999993
5 0.60663 0.78857 0.04387999999999992 0.028320000000000012
5 0.70357 0.788575 0.04388000000000003 0.026370000000000005
5 0.834185 0.791015 0.10919000000000001 0.03125
5 0.97092 0.788085 0.04387999999999992 0.027349999999999985
8 0.386735 0.5 0.11224999999999996 0.029300000000000048
8 0.557655 0.38134999999999997 0.062249999999999917 0.028319999999999956
8 0.656125 0.38232 0.06530999999999998 0.028320000000000012
8 0.392345 0.375 0.06837000000000004 0.025399999999999978
8 0.834695 0.376955 0.06327000000000005 0.025390000000000024
8 0.7556149999999999 0.38086 0.07040999999999997 0.027339999999999975
8 0.9673499999999999 0.50244 0.053059999999999996 0.028319999999999956
8 0.9826550000000001 0.378415 0.030609999999999915 0.026370000000000005
4 0.5056149999999999 0.378905 0.02142999999999995 0.03320999999999996
4 0.604595 0.37695 0.02143000000000006 0.03320000000000001
4 0.70306 0.37793 0.01632 0.03320000000000001
9 0.60765 0.5136700000000001 0.5928599999999999 0.08984000000000003
9 0.60969 0.369625 0.5949 0.11035
9 0.60765 0.804685 0.5928599999999999 0.07813000000000003
9 0.60816 0.936525 0.5918399999999999 0.04687000000000008
10 0.32091499999999995 0.441895 0.021430000000000005 0.05957000000000001
10 0.456635 0.443845 0.021430000000000005 0.05957000000000001
10 0.9275549999999999 0.44336 0.02244999999999997 0.06053999999999998
10 0.31989500000000004 0.6616200000000001 0.021430000000000005 0.21777999999999997
10 0.457145 0.662105 0.024489999999999956 0.21875
10 0.556635 0.663575 0.02550999999999992 0.21777000000000002
10 0.6556150000000001 0.664065 0.025510000000000033 0.21875
10 0.750515 0.66455 0.025510000000000033 0.21777999999999997
9 0.616325 0.664065 0.57551 0.019530000000000047
10 0.927045 0.661135 0.02550999999999992 0.21875
10 0.31989500000000004 0.385255 0.021430000000000005 0.05370999999999998
10 0.456635 0.386235 0.02346999999999999 0.053710000000000035
10 0.9280649999999999 0.386235 0.02142999999999995 0.053710000000000035
10 0.31938500000000003 0.53467 0.022450000000000025 0.03417999999999999
10 0.456635 0.538085 0.03162999999999999 0.029290000000000038
10 0.9270400000000001 0.53369 0.02959999999999996 0.03614000000000006
10 0.319895 0.788575 0.02346999999999999 0.036129999999999995
10 0.457145 0.788085 0.036729999999999985 0.03320999999999996
10 0.557145 0.788575 0.030610000000000026 0.03027000000000002
10 0.655615 0.789065 0.029590000000000005 0.03125
10 0.75102 0.789065 0.02858000000000005 0.03125
10 0.92551 0.788085 0.03266000000000002 0.035150000000000015
11 0.205105 0.83789 0.17551 0.03320000000000001
11 0.134695 0.893065 0.028569999999999998 0.07519000000000009
11 0.283165 0.894045 0.02346999999999999 0.07715000000000005
11 0.536735 0.824215 0.39590999999999993 0.019530000000000047
11 0.39796 0.8862300000000001 0.09388000000000002 0.08886000000000005
11 0.510715 0.885255 0.058169999999999944 0.09277000000000002
