1 0.49709099999999995 0.571775 0.863178 0.78809
2 0.219065 0.315425 0.10334999999999997 0.09960999999999998
2 0.494175 0.314455 0.10334999999999994 0.09960999999999998
2 0.782385 0.315915 0.10335000000000005 0.10058999999999996
2 0.21979500000000002 0.51465 0.10480999999999999 0.08984000000000003
2 0.48980999999999997 0.51318 0.10333999999999999 0.09082000000000001
2 0.780205 0.515625 0.10480999999999996 0.08984999999999999
2 0.777295 0.6933549999999999 0.11063 0.10547000000000006
2 0.48980999999999997 0.691405 0.11207999999999996 0.10547000000000006
2 0.22125 0.691405 0.1048 0.10547000000000006
8 0.49708749999999996 0.242675 0.851525 0.04394999999999999
8 0.4956345 0.41503999999999996 0.851531 0.10156000000000004
8 0.4985465 0.59717 0.8602669999999999 0.07519999999999993
8 0.116449 0.31494 0.098982 0.09863999999999995
8 0.35589499999999996 0.31445 0.16738999999999998 0.09765999999999997
8 0.631005 0.31445 0.16739000000000004 0.09765999999999997
8 0.8820950000000001 0.31445 0.09025000000000005 0.09570000000000001
8 0.1171765 0.512695 0.097527 0.09179000000000004
8 0.353715 0.513185 0.16303 0.09277000000000002
8 0.633915 0.513185 0.18195000000000006 0.09277000000000002
8 0.8806400000000001 0.5136700000000001 0.09023999999999999 0.09179999999999999
8 0.11426650000000001 0.685545 0.09170700000000001 0.09960999999999998
8 0.352985 0.68799 0.14993 0.10254000000000008
8 0.631735 0.6875 0.16303 0.10546000000000011
8 0.88428 0.68701 0.08588000000000007 0.10254000000000008
9 0.49781549999999997 0.77344 0.844249 0.021479999999999944
10 0.37773 0.89209 0.04511999999999999 0.06348000000000009
10 0.62955 0.8969750000000001 0.04511999999999994 0.07128999999999996
10 0.906115 0.905275 0.04221000000000008 0.0839899999999999
10 0.62955 0.9462900000000001 0.059680000000000066 0.02734000000000003
10 0.901745 0.956055 0.05095000000000005 0.017570000000000086
10 0.37627 0.943845 0.05968000000000001 0.03809000000000007
11 0.501455 0.791015 0.17030999999999996 0.019530000000000047
11 0.74527 0.882325 0.17758000000000007 0.12207000000000001
11 0.5 0.8828149999999999 0.19067999999999996 0.12304999999999999
11 0.32169000000000003 0.88965 0.06404000000000004 0.10351999999999995
11 0.898835 0.81494 0.053850000000000064 0.02635999999999994
