1 0.50048985 0.525002 0.9951203 0.896516
2 0.279785 0.37558 0.11621000000000004 0.33255999999999997
2 0.49560499999999996 0.31279 0.09276999999999996 0.21162000000000003
2 0.722165 0.31279 0.0888699999999999 0.21162000000000003
2 0.72705 0.7279100000000001 0.16308 0.2348800000000001
2 0.27588 0.734885 0.13183999999999998 0.23720999999999992
2 0.0512695 0.7063950000000001 0.071289 0.13139
2 0.041015399999999994 0.32384 0.0722652 0.22674
6 0.282225 0.47848499999999994 0.10937 0.12208999999999998
7 0.279785 0.344185 0.10449 0.24651000000000003
7 0.49463 0.31686 0.08495999999999998 0.19186
7 0.724125 0.314535 0.07715000000000005 0.19882999999999998
7 0.03710955 0.319765 0.0566409 0.20465000000000003
7 0.049805 0.7058150000000001 0.0625 0.12324999999999997
7 0.277835 0.74128 0.11621000000000001 0.20814
7 0.717775 0.73314 0.12304999999999999 0.19418000000000002
9 0.5029278 0.118025 0.9863244 0.07791000000000001
9 0.50048795 0.547675 0.9873041 0.05116999999999994
