1 0.5239320000000001 0.50341795 0.939196 0.9931641
2 0.15977000000000002 0.174315 0.053040000000000004 0.05957000000000001
2 0.5608 0.168945 0.060799999999999965 0.08007
2 0.480595 0.16943 0.05045000000000005 0.0791
2 0.87775 0.1748 0.05046000000000006 0.056639999999999996
2 0.335055 0.33154 0.06727 0.07323999999999997
2 0.715395 0.33252 0.06726999999999994 0.07128000000000001
2 0.33570500000000003 0.46582 0.06597000000000003 0.07422000000000001
2 0.71475 0.46582 0.06855999999999995 0.07422000000000001
2 0.33635499999999996 0.597655 0.06727 0.07812999999999992
2 0.71475 0.598635 0.06597999999999993 0.07813000000000003
2 0.49417500000000003 0.43164 0.06727 0.08593999999999996
2 0.49417500000000003 0.57422 0.06727 0.08398000000000005
2 0.58603 0.45409999999999995 0.03622000000000003 0.08398
2 0.5879650000000001 0.589355 0.03493000000000002 0.09472999999999998
2 0.17141 0.33740499999999995 0.10478 0.08105000000000001
2 0.166885 0.46631 0.10348999999999998 0.0791
2 0.17011500000000002 0.600095 0.10737 0.08104999999999996
2 0.17788 0.7402299999999999 0.09702 0.07422000000000006
2 0.174645 0.87256 0.09054999999999999 0.07909999999999995
2 0.337 0.87207 0.09702 0.07811999999999997
2 0.8822749999999999 0.33838 0.10090999999999994 0.0791
2 0.880985 0.46826 0.10091000000000006 0.08105999999999997
2 0.88357 0.603515 0.10089999999999999 0.08006999999999997
2 0.883575 0.7402299999999999 0.09573000000000009 0.07422000000000006
2 0.529755 0.7417 0.09184999999999999 0.07323999999999997
2 0.716685 0.87207 0.09572999999999998 0.07811999999999997
2 0.8816299999999999 0.871095 0.09443999999999997 0.07616999999999996
2 0.33959 0.7402299999999999 0.07374000000000003 0.07422000000000006
2 0.71669 0.7397450000000001 0.07243999999999995 0.07518999999999998
2 0.854465 0.978025 0.042690000000000006 0.03808999999999996
2 0.906855 0.978515 0.03881000000000001 0.03906999999999994
2 0.74256 0.978025 0.04397999999999991 0.03808999999999996
2 0.195345 0.980955 0.04399 0.03808999999999996
2 0.143595 0.980955 0.03881000000000001 0.03808999999999996
2 0.51617 0.84375 0.054340000000000055 0.031260000000000066
3 0.51876 0.936035 0.09055999999999997 0.11817
2 0.687585 0.97803 0.042689999999999895 0.040039999999999965
2 0.30789 0.9799800000000001 0.04398000000000002 0.03613999999999995
4 0.33247 0.422365 0.10865999999999998 0.07128999999999996
4 0.714745 0.422365 0.10479000000000005 0.07518999999999998
4 0.33635499999999996 0.55371 0.10349000000000003 0.07225999999999999
4 0.7141 0.5542 0.10865999999999998 0.07323999999999997
5 0.33182500000000004 0.376465 0.10479 0.026370000000000005
5 0.33506 0.5136700000000001 0.10608000000000001 0.02734000000000003
5 0.71475 0.378905 0.10220000000000007 0.025390000000000024
5 0.71216 0.512695 0.10220000000000007 0.025390000000000024
5 0.7141 0.65137 0.10608000000000006 0.03320000000000001
5 0.33247000000000004 0.6508799999999999 0.10608000000000001 0.032220000000000026
5 0.333765 0.7900400000000001 0.10349000000000003 0.03515999999999997
5 0.7134499999999999 0.791995 0.10219999999999996 0.03125
5 0.8784000000000001 0.7924800000000001 0.13454 0.03613999999999995
5 0.170765 0.794435 0.13712999999999997 0.03808999999999996
5 0.335055 0.93457 0.10348999999999997 0.05078000000000005
5 0.16882 0.936035 0.10996 0.053710000000000035
5 0.714745 0.93701 0.10736999999999997 0.057620000000000005
5 0.882925 0.941405 0.11255000000000004 0.06640999999999997
6 0.5181100000000001 0.36328499999999997 0.22898000000000007 0.08788999999999997
6 0.880335 0.38037 0.16429000000000005 0.057620000000000005
6 0.8829199999999999 0.512695 0.15912000000000004 0.058589999999999975
6 0.1649425 0.512205 0.156535 0.059569999999999956
6 0.1617095 0.65234 0.14748099999999997 0.056640000000000024
6 0.880335 0.6542950000000001 0.15653000000000006 0.054690000000000016
6 0.519405 0.7856449999999999 0.13582999999999995 0.04785000000000006
8 0.603495 0.77783 0.05563000000000007 0.06152000000000002
8 0.567915 0.697265 0.11642999999999992 0.07616999999999996
8 0.437905 0.77783 0.050449999999999995 0.05566000000000004
8 0.45343 0.694335 0.09444000000000002 0.08399000000000001
8 0.5206999999999999 0.84912 0.10995999999999995 0.07519999999999993
8 0.52264 0.0786155 0.16042 0.10644900000000002
9 0.517463 0.679685 0.9107339999999999 0.037109999999999976
9 0.522638 0.8120099999999999 0.921084 0.024419999999999997
10 0.256795 0.452635 0.050449999999999995 0.36816999999999994
10 0.407505 0.45409999999999995 0.043989999999999974 0.36523999999999995
10 0.075679 0.450195 0.037515999999999994 0.36328999999999995
10 0.639715 0.45360999999999996 0.050449999999999995 0.36426
10 0.788485 0.45508000000000004 0.04011000000000009 0.36524000000000006
10 0.968305 0.450195 0.03751000000000004 0.36328999999999995
10 0.075679 0.64893 0.040103999999999994 0.03417999999999999
10 0.25744 0.652345 0.05174000000000001 0.029289999999999927
10 0.409445 0.651855 0.04786999999999997 0.03027000000000002
10 0.639715 0.65137 0.050449999999999995 0.029299999999999993
10 0.790425 0.652835 0.04657 0.030269999999999908
10 0.9696 0.6498999999999999 0.04527999999999999 0.03417999999999999
10 0.58797 0.991215 0.03752 0.01366999999999996
10 0.615135 0.990235 0.014229999999999965 0.01366999999999996
10 0.45278 0.990235 0.03364 0.011709999999999998
10 0.430785 0.99072 0.010350000000000026 0.010740000000000083
10 0.5899099999999999 0.9209 0.02846000000000004 0.125
10 0.61061 0.92188 0.012939999999999952 0.125
10 0.454075 0.92139 0.025870000000000004 0.12597999999999998
10 0.435965 0.92188 0.01034999999999997 0.125
10 0.45342499999999997 0.85547 0.027169999999999972 0.005860000000000087
10 0.43467 0.85596 0.012939999999999952 0.006840000000000068
10 0.58603 0.85303 0.03622000000000003 0.010740000000000083
10 0.6131949999999999 0.854005 0.01810999999999996 0.010750000000000037
10 0.404265 0.26073999999999997 0.07114999999999999 0.02148
10 0.2555 0.257815 0.06079999999999999 0.019529999999999992
10 0.0795585 0.260255 0.047862999999999996 0.014649999999999996
10 0.639715 0.262695 0.06338999999999995 0.019529999999999992
10 0.790425 0.262695 0.06208999999999998 0.019529999999999992
10 0.966365 0.25781 0.05174999999999996 0.02148
2 0.52652 0.32666 0.11641999999999997 0.057620000000000005
