1 0.50048655 0.50060275 0.9970669 0.9963744999999999
2 0.089357 0.21196 0.073246 0.16546
2 0.248535 0.20894000000000001 0.07325000000000004 0.1715
2 0.41455 0.19746 0.07324000000000003 0.17512
2 0.585935 0.19324000000000002 0.07617000000000007 0.18116000000000002
2 0.7568349999999999 0.191425 0.07616999999999996 0.17753
2 0.919435 0.192635 0.07519000000000009 0.15820999999999996
2 0.0878905 0.50483 0.068359 0.17873999999999995
2 0.245605 0.50121 0.07324999999999998 0.18116000000000004
2 0.41015999999999997 0.49819 0.08007999999999998 0.18720000000000003
2 0.5835 0.495165 0.07909999999999995 0.18599
2 0.75488 0.489135 0.08007999999999993 0.18599000000000004
2 0.9209 0.4843 0.0722600000000001 0.18357999999999997
3 0.06494 0.86051 0.07324 0.2282599999999999
6 0.0815405 0.33453999999999995 0.118159 0.08454
6 0.92041 0.31159000000000003 0.11815999999999993 0.08454
8 0.24804500000000002 0.1171505 0.025390000000000024 0.04347900000000002
8 0.415035 0.11232 0.025390000000000024 0.04348000000000002
8 0.0913075 0.13163999999999998 0.026365 0.04347999999999999
8 0.0864255 0.41063 0.07128899999999999 0.04347999999999996
8 0.24707 0.40942 0.06445999999999999 0.04347999999999996
8 0.411625 0.39976 0.07129000000000002 0.04347999999999996
8 0.58154 0.39734 0.07910000000000006 0.04348000000000002
8 0.582035 0.102055 0.025390000000000024 0.044689999999999994
8 0.758785 0.1062805 0.025390000000000024 0.04347899999999999
8 0.7543949999999999 0.391305 0.06933 0.04347000000000001
8 0.916015 0.11232 0.025390000000000024 0.04348000000000002
8 0.91846 0.391305 0.06348000000000009 0.04347000000000001
8 0.0961925 0.063406 0.036135 0.044686000000000003
8 0.916015 0.050121 0.03320999999999996 0.03744
9 0.503906 0.05495205 0.986328 0.09299589999999999
9 0.502441 0.310385 0.983398 0.07005
9 0.5034178 0.5996349999999999 0.9873044 0.06401000000000001
10 0.157715 0.3164245 0.03026999999999999 0.461351
10 0.0209962 0.32488150000000005 0.030273599999999998 0.4613570000000001
10 0.84326 0.29951550000000005 0.030280000000000085 0.46134900000000006
10 0.98584 0.3049525 0.020500000000000074 0.455315
10 0.845215 0.55616 0.03809000000000007 0.04709999999999992
10 0.987305 0.5537449999999999 0.025390000000000024 0.04226999999999992
10 0.157225 0.57186 0.037110000000000004 0.04952000000000001
10 0.01904285 0.57609 0.0322263 0.041059999999999985
10 0.0224609 0.062197999999999996 0.0351562 0.06401
10 0.159665 0.0525365 0.03809000000000001 0.06642500000000001
10 0.984375 0.044686000000000003 0.027349999999999985 0.065218
10 0.844725 0.0398549 0.03711000000000009 0.0603862
11 0.402345 0.7053149999999999 0.33592999999999995 0.06762999999999997
11 0.8212900000000001 0.6998800000000001 0.20898000000000005 0.0688399999999999
11 0.839845 0.8436 0.025389999999999913 0.21136
11 0.583005 0.8725849999999999 0.09375 0.24033000000000004
11 0.754885 0.866545 0.08789000000000002 0.23066999999999993
11 0.91797 0.855075 0.08398000000000005 0.22946999999999995
11 0.430175 0.85326 0.11230999999999997 0.20409999999999995
11 0.24756 0.864735 0.07909999999999998 0.22946999999999995
