1 0.4949342 0.50048828 0.9831116 0.99902344
2 0.22127999999999998 0.096681 0.12499999999999997 0.046878
2 0.76182 0.097166 0.125 0.047848
2 0.493245 0.095703 0.15540999999999994 0.046874
2 0.22466000000000003 0.17236 0.12500000000000003 0.04003999999999999
2 0.7652 0.17139 0.125 0.04003999999999999
2 0.49493000000000004 0.17236 0.15878000000000003 0.04003999999999999
2 0.219595 0.26953 0.14189000000000002 0.046880000000000005
2 0.7635149999999999 0.26953 0.14188999999999996 0.046880000000000005
2 0.49493000000000004 0.26953 0.15878000000000003 0.046880000000000005
2 0.21622 0.356935 0.12838 0.05957000000000001
2 0.76858 0.35547 0.13176 0.058599999999999985
2 0.49324 0.356445 0.16216000000000003 0.05664999999999998
2 0.49493000000000004 0.448735 0.15878000000000003 0.06542999999999999
2 0.77534 0.4458 0.125 0.05761999999999995
2 0.22127999999999998 0.447755 0.12499999999999997 0.057609999999999995
2 0.782095 0.5405249999999999 0.13175000000000003 0.04785000000000006
2 0.21453 0.543945 0.13176 0.04686999999999997
2 0.77703 0.6303749999999999 0.12162000000000006 0.053710000000000035
2 0.22466000000000003 0.6328149999999999 0.12500000000000003 0.054690000000000016
2 0.50169 0.63428 0.16553999999999996 0.06152000000000002
2 0.5 0.7280249999999999 0.16216000000000003 0.053710000000000035
2 0.77703 0.726075 0.12837999999999994 0.053710000000000035
2 0.221285 0.72998 0.11825 0.05371999999999999
2 0.5625 0.83301 0.36148 0.05274000000000001
2 0.820945 0.8320350000000001 0.05405000000000004 0.054690000000000016
4 0.47804 0.40527 0.32769999999999994 0.039059999999999984
4 0.47635000000000005 0.59082 0.37838 0.0625
5 0.216215 0.12353499999999999 0.15541000000000002 0.008789999999999992
5 0.760135 0.12353499999999999 0.15541000000000005 0.008789999999999992
5 0.491555 0.12304499999999999 0.17905000000000004 0.009769999999999987
5 0.48817999999999995 0.29541 0.20607999999999999 0.00878000000000001
5 0.214525 0.296875 0.18580999999999998 0.009769999999999945
5 0.760135 0.29541 0.1824300000000001 0.00878000000000001
5 0.7635149999999999 0.388185 0.18242999999999998 0.008789999999999965
5 0.212835 0.390135 0.18242999999999998 0.008789999999999965
5 0.77196 0.56592 0.16554000000000002 0.006839999999999957
5 0.76858 0.6606449999999999 0.16554000000000002 0.008789999999999965
5 0.21115 0.6640649999999999 0.17906 0.007809999999999984
5 0.20946 0.57031 0.16892000000000001 0.005859999999999976
2 0.5 0.54199 0.22971999999999998 0.04491999999999996
8 0.87162 0.780275 0.05406 0.027350000000000096
8 0.9375 0.780765 0.05068000000000006 0.026370000000000005
8 0.0912145 0.78662 0.054051 0.02635999999999994
8 0.0304052 0.78662 0.05405359999999999 0.02635999999999994
8 0.77872 0.776365 0.125 0.015630000000000033
8 0.197635 0.7807649999999999 0.14527 0.01464999999999994
8 0.6520250000000001 0.22656500000000002 0.06757000000000002 0.037110000000000004
8 0.574325 0.22705 0.06757000000000002 0.036140000000000005
8 0.837835 0.22656500000000002 0.06756999999999991 0.037110000000000004
8 0.91554 0.22656500000000002 0.06756000000000006 0.037110000000000004
8 0.36149 0.225095 0.040539999999999965 0.036129999999999995
8 0.283785 0.225095 0.06757000000000002 0.036129999999999995
8 0.10303899999999999 0.22656500000000002 0.07094199999999999 0.037110000000000004
8 0.0304054 0.22705 0.0472972 0.036140000000000005
9 0.489867 0.050293000000000004 0.9527059999999999 0.051758
9 0.5016895 0.228515 0.956081 0.07812999999999998
9 0.4949325 0.5034150000000001 0.969595 0.04199000000000003
9 0.496622 0.6879850000000001 0.966216 0.020509999999999917
9 0.4966225 0.7832049999999999 0.972975 0.04883000000000004
11 0.506755 0.930175 0.64189 0.13575000000000004
