1 0.4305845 0.464398 0.668011 0.922604
2 0.197185 0.170275 0.044269999999999976 0.08669000000000002
2 0.25151 0.16873 0.044259999999999994 0.08360000000000001
2 0.3833 0.165635 0.04226000000000002 0.08359
2 0.43662 0.164085 0.044259999999999966 0.08669
2 0.623745 0.16099000000000002 0.04427000000000003 0.08668000000000001
2 0.570425 0.16099000000000002 0.04225000000000001 0.08668000000000001
2 0.643865 0.34675 0.04427000000000003 0.10526000000000002
2 0.585515 0.3452 0.04427000000000003 0.10216000000000003
2 0.447685 0.34675 0.04627000000000003 0.11146
2 0.39336 0.34675 0.04627999999999999 0.11146
2 0.25654 0.3483 0.04627999999999999 0.10836000000000001
2 0.20221 0.34675 0.04627999999999999 0.11146
2 0.25654 0.55263 0.04627999999999999 0.10835999999999996
2 0.20221 0.55418 0.04627999999999999 0.11145999999999995
2 0.39537 0.55263 0.04627999999999999 0.10835999999999996
2 0.4497 0.55263 0.04627999999999999 0.10835999999999996
4 0.23440499999999997 0.48297500000000004 0.13882999999999998 0.03715000000000007
4 0.425555 0.48297500000000004 0.13883 0.03715000000000007
4 0.618715 0.48297500000000004 0.13883 0.03715000000000007
4 0.22133 0.119195 0.15694000000000002 0.03405000000000001
4 0.413485 0.1083595 0.15493 0.030961000000000002
4 0.600605 0.1037135 0.1549299999999999 0.034053
5 0.22636 0.408665 0.12273999999999999 0.02476999999999996
5 0.42354 0.408665 0.12274000000000002 0.02476999999999996
5 0.61469 0.402475 0.12273999999999996 0.024770000000000014
7 0.256535 0.34675 0.038230000000000014 0.10526000000000002
7 0.202215 0.3452 0.038229999999999986 0.10216000000000003
7 0.39637999999999995 0.549535 0.04024 0.10217000000000004
7 0.44869000000000003 0.55263 0.04024 0.10835999999999996
9 0.42958 0.642415 0.65392 0.08358999999999994
9 0.43461 0.25387 0.64386 0.08049999999999999
11 0.473845 0.648605 0.11469000000000007 0.06501000000000001
11 0.64185 0.83127 0.15292000000000006 0.19504
11 0.50704 0.83127 0.09256000000000003 0.18885999999999992
11 0.40342 0.828175 0.09455999999999998 0.1764699999999999
11 0.29778499999999997 0.8188850000000001 0.08451000000000003 0.17027000000000003
2 0.285715 0.0464395 0.024150000000000005 0.037151
2 0.45472999999999997 0.041796 0.024139999999999995 0.034056
2 0.587525 0.55263 0.04427000000000003 0.10835999999999996
2 0.6468799999999999 0.55263 0.04627999999999999 0.10835999999999996
