1 0.486789 0.4999997 0.896342 0.9917006
2 0.238825 0.32158 0.07926999999999998 0.12447999999999998
2 0.46951 0.32365 0.08129999999999993 0.12448000000000004
2 0.23577 0.570535 0.07724000000000003 0.13693
2 0.46951 0.56743 0.07723999999999998 0.139
2 0.23272500000000002 0.83299 0.07926999999999998 0.1473
2 0.47052499999999997 0.82469 0.07926999999999995 0.1473
2 0.75813 0.8194999999999999 0.06503999999999999 0.13278
2 0.754065 0.58299 0.07316999999999996 0.12447999999999992
2 0.751015 0.35892 0.07521 0.11618
2 0.744915 0.14108 0.04675000000000007 0.07054
2 0.34248 0.08298900000000001 0.046740000000000004 0.070542
2 0.445125 0.11099500000000001 0.040649999999999964 0.014530000000000001
4 0.24186999999999997 0.458505 0.17073999999999998 0.058089999999999975
4 0.47967499999999996 0.45747000000000004 0.17073 0.056020000000000014
4 0.757115 0.48029 0.14837 0.047719999999999985
4 0.34756 0.022821400000000002 0.11787999999999998 0.0290452
4 0.739835 0.0767635 0.10569000000000006 0.03734500000000001
5 0.236785 0.403525 0.14431 0.06846999999999998
5 0.47561000000000003 0.40975 0.14634000000000003 0.06845999999999997
5 0.754065 0.439835 0.13415 0.05809000000000003
5 0.757115 0.674275 0.13210999999999995 0.06639000000000006
5 0.472565 0.6690849999999999 0.14431 0.07260999999999995
5 0.23881999999999998 0.672195 0.15244 0.07468999999999992
5 0.23679 0.9149400000000001 0.13212000000000002 0.024900000000000033
5 0.476625 0.9045650000000001 0.13211000000000006 0.024889999999999968
5 0.759145 0.887965 0.13211000000000006 0.02489000000000008
6 0.438005 0.0684645 0.09553 0.049793
6 0.20935 0.031120000000000002 0.15448 0.041494
7 0.23171000000000003 0.78112 0.07724 0.04355999999999993
7 0.47053 0.82469 0.07519999999999999 0.139
7 0.75813 0.818465 0.060980000000000034 0.12654999999999994
9 0.4949165 0.201245 0.871947 0.15766999999999998
9 0.48780249999999997 0.7136899999999999 0.886175 0.045640000000000014
