1 0.50201455 0.5029297 0.9932909 0.9941406
2 0.149665 0.12060499999999999 0.025510000000000005 0.02636999999999999
2 0.191275 0.12256 0.025509999999999977 0.026359999999999995
2 0.267785 0.12305 0.025510000000000033 0.027340000000000003
2 0.30671000000000004 0.12451499999999999 0.025500000000000023 0.02636999999999999
2 0.46376 0.126465 0.025499999999999967 0.02636999999999999
2 0.5805400000000001 0.12744 0.025499999999999967 0.026359999999999995
2 0.8926149999999999 0.126465 0.02684999999999993 0.02636999999999999
2 0.85168 0.12695 0.025500000000000078 0.02733999999999999
2 0.7751699999999999 0.126465 0.025499999999999967 0.02636999999999999
2 0.732885 0.12744 0.02685000000000004 0.026359999999999995
2 0.0939595 0.32617 0.048321 0.07225999999999999
2 0.21208 0.32715 0.04832 0.07225999999999999
2 0.32886000000000004 0.327635 0.048319999999999974 0.07128999999999996
2 0.444295 0.328615 0.048329999999999984 0.07128999999999996
2 0.5597300000000001 0.33008 0.04832000000000003 0.07225999999999999
2 0.6745 0.328125 0.04698000000000002 0.07226999999999995
2 0.78725 0.32959 0.04698000000000002 0.07128000000000001
2 0.9047000000000001 0.327635 0.04832000000000003 0.07128999999999996
2 0.90403 0.43164 0.04698000000000002 0.07617999999999997
2 0.78792 0.43115000000000003 0.045640000000000014 0.07519999999999999
2 0.6745 0.43115000000000003 0.04698000000000002 0.07519999999999999
2 0.5597300000000001 0.430175 0.045640000000000014 0.07910999999999996
2 0.44698 0.430175 0.045640000000000014 0.07910999999999996
2 0.3302 0.430175 0.045640000000000014 0.07910999999999996
2 0.21342 0.43115000000000003 0.045640000000000014 0.0791
2 0.0939605 0.430175 0.045639 0.07910999999999996
2 0.0953005 0.5498050000000001 0.048319 0.07421
2 0.214095 0.54785 0.04966999999999999 0.07422000000000006
2 0.3302 0.54785 0.04832000000000003 0.07422000000000006
2 0.44564000000000004 0.546875 0.048319999999999974 0.07421000000000011
2 0.5597300000000001 0.546875 0.04832000000000003 0.07421000000000011
2 0.673825 0.5459 0.048329999999999984 0.07422000000000006
2 0.78792 0.5459 0.04832000000000003 0.07422000000000006
2 0.9047000000000001 0.5459 0.04832000000000003 0.07422000000000006
2 0.144295 0.7084999999999999 0.08187000000000001 0.09667999999999999
2 0.38456 0.70654 0.08188000000000001 0.09667999999999999
2 0.620135 0.704105 0.07784999999999997 0.09375
2 0.853695 0.703125 0.07784999999999997 0.09375
5 0.0919475 0.373535 0.06040499999999999 0.03027000000000002
5 0.208725 0.375 0.06040999999999999 0.031240000000000046
5 0.32416 0.375485 0.06040000000000001 0.03027000000000002
5 0.44564000000000004 0.375 0.06173999999999996 0.031240000000000046
5 0.5617449999999999 0.375975 0.060409999999999964 0.03125
5 0.672485 0.375975 0.05101 0.03125
5 0.787245 0.375975 0.05235000000000001 0.03125
5 0.902685 0.374515 0.05235000000000001 0.03027000000000002
5 0.90201 0.47265999999999997 0.06979999999999997 0.011720000000000008
5 0.78792 0.47217 0.06979999999999997 0.010740000000000027
5 0.673825 0.47265999999999997 0.06979000000000002 0.011720000000000008
5 0.55772 0.47217 0.06845999999999997 0.010740000000000027
5 0.44295 0.47265999999999997 0.06979999999999997 0.011720000000000008
5 0.326845 0.47119 0.06845000000000001 0.010739999999999972
5 0.21476499999999998 0.47314500000000004 0.06978999999999999 0.010749999999999982
5 0.091944 0.47168 0.06845200000000001 0.011720000000000008
6 0.49798499999999996 0.22119 0.96107 0.04980000000000001
7 0.33087 0.53027 0.044300000000000006 0.039059999999999984
7 0.9040250000000001 0.527345 0.04429000000000005 0.03321000000000007
7 0.78792 0.52881 0.045640000000000014 0.03614000000000006
7 0.21342 0.518555 0.045640000000000014 0.013670000000000071
8 0.0322147 0.708985 0.0510066 0.037109999999999976
8 0.24026999999999998 0.706545 0.05100000000000002 0.03808999999999996
8 0.954365 0.702145 0.05101 0.037109999999999976
8 0.75302 0.70166 0.051000000000000045 0.03808
4 0.8523499999999999 0.65381 0.15034000000000003 0.05566000000000004
4 0.621475 0.65527 0.15033000000000007 0.056640000000000024
4 0.38255 0.65576 0.15034000000000003 0.05566000000000004
4 0.150334 0.65918 0.15033200000000002 0.056640000000000024
8 0.50067 0.86621 0.17986000000000002 0.07811999999999997
8 0.15302 0.17724499999999999 0.03222 0.04199
8 0.033557000000000003 0.17529499999999998 0.032214 0.04199
8 0.385235 0.18017499999999997 0.03220999999999996 0.04199
8 0.621475 0.183595 0.03221000000000007 0.04297000000000001
8 0.84832 0.18212499999999998 0.032220000000000026 0.04199
8 0.9651000000000001 0.181155 0.032220000000000026 0.04199
9 0.502013 0.26465 0.985234 0.039059999999999984
9 0.4993305 0.169435 0.974499 0.036129999999999995
9 0.504029 0.592285 0.986582 0.024409999999999932
9 0.5020125 0.7612300000000001 0.974495 0.012700000000000045
10 0.15234999999999999 0.44043 0.03891999999999998 0.24609999999999999
10 0.033557000000000003 0.44043 0.040268000000000005 0.24609999999999999
10 0.27047 0.44238500000000003 0.03892000000000001 0.24608999999999998
10 0.384565 0.44336 0.03893000000000002 0.24609999999999999
10 0.5013449999999999 0.44336 0.03893000000000002 0.24218
10 0.615435 0.44287 0.03893000000000002 0.24316
10 0.731545 0.44287 0.04027000000000003 0.24316
10 0.84631 0.441895 0.038920000000000066 0.24317
10 0.95839 0.44140999999999997 0.04025999999999996 0.24413999999999997
10 0.03221485 0.299805 0.0483223 0.035150000000000015
10 0.15369 0.30078 0.04966000000000001 0.03515999999999997
10 0.26913 0.30225 0.04966000000000001 0.03417999999999999
10 0.38658000000000003 0.302735 0.048319999999999974 0.03514999999999996
10 0.5020100000000001 0.305665 0.04832000000000003 0.035150000000000015
10 0.6161099999999999 0.3042 0.04832000000000003 0.034180000000000044
10 0.7315400000000001 0.30371000000000004 0.04832000000000003 0.035160000000000025
10 0.84564 0.302735 0.04832000000000003 0.03514999999999996
10 0.9583900000000001 0.302735 0.04832000000000003 0.03514999999999996
10 0.033557000000000003 0.575685 0.045638000000000005 0.024410000000000043
10 0.15167999999999998 0.575685 0.045639999999999986 0.024410000000000043
10 0.2698 0.575685 0.045639999999999986 0.018550000000000066
10 0.38389 0.576175 0.045640000000000014 0.019530000000000047
10 0.50067 0.574215 0.045640000000000014 0.019530000000000047
10 0.614765 0.574215 0.04563000000000006 0.019530000000000047
10 0.7302 0.574215 0.045640000000000014 0.019530000000000047
10 0.8429500000000001 0.574215 0.045640000000000014 0.019530000000000047
10 0.95705 0.572755 0.045640000000000014 0.018550000000000066
11 0.140267 0.88086 0.146306 0.17968000000000006
11 0.34496499999999997 0.875 0.14497 0.17382000000000009
11 0.65369 0.833495 0.14495999999999998 0.09863
11 0.854365 0.837405 0.14631000000000005 0.11035000000000006
6 0.1328845 0.743655 0.161071 0.03222999999999998
6 0.49866 0.739745 0.48188000000000003 0.03027000000000002
6 0.8536900000000001 0.7387699999999999 0.16108 0.03613999999999995
