1 0.50146485 0.5092595 0.9970703 0.981481
2 0.11426 0.22716000000000003 0.04687999999999999 0.07902
2 0.1132835 0.36172499999999996 0.04883299999999999 0.07900999999999997
2 0.111817 0.49815 0.049806 0.07777999999999996
2 0.111817 0.630865 0.049806 0.07901000000000002
2 0.110839 0.765435 0.049802 0.07901000000000002
2 0.925295 0.225925 0.04981000000000002 0.07901
2 0.9272450000000001 0.364815 0.04981000000000002 0.07777
2 0.9272450000000001 0.49753 0.04981000000000002 0.07901999999999998
2 0.9292 0.634565 0.049799999999999955 0.07900999999999991
2 0.92822 0.769135 0.049799999999999955 0.07901000000000002
2 0.231935 0.226545 0.03222999999999998 0.08025000000000002
2 0.309085 0.22531 0.03222999999999998 0.08024
2 0.36572499999999997 0.22716000000000003 0.032230000000000036 0.08148000000000002
2 0.433105 0.22593000000000002 0.03222999999999998 0.08148000000000002
2 0.5034150000000001 0.22593000000000002 0.032230000000000036 0.08148000000000002
2 0.23095500000000002 0.36049 0.03223000000000001 0.08148
2 0.30713 0.359875 0.030279999999999974 0.08025000000000004
2 0.36572499999999997 0.359875 0.030269999999999964 0.08025000000000004
2 0.433595 0.359875 0.03125 0.08025000000000004
2 0.501955 0.36111 0.031250000000000056 0.08023999999999998
2 0.560545 0.36358 0.03125 0.08023999999999998
2 0.6303700000000001 0.36111 0.030279999999999974 0.08023999999999998
2 0.630855 0.226545 0.03125 0.08025000000000002
2 0.561035 0.224075 0.030269999999999908 0.08024999999999999
2 0.23095500000000002 0.498145 0.03026999999999999 0.08025000000000004
2 0.308595 0.498145 0.03125 0.08025000000000004
2 0.36377000000000004 0.496915 0.03028000000000003 0.08024999999999999
2 0.433595 0.498145 0.03125 0.08025000000000004
2 0.504885 0.496915 0.031250000000000056 0.08024999999999999
2 0.562015 0.49568 0.03027000000000002 0.08024000000000003
2 0.631835 0.498145 0.03125 0.08025000000000004
2 0.23095500000000002 0.6302449999999999 0.03026999999999999 0.08025000000000004
2 0.308595 0.63148 0.03125 0.08023999999999998
2 0.364255 0.6327149999999999 0.03125 0.08025000000000004
2 0.434575 0.6327149999999999 0.03125 0.08025000000000004
2 0.50537 0.63395 0.03028000000000003 0.08023999999999998
2 0.564455 0.6327149999999999 0.03125 0.08025000000000004
2 0.632815 0.6327149999999999 0.03125 0.08025000000000004
2 0.700195 0.225925 0.03125 0.07901
2 0.756835 0.227775 0.03125 0.08025000000000002
2 0.833985 0.227775 0.03125 0.08025000000000002
2 0.835935 0.359875 0.03125 0.08025000000000004
2 0.756835 0.36234500000000003 0.03125 0.08024999999999999
2 0.70166 0.36111 0.030279999999999974 0.08023999999999998
2 0.702145 0.496915 0.03125 0.08024999999999999
2 0.756835 0.498145 0.03125 0.08025000000000004
2 0.835935 0.496915 0.03125 0.08024999999999999
2 0.837895 0.63395 0.03125 0.08023999999999998
2 0.756835 0.63395 0.03125 0.08023999999999998
2 0.704105 0.63395 0.03125 0.08023999999999998
2 0.835935 0.7679050000000001 0.03125 0.07900999999999991
2 0.756835 0.7679050000000001 0.03125 0.07900999999999991
2 0.70166 0.769755 0.030279999999999974 0.08025000000000004
2 0.632325 0.7685200000000001 0.03027000000000002 0.08023999999999998
2 0.559085 0.7685200000000001 0.030269999999999908 0.08023999999999998
2 0.504395 0.76605 0.030270000000000075 0.08024000000000009
2 0.434575 0.7679050000000001 0.03125 0.07900999999999991
2 0.23095500000000002 0.76605 0.03026999999999999 0.08024000000000009
2 0.364255 0.767285 0.03125 0.08024999999999993
2 0.308595 0.766665 0.03125 0.07901000000000002
3 0.26953499999999997 0.9358 0.03711000000000003 0.10863999999999996
3 0.458985 0.93704 0.03711000000000003 0.10864000000000007
3 0.624025 0.9395100000000001 0.03711000000000009 0.10863999999999996
3 0.11035 0.954935 0.03906 0.08024999999999993
5 0.1123055 0.40432 0.054689 0.008639999999999981
5 0.228515 0.405555 0.04297000000000001 0.011109999999999953
5 0.43359499999999995 0.40679 0.04297000000000001 0.011120000000000019
5 0.504395 0.405555 0.04199000000000003 0.011109999999999953
5 0.5625 0.405555 0.04296000000000011 0.011109999999999953
5 0.6333 0.405555 0.04200000000000004 0.011109999999999953
5 0.700685 0.403085 0.04198999999999997 0.011110000000000009
5 0.754885 0.405555 0.04296999999999995 0.011109999999999953
5 0.842775 0.405555 0.042970000000000064 0.011109999999999953
5 0.8369150000000001 0.26975499999999997 0.042970000000000064 0.011110000000000009
5 0.754885 0.27098500000000003 0.04296999999999995 0.011110000000000009
5 0.701175 0.268515 0.04296999999999995 0.011109999999999953
5 0.63086 0.27098500000000003 0.04296 0.011110000000000009
5 0.563475 0.27098500000000003 0.042970000000000064 0.011110000000000009
5 0.506345 0.26975499999999997 0.04199000000000003 0.011110000000000009
5 0.436525 0.26975499999999997 0.04296999999999995 0.011110000000000009
5 0.233395 0.27098500000000003 0.04297000000000001 0.011110000000000009
5 0.22998 0.537655 0.04199999999999998 0.011109999999999953
5 0.43066499999999996 0.540125 0.04297000000000001 0.011110000000000064
5 0.505375 0.541355 0.04199000000000003 0.011109999999999953
5 0.563475 0.541355 0.042970000000000064 0.011109999999999953
5 0.631345 0.5425949999999999 0.04199000000000008 0.011110000000000064
5 0.701175 0.5425949999999999 0.04296999999999995 0.011110000000000064
5 0.75586 0.541355 0.04296 0.011109999999999953
5 0.8369150000000001 0.541355 0.042970000000000064 0.011109999999999953
5 0.841305 0.6790149999999999 0.04198999999999997 0.012349999999999972
5 0.7583 0.678395 0.04200000000000004 0.011109999999999953
5 0.700685 0.67716 0.04198999999999997 0.011120000000000019
5 0.631345 0.67716 0.04199000000000008 0.011120000000000019
5 0.560055 0.67716 0.04198999999999997 0.011120000000000019
5 0.506835 0.6790149999999999 0.04297000000000001 0.012349999999999972
5 0.431155 0.675925 0.04198999999999997 0.011109999999999953
5 0.229495 0.673455 0.04296999999999998 0.011109999999999953
5 0.930175 0.40741 0.05761000000000005 0.00988
5 0.9292 0.541975 0.057620000000000005 0.009870000000000045
5 0.93115 0.6790099999999999 0.057620000000000005 0.00988
5 0.108401 0.5425949999999999 0.05859799999999998 0.011110000000000064
5 0.111814 0.678395 0.057612 0.011109999999999953
6 0.34033 0.252465 0.12598000000000004 0.07530999999999999
6 0.33740000000000003 0.394445 0.12598000000000004 0.07530999999999999
6 0.33887 0.528395 0.125 0.07655
6 0.336425 0.673455 0.12596999999999997 0.07530999999999999
6 0.33984 0.808025 0.125 0.07530999999999999
6 0.9292 0.803085 0.07909999999999995 0.04321000000000008
4 0.1123055 0.166665 0.054689 0.03456999999999999
4 0.927245 0.167905 0.053709999999999924 0.03456999999999999
5 0.111817 0.27963000000000005 0.05566599999999999 0.02345999999999998
5 0.927735 0.280245 0.054690000000000016 0.02468999999999999
9 0.5019512500000001 0.818515 0.9882775 0.03456999999999999
11 0.265135 0.91605 0.19629 0.15556000000000003
11 0.458985 0.916665 0.19141000000000002 0.15678999999999998
11 0.6333 0.90926 0.15722000000000003 0.17902000000000007
11 0.777345 0.90926 0.12890999999999997 0.17902000000000007
11 0.921385 0.9228400000000001 0.14355000000000007 0.15186
