1 0.50048828 0.50156495 0.99902344 0.9968701
2 0.140135 0.15258 0.024410000000000015 0.03911999999999999
2 0.24756 0.15415 0.024419999999999997 0.039120000000000016
2 0.354005 0.15415 0.024409999999999987 0.039120000000000016
2 0.46045 0.15571000000000002 0.024419999999999997 0.039120000000000016
2 0.5678700000000001 0.15336499999999997 0.024419999999999997 0.03755
2 0.92041 0.319245 0.022460000000000035 0.015650000000000053
2 0.668945 0.40376 0.017570000000000086 0.012519999999999976
2 0.5898399999999999 0.40376 0.01758000000000004 0.012519999999999976
2 0.51074 0.40376 0.01758000000000004 0.012519999999999976
2 0.43164 0.40454 0.017579999999999985 0.014079999999999981
2 0.35156 0.40454 0.017579999999999985 0.014079999999999981
2 0.27344 0.40454 0.017579999999999985 0.014079999999999981
2 0.11426 0.40219 0.017580000000000012 0.012519999999999976
2 0.19286999999999999 0.40297499999999997 0.018559999999999993 0.014089999999999991
2 0.11377000000000001 0.46713499999999997 0.018560000000000007 0.02972999999999998
2 0.192385 0.46713499999999997 0.019529999999999992 0.02972999999999998
2 0.271485 0.4687 0.019529999999999992 0.02973999999999999
2 0.34912 0.46713499999999997 0.01856000000000002 0.02972999999999998
2 0.426755 0.4687 0.019529999999999992 0.02973999999999999
2 0.5058549999999999 0.4687 0.019529999999999992 0.02973999999999999
2 0.58545 0.46713499999999997 0.01856000000000002 0.02972999999999998
2 0.6630849999999999 0.4687 0.019529999999999936 0.02973999999999999
2 0.11474800000000002 0.62598 0.034184000000000006 0.10641999999999996
2 0.19286999999999999 0.62598 0.034180000000000016 0.10641999999999996
2 0.271 0.62598 0.03417999999999999 0.10641999999999996
2 0.34814 0.62598 0.03417999999999999 0.10641999999999996
2 0.42627 0.62598 0.03417999999999999 0.10641999999999996
2 0.50439 0.62598 0.034180000000000044 0.10641999999999996
2 0.58154 0.62598 0.03417999999999999 0.10641999999999996
2 0.65967 0.62598 0.03417999999999999 0.10641999999999996
2 0.115725 0.773865 0.018549999999999997 0.032869999999999955
2 0.19530999999999998 0.773865 0.017580000000000012 0.032869999999999955
2 0.27490000000000003 0.773865 0.018559999999999965 0.032869999999999955
2 0.35302500000000003 0.7723 0.01855000000000001 0.03286
2 0.43213 0.77308 0.01856000000000002 0.031299999999999994
2 0.115725 0.86072 0.018549999999999997 0.04693999999999998
2 0.19530999999999998 0.859935 0.017580000000000012 0.04851000000000005
2 0.354005 0.859155 0.01855000000000001 0.04695000000000005
2 0.43262 0.859935 0.01758000000000004 0.04851000000000005
2 0.59033 0.859935 0.01856000000000002 0.04851000000000005
2 0.66797 0.859935 0.01758000000000004 0.04851000000000005
3 0.27637 0.89202 0.039059999999999984 0.10328000000000004
4 0.11425750000000001 0.514085 0.066405 0.05790999999999996
4 0.19531500000000002 0.5156499999999999 0.06641 0.05789999999999995
4 0.27197 0.5156499999999999 0.06738 0.05789999999999995
4 0.351565 0.5156499999999999 0.06445000000000001 0.05789999999999995
4 0.430665 0.514085 0.06445000000000001 0.05790999999999996
4 0.510745 0.51643 0.06444999999999995 0.056339999999999946
4 0.5869150000000001 0.5156499999999999 0.06445000000000001 0.05789999999999995
4 0.6665049999999999 0.517215 0.061529999999999974 0.05791000000000002
6 0.3984375 0.32081499999999996 0.640625 0.05946999999999997
6 0.90576 0.22066000000000002 0.1689400000000001 0.07511999999999999
8 0.033202999999999996 0.150235 0.023437999999999997 0.07825
8 0.086428 0.150235 0.040043999999999996 0.07511000000000001
8 0.13965 0.1518 0.039059999999999984 0.07512
8 0.19336 0.1518 0.039059999999999984 0.07512
8 0.24707 0.153365 0.03906000000000001 0.07511000000000001
8 0.30078 0.153365 0.039059999999999984 0.07511000000000001
8 0.353515 0.153365 0.039069999999999994 0.07511000000000001
8 0.40723 0.153365 0.039059999999999984 0.07511000000000001
8 0.46240000000000003 0.153365 0.04004000000000002 0.07511000000000001
8 0.515625 0.1518 0.039069999999999994 0.07512
8 0.56836 0.153365 0.039059999999999984 0.07511000000000001
8 0.6210899999999999 0.15493 0.039059999999999984 0.07511999999999999
8 0.67578 0.15571000000000002 0.023440000000000016 0.07668
8 0.815915 0.15415 0.2236300000000001 0.07042
8 0.957035 0.18075000000000002 0.037109999999999976 0.04225999999999999
8 0.9668 0.151015 0.023439999999999905 0.07355000000000002
8 0.029785 0.49609000000000003 0.018554 0.25352
8 0.913575 0.40532 0.07325000000000004 0.06259999999999999
9 0.4995097 0.0532074 0.9873006000000001 0.0970252
9 0.3901385 0.371675 0.659183 0.045389999999999986
9 0.3901365 0.43035999999999996 0.657227 0.03755999999999998
9 0.39257949999999997 0.69953 0.648441 0.05946000000000007
9 0.39550949999999996 0.903755 0.654301 0.029730000000000034
10 0.050293 0.505475 0.018554 0.23161000000000004
10 0.07421900000000001 0.564945 0.013672000000000004 0.19719000000000003
10 0.154785 0.565725 0.012690000000000007 0.19875000000000004
10 0.233885 0.5665100000000001 0.012690000000000007 0.19718000000000002
10 0.313475 0.5672900000000001 0.01366999999999996 0.19562000000000002
10 0.39209000000000005 0.564945 0.012699999999999989 0.19719000000000003
10 0.47119 0.5657300000000001 0.012700000000000045 0.19562000000000002
10 0.549315 0.564945 0.01269000000000009 0.19719000000000003
10 0.7075199999999999 0.5665100000000001 0.012700000000000045 0.19718000000000002
10 0.6293949999999999 0.5665100000000001 0.012689999999999979 0.19718000000000002
10 0.7304649999999999 0.5571200000000001 0.01366999999999996 0.19718000000000002
10 0.82959 0.51878 0.01660000000000006 0.25196
10 0.86963 0.52191 0.016599999999999948 0.25195999999999996
10 0.11377000000000001 0.14475500000000002 0.008779999999999996 0.08607000000000001
10 0.167485 0.146325 0.008789999999999992 0.08607
10 0.0541995 0.1400635 0.008788999999999998 0.08607300000000001
10 0.01220725 0.1400635 0.008789499999999999 0.08607300000000001
10 0.061035500000000006 0.14319500000000002 0.004883000000000005 0.08607000000000001
10 0.222165 0.147885 0.00879000000000002 0.08607000000000001
10 0.275875 0.146325 0.00879000000000002 0.08607
10 0.32959 0.147105 0.00878000000000001 0.08763
10 0.38427500000000003 0.14867 0.00879000000000002 0.08764
10 0.43701500000000004 0.149455 0.00879000000000002 0.08607
10 0.491695 0.147105 0.008789999999999965 0.08763
10 0.54541 0.147885 0.00878000000000001 0.08607000000000001
10 0.5991249999999999 0.146325 0.008789999999999965 0.08607
10 0.658695 0.14554 0.008789999999999965 0.08764
10 0.699705 0.14475500000000002 0.008789999999999965 0.08607000000000001
10 0.65039 0.147885 0.0039000000000000146 0.08607000000000001
10 0.949705 0.146325 0.008789999999999965 0.08607
10 0.94043 0.14867 0.0039000000000000146 0.08764
10 0.051269499999999996 0.6478900000000001 0.022461000000000002 0.05008000000000001
10 0.07519500000000001 0.68545 0.017577999999999996 0.04381999999999997
10 0.15576 0.68701 0.018559999999999993 0.04381999999999997
10 0.0854495 0.6134599999999999 0.008788999999999991 0.11268
10 0.143065 0.6142399999999999 0.00879000000000002 0.11424000000000001
10 0.164555 0.6134599999999999 0.008789999999999992 0.11268
10 0.222165 0.6142399999999999 0.00879000000000002 0.11424000000000001
10 0.24462499999999998 0.6142399999999999 0.008789999999999992 0.11424000000000001
10 0.300295 0.6142399999999999 0.00879000000000002 0.11424000000000001
10 0.32323999999999997 0.6142399999999999 0.005860000000000032 0.11424000000000001
10 0.37939500000000004 0.6142399999999999 0.00879000000000002 0.11424000000000001
10 0.40185499999999996 0.6142399999999999 0.0048900000000000055 0.11424000000000001
10 0.456545 0.6150249999999999 0.00879000000000002 0.11266999999999994
10 0.48047 0.6150249999999999 0.005859999999999976 0.11266999999999994
10 0.5356449999999999 0.6150249999999999 0.008789999999999965 0.11266999999999994
10 0.614745 0.6134599999999999 0.008790000000000076 0.11268
10 0.6918949999999999 0.6150249999999999 0.008789999999999965 0.11266999999999994
10 0.55957 0.6142399999999999 0.005859999999999976 0.11424000000000001
10 0.63867 0.6134599999999999 0.005859999999999976 0.11268
10 0.234375 0.68701 0.017569999999999975 0.04381999999999997
10 0.31348 0.68701 0.017579999999999985 0.04381999999999997
10 0.39258000000000004 0.68545 0.017579999999999985 0.04381999999999997
10 0.549805 0.68545 0.017570000000000086 0.04381999999999997
10 0.4707 0.68701 0.01758000000000004 0.04381999999999997
10 0.631345 0.68701 0.018549999999999955 0.04381999999999997
10 0.08691399999999999 0.68858 0.011717999999999992 0.03756000000000004
10 0.14257999999999998 0.69014 0.01171999999999998 0.03756000000000004
10 0.16699 0.69014 0.011720000000000008 0.03756000000000004
10 0.22168 0.69014 0.01171999999999998 0.03756000000000004
10 0.24512 0.69014 0.01171999999999998 0.03756000000000004
10 0.30029 0.69014 0.010739999999999972 0.03756000000000004
10 0.32422 0.69014 0.009759999999999991 0.03756000000000004
10 0.37890500000000005 0.68858 0.009770000000000001 0.03756000000000004
10 0.404295 0.69014 0.007809999999999984 0.03756000000000004
10 0.456545 0.68936 0.00879000000000002 0.03600000000000003
10 0.01220695 0.19014 0.010742100000000001 0.014079999999999981
10 0.053223 0.19014 0.010742000000000002 0.014079999999999981
10 0.062012 0.19170500000000001 0.006836000000000002 0.010949999999999988
10 0.11377000000000001 0.19562000000000002 0.012700000000000003 0.012520000000000003
10 0.16797 0.19562000000000002 0.011720000000000008 0.012520000000000003
10 0.22217 0.19718000000000002 0.012699999999999989 0.012520000000000003
10 0.27588 0.19718000000000002 0.012699999999999989 0.012520000000000003
10 0.3291 0.19718000000000002 0.011719999999999953 0.012520000000000003
10 0.38378999999999996 0.197965 0.011720000000000008 0.014089999999999991
10 0.4375 0.19874999999999998 0.011719999999999953 0.012520000000000003
10 0.49121000000000004 0.19718000000000002 0.011720000000000008 0.012520000000000003
10 0.54541 0.19718000000000002 0.012700000000000045 0.012520000000000003
10 0.59863 0.19640000000000002 0.011719999999999953 0.01408000000000001
10 0.66016 0.19405 0.011719999999999953 0.012519999999999976
10 0.6499 0.19718000000000002 0.0048799999999999955 0.012520000000000003
10 0.699705 0.19562000000000002 0.012689999999999979 0.012520000000000003
10 0.93994 0.197965 0.006839999999999957 0.010950000000000015
10 0.05078150000000001 0.371675 0.025391000000000004 0.03913
10 0.074707 0.4507 0.020508 0.031299999999999994
10 0.154785 0.4507 0.02051 0.031299999999999994
10 0.233885 0.45227 0.02051 0.031299999999999994
10 0.312985 0.45383 0.020510000000000028 0.031299999999999994
10 0.39209 0.4507 0.020499999999999963 0.031299999999999994
10 0.47119500000000003 0.45227 0.020509999999999973 0.031299999999999994
10 0.550295 0.4507 0.020510000000000028 0.031299999999999994
10 0.63037 0.4507 0.020499999999999963 0.031299999999999994
10 0.708495 0.451485 0.020510000000000028 0.03287000000000001
10 0.731935 0.44288 0.020510000000000028 0.031299999999999994
10 0.832035 0.37559 0.019530000000000047 0.031299999999999994
10 0.86963 0.37559 0.022459999999999924 0.03755999999999998
10 0.086426 0.5508599999999999 0.010742000000000002 0.012519999999999976
10 0.14209 0.5508599999999999 0.01074 0.012519999999999976
10 0.16602 0.5508599999999999 0.011720000000000008 0.012519999999999976
10 0.22119 0.5508599999999999 0.01074 0.012519999999999976
10 0.245605 0.5508599999999999 0.010749999999999982 0.012519999999999976
10 0.30029 0.5508599999999999 0.010739999999999972 0.012519999999999976
10 0.32421500000000003 0.5508599999999999 0.007810000000000039 0.012519999999999976
10 0.37890999999999997 0.5508599999999999 0.011720000000000008 0.012519999999999976
10 0.40283 0.55243 0.006840000000000013 0.012519999999999976
10 0.45654 0.55243 0.010739999999999972 0.012519999999999976
10 0.53467 0.55243 0.010739999999999972 0.012519999999999976
10 0.481935 0.55243 0.006830000000000003 0.012519999999999976
10 0.55908 0.5508599999999999 0.006839999999999957 0.012519999999999976
10 0.63916 0.55008 0.006840000000000068 0.01096000000000008
10 0.61475 0.55008 0.010739999999999972 0.01096000000000008
10 0.69141 0.5516449999999999 0.011719999999999953 0.010949999999999904
10 0.11327999999999999 0.0946785 0.011719999999999994 0.014082999999999998
10 0.16748000000000002 0.0954635 0.01074 0.015653
10 0.22216999999999998 0.097026 0.01074 0.015647999999999995
10 0.27539 0.097026 0.011720000000000008 0.015647999999999995
10 0.33008000000000004 0.097026 0.011720000000000008 0.015647999999999995
10 0.38378999999999996 0.09780849999999999 0.011720000000000008 0.014082999999999998
10 0.4375 0.0985935 0.011719999999999953 0.015653
10 0.49219 0.096246 0.011720000000000008 0.014088000000000003
10 0.5459 0.09780849999999999 0.011720000000000064 0.014082999999999998
10 0.59961 0.096246 0.011719999999999953 0.014088000000000003
10 0.65967 0.0946785 0.010739999999999972 0.014082999999999998
10 0.7001949999999999 0.0946785 0.011709999999999998 0.014082999999999998
10 0.65039 0.0970285 0.007819999999999938 0.012523000000000006
