1 0.48289865 0.52696 0.9592826999999999 0.5882400000000001
2 0.311075 0.37622500000000003 0.026050000000000018 0.09559000000000001
2 0.276055 0.375 0.027689999999999992 0.09314
2 0.241855 0.37622500000000003 0.027689999999999992 0.09559000000000001
2 0.207655 0.378675 0.027689999999999992 0.09559000000000001
2 0.17264000000000002 0.3799 0.02606 0.09314
2 0.140065 0.38235 0.026050000000000018 0.09314
2 0.106677 0.383575 0.027686000000000002 0.09558999999999995
2 0.0741045 0.38480499999999995 0.027686999999999996 0.09312999999999999
2 0.0423455 0.38480499999999995 0.026059000000000002 0.09312999999999999
2 0.34772000000000003 0.37255 0.027679999999999982 0.09314
2 0.38517999999999997 0.371325 0.027679999999999982 0.09559000000000001
2 0.417755 0.3701 0.027689999999999992 0.09314
2 0.451955 0.36887499999999995 0.027689999999999992 0.09559000000000001
2 0.45277 0.51348 0.026059999999999972 0.09558000000000005
2 0.41694 0.515935 0.026060000000000028 0.09558999999999995
2 0.38111 0.515935 0.026059999999999972 0.09558999999999995
2 0.34609 0.51961 0.027680000000000038 0.09314
2 0.30945 0.5208349999999999 0.026059999999999972 0.09558999999999995
2 0.27524000000000004 0.523285 0.026060000000000028 0.09559000000000001
2 0.24022500000000002 0.52206 0.02769000000000002 0.09313999999999995
2 0.20684000000000002 0.5208349999999999 0.02606 0.09558999999999995
2 0.17264000000000002 0.523285 0.02606 0.09559000000000001
2 0.10504749999999999 0.5208349999999999 0.027685 0.09558999999999995
2 0.13924999999999998 0.523285 0.02768000000000001 0.09559000000000001
2 0.07329000000000001 0.52451 0.026058000000000005 0.09314000000000006
2 0.0399025 0.52451 0.027687000000000003 0.09314000000000006
2 0.012215 0.52451 0.014658 0.09314000000000006
2 0.013843850000000001 0.387255 0.0146583 0.09312999999999999
2 0.012215 0.66667 0.014658 0.09314
2 0.0423455 0.66912 0.026059000000000002 0.09314
2 0.0749185 0.66912 0.026059 0.09314
2 0.108305 0.670345 0.021169999999999994 0.09558999999999995
2 0.14088 0.67157 0.02768000000000001 0.09314
2 0.1759 0.667895 0.02606 0.09559000000000006
2 0.20684000000000002 0.66912 0.02606 0.09314
2 0.24267 0.66912 0.026059999999999972 0.09314
2 0.276055 0.6654450000000001 0.027689999999999992 0.09558999999999995
2 0.311075 0.66667 0.026050000000000018 0.09314
2 0.34609 0.6654450000000001 0.027680000000000038 0.09558999999999995
2 0.37948000000000004 0.664215 0.026060000000000028 0.09312999999999994
2 0.41694 0.664215 0.026060000000000028 0.09312999999999994
2 0.451955 0.66299 0.027689999999999992 0.09558
2 0.668565 0.362745 0.027689999999999992 0.09312999999999999
2 0.704395 0.36152 0.027689999999999992 0.09558
2 0.74104 0.362745 0.029320000000000013 0.09312999999999999
2 0.77687 0.36152 0.0293199999999999 0.09558
2 0.812705 0.36029500000000003 0.029309999999999947 0.09312999999999999
2 0.85016 0.36152 0.029320000000000013 0.09558
2 0.8843650000000001 0.35784 0.029310000000000058 0.09314
2 0.920195 0.356615 0.029309999999999947 0.09559000000000001
2 0.66775 0.508575 0.029320000000000013 0.09559000000000001
2 0.706025 0.508575 0.027689999999999992 0.09559000000000001
2 0.7394149999999999 0.5061249999999999 0.029310000000000058 0.09558999999999995
2 0.7785 0.5061249999999999 0.029320000000000013 0.09558999999999995
2 0.815145 0.5061249999999999 0.027689999999999992 0.09558999999999995
2 0.848535 0.5061249999999999 0.029310000000000058 0.09558999999999995
2 0.88762 0.503675 0.029320000000000013 0.09559000000000001
2 0.920195 0.503675 0.029309999999999947 0.09559000000000001
2 0.78013 0.655635 0.03258000000000005 0.09558999999999995
2 0.818405 0.6544099999999999 0.030949999999999922 0.09804000000000002
2 0.8526050000000001 0.653185 0.030949999999999922 0.10048999999999997
2 0.888435 0.64951 0.030950000000000033 0.09804000000000002
2 0.559445 0.721815 0.027689999999999992 0.09559000000000006
3 0.7076549999999999 0.724265 0.10587000000000002 0.13971
7 0.041531 0.38603 0.024430000000000004 0.09067999999999998
7 0.074104 0.38480499999999995 0.024430000000000007 0.09312999999999999
7 0.24185500000000001 0.37745 0.024430000000000007 0.09314
7 0.27605500000000005 0.375 0.024430000000000007 0.09314
7 0.039902 0.5257350000000001 0.024429999999999997 0.09069000000000005
7 0.072476 0.5257350000000001 0.02443 0.09069000000000005
7 0.38029500000000005 0.51716 0.024430000000000007 0.09313999999999995
7 0.417755 0.514705 0.024430000000000007 0.09313000000000005
7 0.451955 0.5134799999999999 0.024430000000000007 0.09067999999999998
7 0.451955 0.66299 0.024430000000000007 0.09067999999999998
7 0.417755 0.66299 0.024430000000000007 0.09067999999999998
7 0.38029500000000005 0.66299 0.024430000000000007 0.09067999999999998
7 0.34609500000000004 0.66544 0.024430000000000007 0.09067999999999998
7 0.311075 0.66667 0.022809999999999997 0.09314
7 0.27605500000000005 0.66544 0.024430000000000007 0.09067999999999998
7 0.24185500000000001 0.670345 0.024430000000000007 0.09069000000000005
7 0.206025 0.667895 0.02442999999999998 0.09068999999999994
7 0.175085 0.667895 0.024430000000000007 0.09068999999999994
7 0.140875 0.672795 0.024430000000000007 0.09069000000000005
7 0.074104 0.670345 0.024430000000000007 0.09069000000000005
7 0.1083045 0.670345 0.017910999999999996 0.09069000000000005
7 0.043160000000000004 0.66912 0.02443 0.09314
7 0.011400500000000001 0.667895 0.013029 0.09068999999999994
7 0.013029349999999999 0.523285 0.013029299999999999 0.09068999999999999
7 0.013029349999999999 0.38848 0.013029299999999999 0.09067999999999998
7 0.780945 0.655635 0.024429999999999952 0.09069000000000005
7 0.816775 0.653185 0.024429999999999952 0.09068999999999994
7 0.6685650000000001 0.362745 0.024430000000000063 0.09312999999999999
7 0.704395 0.36152 0.024429999999999952 0.09067999999999998
7 0.740225 0.36397 0.024429999999999952 0.09067999999999998
7 0.7760549999999999 0.36152 0.024430000000000063 0.09067999999999998
7 0.813515 0.36029500000000003 0.024429999999999952 0.09312999999999999
7 0.849345 0.36152 0.024429999999999952 0.09067999999999998
7 0.884365 0.356615 0.022809999999999997 0.09068999999999999
7 0.919385 0.356615 0.024429999999999952 0.09068999999999999
7 0.6669350000000001 0.50858 0.024430000000000063 0.09067999999999998
7 0.706025 0.50858 0.024429999999999952 0.09067999999999998
7 0.740225 0.50858 0.024429999999999952 0.09067999999999998
7 0.779315 0.506125 0.024429999999999952 0.09068999999999999
7 0.815145 0.50858 0.024429999999999952 0.09067999999999998
7 0.849345 0.506125 0.024429999999999952 0.09068999999999999
7 0.8868050000000001 0.503675 0.024430000000000063 0.09068999999999994
7 0.9210050000000001 0.506125 0.024430000000000063 0.09068999999999999
7 0.451955 0.3701 0.024430000000000007 0.09314
7 0.10667650000000001 0.370095 0.02442699999999999 0.06862999999999997
7 0.140875 0.3701 0.024430000000000007 0.06372
7 0.173455 0.36641999999999997 0.024430000000000007 0.06617999999999996
7 0.207655 0.35784 0.024430000000000007 0.05391999999999997
7 0.105047 0.514705 0.024426000000000003 0.07842999999999994
7 0.139255 0.51838 0.024430000000000007 0.08088000000000001
7 0.171825 0.517155 0.024430000000000007 0.07843000000000006
7 0.30945 0.501225 0.022800000000000042 0.05146999999999996
7 0.346905 0.5 0.022809999999999997 0.05391999999999997
