2 0.54932 0.343505 0.08496000000000004 0.18831
2 0.33447499999999997 0.340905 0.08300999999999997 0.18831
2 0.19482 0.34026 0.08496000000000001 0.18702
2 0.76416 0.343505 0.08300000000000007 0.18831
2 0.885255 0.34545499999999996 0.08301000000000003 0.18961
2 0.191405 0.757795 0.08399000000000001 0.1493500000000001
2 0.33252000000000004 0.757795 0.08300000000000002 0.1493500000000001
2 0.759275 0.757795 0.08301000000000003 0.1493500000000001
2 0.884275 0.7597400000000001 0.08301000000000003 0.15064
3 0.547365 0.823375 0.10058999999999996 0.28830999999999996
1 0.5278305 0.5084405 0.9423790000000001 0.977919
5 0.188965 0.474675 0.13378999999999996 0.08961000000000008
5 0.331545 0.474675 0.13379000000000002 0.08961000000000008
5 0.54541 0.48246500000000003 0.13377999999999995 0.08961000000000002
5 0.757325 0.48116500000000006 0.13378999999999996 0.08961000000000002
5 0.891115 0.48246500000000003 0.13379000000000008 0.08961000000000002
8 0.54834 0.61299 0.04589999999999994 0.07791999999999999
9 0.5302745 0.08376850000000001 0.9238310000000001 0.12078300000000002
9 0.533691 0.544805 0.926758 0.06363000000000008
8 0.2334 0.605845 0.07811999999999997 0.17272999999999994
