1 0.49609455 0.48953199999999997 0.9746109000000001 0.956896
2 0.110351 0.18657500000000002 0.074218 0.14409
2 0.34912 0.18657500000000002 0.07519999999999999 0.14409
2 0.52539 0.18473 0.07422000000000001 0.14286
2 0.72461 0.19089 0.07421999999999995 0.14286
2 0.890625 0.18903999999999999 0.07421000000000011 0.14407999999999999
2 0.88965 0.47043999999999997 0.07422000000000006 0.14286
2 0.52539 0.467365 0.07422000000000001 0.14408999999999994
2 0.3418 0.464285 0.07422000000000001 0.14285000000000003
2 0.1005885 0.46797999999999995 0.07422299999999998 0.15763999999999995
3 0.339355 0.823275 0.08887 0.28695000000000004
4 0.100584 0.33621 0.15429199999999998 0.09606000000000003
4 0.34473 0.33867 0.1543 0.09359999999999996
4 0.527345 0.336205 0.15428999999999998 0.09359
4 0.891115 0.34729 0.14355000000000007 0.10592000000000001
5 0.10009950000000001 0.559115 0.125981 0.04186999999999996
5 0.34131 0.5560350000000001 0.12597999999999998 0.04311000000000009
5 0.52197 0.560345 0.12598000000000004 0.041870000000000074
5 0.8852549999999999 0.560345 0.12597000000000003 0.041870000000000074
5 0.887695 0.289405 0.10936999999999997 0.07388999999999996
5 0.726075 0.266625 0.10838999999999999 0.028329999999999966
5 0.524905 0.28325 0.11621000000000004 0.06157999999999997
5 0.351075 0.28448 0.11620999999999998 0.06157999999999997
5 0.1049825 0.28448 0.11621500000000001 0.06157999999999997
5 0.520505 0.904555 0.12891000000000002 0.060349999999999904
5 0.72168 0.8996299999999999 0.12890000000000001 0.06033999999999995
5 0.09814500000000001 0.8947050000000001 0.12793 0.060350000000000015
7 0.052246 0.18165 0.047852000000000006 0.14901999999999999
7 0.29052500000000003 0.179805 0.047850000000000004 0.15025
7 0.47217 0.182885 0.043940000000000035 0.14655
7 0.67041 0.187195 0.0478599999999999 0.15025
7 0.836425 0.18719000000000002 0.043950000000000045 0.14532
7 0.16064 0.177341 0.03417999999999999 0.157638
7 0.40283 0.181035 0.03417999999999999 0.15763000000000002
7 0.580075 0.182265 0.04296999999999995 0.15025
7 0.77539 0.18411 0.039059999999999984 0.15393999999999997
7 0.93994 0.18658 0.040040000000000076 0.15394000000000002
7 0.043457 0.461825 0.04589800000000001 0.15271
7 0.15039000000000002 0.45936 0.03516 0.15518000000000004
7 0.32372999999999996 0.46428499999999995 0.036140000000000005 0.14038999999999996
7 0.359865 0.46366999999999997 0.036129999999999995 0.14161999999999997
7 0.506835 0.46736500000000003 0.03321000000000002 0.14162999999999998
7 0.54199 0.46736500000000003 0.03320000000000001 0.14162999999999998
7 0.83887 0.46982500000000005 0.039060000000000095 0.14655
7 0.9453100000000001 0.46797999999999995 0.039059999999999984 0.14777999999999997
8 0.724125 0.47968 0.10448999999999997 0.21060000000000006
8 0.725585 0.330665 0.10936999999999997 0.08496999999999999
8 0.218265 0.7266 0.14551 0.20936
8 0.09716699999999999 0.64717 0.083006 0.055420000000000025
8 0.032715 0.7444599999999999 0.038085999999999995 0.25246
8 0.33936 0.6484 0.08496000000000004 0.055420000000000025
8 0.426755 0.7734 0.07616999999999996 0.3005
8 0.52051 0.6496299999999999 0.08593999999999996 0.05296000000000001
8 0.622075 0.7672399999999999 0.09375 0.28818
8 0.722655 0.64717 0.08592999999999995 0.05296000000000001
8 0.807125 0.765395 0.07715000000000005 0.2869499999999999
8 0.8925799999999999 0.64717 0.08594000000000002 0.05296000000000001
8 0.95947 0.762315 0.040039999999999965 0.28325
9 0.4941425 0.051724 0.957035 0.07635399999999999
9 0.496094 0.27217 0.957032 0.03201999999999999
9 0.49755699999999997 0.59914 0.952146 0.05296000000000001
11 0.099609 0.7746299999999999 0.08984199999999999 0.19704
11 0.521485 0.777095 0.08984999999999999 0.19704999999999995
11 0.7231449999999999 0.77586 0.08690999999999993 0.19704
11 0.88965 0.7746299999999999 0.08594000000000002 0.19704
11 0.42969 0.8282 0.05077999999999999 0.10468
