1 0.5019514 0.5024143 0.9941372 0.9927514
2 0.1225605 0.84843 0.06933900000000001 0.14856000000000003
2 0.250975 0.8532649999999999 0.07030999999999998 0.14855000000000007
2 0.77832 0.84843 0.07031999999999994 0.14856000000000003
2 0.90674 0.847225 0.06933999999999996 0.14854999999999996
2 0.1162125 0.251205 0.070315 0.16667
2 0.250975 0.253625 0.07030999999999998 0.16666999999999998
2 0.38183500000000004 0.251205 0.07031000000000004 0.16667
2 0.52002 0.255435 0.06934000000000001 0.16545
2 0.66455 0.252415 0.06933999999999996 0.16666999999999998
2 0.79053 0.252415 0.06934000000000007 0.16666999999999998
2 0.923825 0.253625 0.0703100000000001 0.16666999999999998
2 0.1162125 0.55797 0.070315 0.16665999999999997
2 0.248535 0.55797 0.06933 0.16665999999999997
2 0.38037 0.55918 0.06934000000000001 0.16666000000000003
2 0.519045 0.55918 0.06933000000000006 0.16666000000000003
2 0.65967 0.5615950000000001 0.06933999999999996 0.16666999999999998
2 0.7832049999999999 0.565215 0.07030999999999998 0.16666999999999998
2 0.9174800000000001 0.5615950000000001 0.06934000000000007 0.16666999999999998
3 0.515135 0.876205 0.13769000000000003 0.23309000000000002
4 0.1132825 0.447465 0.132815 0.06401000000000001
4 0.251465 0.446255 0.13183 0.06401000000000001
4 0.384765 0.447465 0.13281000000000004 0.06401000000000001
4 0.52197 0.447465 0.13184 0.06401000000000001
4 0.663575 0.447465 0.13183 0.06401000000000001
4 0.795895 0.447465 0.13280999999999998 0.06401000000000001
4 0.9292 0.447465 0.13183999999999996 0.06401000000000001
4 0.11816499999999999 0.132245 0.11719 0.032609999999999986
4 0.25293 0.12802 0.11718 0.031399999999999983
4 0.38622999999999996 0.12923 0.11815999999999999 0.0314
4 0.52832 0.130435 0.11718000000000006 0.031409999999999993
4 0.669925 0.12923 0.1171899999999999 0.0314
4 0.795895 0.12923 0.11719000000000002 0.0314
4 0.9292 0.13527 0.11816000000000004 0.0314
9 0.504884 0.680555 0.980472 0.08816999999999997
9 0.5053725 0.3593 0.985355 0.04710000000000003
9 0.503904 0.042874550000000004 0.978512 0.0688409
5 0.1186545 0.674515 0.10059099999999999 0.061590000000000034
5 0.24805 0.674515 0.10155999999999998 0.061590000000000034
5 0.382325 0.67391 0.10059000000000001 0.06279999999999997
5 0.516115 0.67633 0.10058999999999996 0.06279999999999997
5 0.6606449999999999 0.67391 0.10059000000000007 0.06279999999999997
5 0.78467 0.67633 0.10058 0.06279999999999997
5 0.9150400000000001 0.6769350000000001 0.10155999999999998 0.06158999999999992
