1 0.5007362 0.5019547 0.9897076 0.9921906
2 0.09779299999999999 0.171875 0.063234 0.08006999999999997
2 0.23456 0.171875 0.06617999999999999 0.08006999999999997
2 0.16765 0.33008000000000004 0.04411999999999999 0.10352
2 0.2375 0.32909999999999995 0.042639999999999983 0.10352
2 0.7514700000000001 0.16992000000000002 0.06764000000000003 0.08008000000000001
2 0.891175 0.16992000000000002 0.0676500000000001 0.08008000000000001
2 0.53603 0.157715 0.05736000000000008 0.05957000000000001
2 0.456615 0.158695 0.05735000000000001 0.05957000000000001
2 0.460295 0.327635 0.05882999999999999 0.10448999999999997
2 0.531615 0.32959 0.0573499999999999 0.10450000000000004
2 0.75147 0.32715000000000005 0.050000000000000044 0.10352
2 0.821325 0.32616999999999996 0.04852999999999996 0.10352
2 0.88971 0.32715000000000005 0.050000000000000044 0.10352
2 0.124998 0.48584 0.070584 0.09277999999999997
2 0.21176499999999998 0.485355 0.07059000000000001 0.09375
2 0.44853 0.483395 0.07057999999999998 0.09375
2 0.54191 0.483395 0.06912000000000007 0.09375
2 0.777945 0.48291 0.07058999999999993 0.09277999999999997
2 0.8647050000000001 0.483395 0.07059000000000004 0.09375
2 0.757355 0.820315 0.06764999999999999 0.09960999999999998
2 0.891175 0.81787 0.0676500000000001 0.09864000000000006
2 0.44191 0.65674 0.03970000000000001 0.11426000000000003
2 0.49705999999999995 0.65674 0.038239999999999996 0.11426000000000003
2 0.5522050000000001 0.65674 0.03971000000000002 0.11426000000000003
2 0.81912 0.661135 0.09411999999999998 0.12109000000000003
2 0.16765000000000002 0.66211 0.09412000000000001 0.12109999999999999
2 0.239705 0.8208 0.06764999999999999 0.09863999999999995
2 0.104414 0.821775 0.067652 0.09863
3 0.5 0.877445 0.14999999999999997 0.17871000000000004
5 0.124998 0.544925 0.067644 0.025390000000000024
5 0.21176499999999998 0.544435 0.06765000000000002 0.026370000000000005
5 0.44853 0.5415000000000001 0.06763999999999998 0.022460000000000035
5 0.54191 0.5415000000000001 0.06912000000000007 0.022460000000000035
5 0.779415 0.5415000000000001 0.06764999999999999 0.022460000000000035
5 0.86544 0.54053 0.06912000000000007 0.022460000000000035
5 0.09705749999999999 0.22314499999999998 0.067645 0.022470000000000018
5 0.233825 0.22314499999999998 0.06764999999999999 0.022470000000000018
5 0.7514700000000001 0.220215 0.06764000000000003 0.02246999999999999
5 0.88897 0.220215 0.06911999999999996 0.02246999999999999
6 0.1661765 0.379395 0.26764699999999997 0.07911000000000001
6 0.8235300000000001 0.37549 0.26764 0.0791
6 0.494855 0.36914 0.15735 0.08398
6 0.16544150000000002 0.71826 0.266177 0.07519999999999993
6 0.8301499999999999 0.71582 0.26617999999999997 0.07617999999999991
6 0.501475 0.7001949999999999 0.32647000000000004 0.05079
7 0.0566175 0.16260000000000002 0.016176999999999997 0.06348000000000001
7 0.13602999999999998 0.16260000000000002 0.01618 0.06348000000000001
7 0.220585 0.174805 0.03234999999999999 0.07227
7 0.25147 0.174805 0.02942000000000003 0.07227
7 0.738235 0.3291 0.020589999999999997 0.09570000000000001
7 0.7602949999999999 0.32959 0.020589999999999997 0.09667999999999999
7 0.8088249999999999 0.328125 0.020589999999999997 0.09960999999999998
7 0.83162 0.328125 0.02205999999999997 0.09960999999999998
7 0.9 0.328125 0.020580000000000043 0.09960999999999998
7 0.8794150000000001 0.328125 0.020589999999999997 0.09960999999999998
7 0.21176499999999998 0.487305 0.06471000000000002 0.08789000000000002
7 0.12499849999999998 0.487305 0.064703 0.08789000000000002
7 0.447795 0.484375 0.06323000000000001 0.08789000000000002
7 0.541175 0.484375 0.06470999999999993 0.08789000000000002
7 0.77794 0.484375 0.06469999999999998 0.08789000000000002
7 0.86397 0.485355 0.06323999999999996 0.08788999999999997
7 0.1125 0.66211 0.024999999999999994 0.11914000000000002
7 0.19265 0.662595 0.04118000000000002 0.11621000000000004
7 0.87868 0.65918 0.02205999999999997 0.12304000000000004
7 0.76985 0.660155 0.02205999999999997 0.12304999999999999
7 0.0625 0.814945 0.019117999999999996 0.08301000000000003
7 0.14190999999999998 0.813965 0.019119999999999998 0.08300999999999992
7 0.2 0.813965 0.020580000000000015 0.08300999999999992
7 0.28015 0.813965 0.019120000000000026 0.08300999999999992
7 0.77206 0.8188500000000001 0.032360000000000055 0.09082000000000001
7 0.7397050000000001 0.8178700000000001 0.03234999999999999 0.09082000000000001
7 0.9073549999999999 0.81592 0.03234999999999999 0.09082000000000001
7 0.8742650000000001 0.81592 0.030889999999999973 0.09082000000000001
8 0.305145 0.168455 0.042649999999999966 0.08886999999999999
8 0.16544 0.168455 0.04264000000000001 0.08886999999999999
8 0.03014725 0.16797 0.042647500000000005 0.08593999999999999
8 0.38382499999999997 0.16504 0.041169999999999984 0.08594
8 0.606615 0.16405999999999998 0.04265000000000008 0.08593999999999999
8 0.6845600000000001 0.16699 0.0426399999999999 0.08594
8 0.8227949999999999 0.16699 0.042649999999999966 0.08594
8 0.95956 0.16650500000000001 0.04264000000000001 0.08691
8 0.6830849999999999 0.22070499999999998 0.042649999999999966 0.013669999999999988
8 0.82206 0.220215 0.041179999999999994 0.014649999999999996
8 0.9632350000000001 0.22070499999999998 0.04117000000000004 0.013669999999999988
8 0.027205700000000003 0.224125 0.0426466 0.014649999999999996
8 0.16617500000000002 0.223635 0.04117000000000001 0.013670000000000015
8 0.30588 0.22168 0.041179999999999994 0.013679999999999998
8 0.374265 0.217775 0.022050000000000014 0.013670000000000015
8 0.619115 0.21826 0.02353000000000005 0.012700000000000017
8 0.372795 0.3916 0.04559000000000002 0.02734000000000003
8 0.618385 0.3916 0.04559000000000002 0.02734000000000003
8 0.6161749999999999 0.540525 0.05883000000000005 0.020510000000000028
8 0.37353000000000003 0.541015 0.05882000000000004 0.019530000000000047
8 0.49485500000000004 0.091796 0.35147 0.042968000000000006
4 0.8227949999999999 0.423825 0.18970999999999993 0.019529999999999992
4 0.1683845 0.42578499999999997 0.18971099999999996 0.019529999999999992
4 0.49485 0.42285 0.16618 0.01758000000000004
6 0.494855 0.20507999999999998 0.23970999999999998 0.10938
8 0.505149 0.035644499999999996 0.9691219999999999 0.049804999999999995
8 0.89044 0.09472900000000001 0.027940000000000076 0.017582
8 0.751475 0.095217 0.026469999999999994 0.016605999999999996
8 0.097057 0.09765850000000001 0.026466000000000003 0.017583
8 0.23456 0.09716849999999999 0.027939999999999993 0.016602999999999993
9 0.502207 0.0839855 0.983826 0.060549
9 0.502942 0.23779 0.985296 0.02245999999999998
9 0.49706089999999997 0.39697000000000005 0.9852982 0.02245999999999998
9 0.5036775 0.55176 0.980885 0.04491999999999996
9 0.49853119999999995 0.7324200000000001 0.9852976 0.021480000000000055
10 0.13235 0.328125 0.005879999999999996 0.06054999999999999
10 0.200735 0.32764 0.007349999999999995 0.06152000000000002
10 0.496325 0.30176000000000003 0.010289999999999966 0.05663999999999997
10 0.424265 0.32227 0.010290000000000021 0.056640000000000024
10 0.5654399999999999 0.3208 0.010300000000000087 0.05761999999999995
10 0.7852950000000001 0.32323999999999997 0.005890000000000062 0.05663999999999997
10 0.85588 0.32323999999999997 0.005879999999999996 0.05663999999999997
10 0.49632 0.35205 0.02205999999999997 0.04199999999999998
10 0.56838 0.36816499999999996 0.016180000000000083 0.03711000000000003
10 0.421325 0.369145 0.016170000000000018 0.037109999999999976
10 0.49559 0.484375 0.008819999999999995 0.058589999999999975
10 0.82206 0.48535000000000006 0.00882000000000005 0.05860000000000004
10 0.168385 0.48828000000000005 0.007349999999999995 0.05860000000000004
10 0.16837999999999997 0.524905 0.013240000000000002 0.01464999999999994
10 0.496325 0.520995 0.013230000000000075 0.014650000000000052
10 0.8227949999999999 0.5224599999999999 0.013229999999999964 0.013680000000000025
10 0.13162000000000001 0.28808500000000004 0.019119999999999998 0.019529999999999992
10 0.200735 0.28808500000000004 0.019110000000000016 0.019529999999999992
10 0.497055 0.263675 0.02058999999999994 0.019529999999999992
10 0.42279500000000003 0.28418 0.01323000000000002 0.019540000000000002
10 0.566175 0.282225 0.01471 0.019530000000000047
10 0.8566199999999999 0.28515500000000005 0.016179999999999972 0.019529999999999992
10 0.7875000000000001 0.28515500000000005 0.016179999999999972 0.019529999999999992
10 0.16691 0.449705 0.019119999999999998 0.01855000000000001
10 0.49485 0.44628500000000004 0.019120000000000026 0.019529999999999992
10 0.82132 0.447265 0.019119999999999915 0.019529999999999992
11 0.825735 0.889645 0.11911000000000005 0.019530000000000047
11 0.824265 0.9394549999999999 0.20735000000000003 0.07616999999999996
11 0.17205900000000002 0.93457 0.205882 0.06054000000000004
11 0.16985 0.895995 0.08382 0.010750000000000037
8 0.37646999999999997 0.81836 0.04118000000000005 0.1543
8 0.505145 0.78076 0.18971 0.04394000000000009
2 0.09706000000000001 0.33008000000000004 0.044120000000000006 0.10352
7 0.09706100000000001 0.33496 0.03529800000000001 0.09179999999999999
