1 0.5227685 0.49951328 0.947463 0.99707344
2 0.24431000000000003 0.1328115 0.14186 0.130857
2 0.53765 0.135741 0.1366 0.13085799999999997
2 0.824865 0.135741 0.14361000000000002 0.13085799999999997
2 0.24868500000000002 0.41113 0.14011 0.14844000000000002
2 0.536775 0.41259500000000005 0.13484999999999997 0.14941
2 0.82399 0.41259500000000005 0.1418600000000001 0.14941
2 0.24693500000000002 0.663575 0.14361000000000002 0.15722999999999998
2 0.537655 0.66211 0.14711000000000002 0.1582
2 0.8266199999999999 0.66211 0.1401 0.1543
4 0.248685 0.556155 0.24868999999999997 0.04199000000000008
4 0.537655 0.55664 0.24869000000000002 0.041020000000000056
4 0.82837 0.55908 0.2486799999999999 0.04393999999999998
2 0.24606 0.91699 0.12434 0.10741999999999996
2 0.53853 0.91797 0.12084 0.10741999999999996
2 0.8336250000000001 0.918455 0.12259000000000009 0.10644999999999993
4 0.24693500000000002 0.83447 0.20665000000000003 0.01660000000000006
4 0.541155 0.83447 0.20665000000000006 0.01660000000000006
4 0.835375 0.836915 0.20665 0.015630000000000033
6 0.24342999999999998 0.76074 0.21716 0.04491999999999996
6 0.541155 0.76074 0.21716999999999997 0.04491999999999996
6 0.82662 0.762205 0.21716000000000002 0.043949999999999934
9 0.521891 0.256835 0.9316979999999999 0.11718999999999999
8 0.061296 0.265625 0.017514000000000002 0.06641
8 0.13135000000000002 0.26709 0.017520000000000008 0.06738
8 0.204905 0.26709 0.017509999999999998 0.06738
8 0.27846 0.26758 0.01751999999999998 0.06639999999999999
8 0.35201499999999997 0.26611 0.01750999999999997 0.06738000000000002
8 0.429075 0.26758 0.01750999999999997 0.06639999999999999
8 0.502625 0.26709 0.01750999999999997 0.06738
8 0.5779350000000001 0.26758 0.017510000000000026 0.06639999999999999
8 0.649735 0.26807 0.017510000000000026 0.06737999999999997
8 0.71979 0.26807 0.01751999999999998 0.06737999999999997
8 0.795095 0.26807 0.017509999999999915 0.06737999999999997
8 0.86865 0.268555 0.01751999999999998 0.06640999999999997
8 0.94746 0.26904 0.01751999999999998 0.06738
9 0.5262695 0.0522462 0.922941 0.0927736
9 0.522766 0.7963899999999999 0.9334479999999999 0.03417999999999999
