1 0.5030395 0.50146485 0.993921 0.9970703
2 0.08890500000000001 0.0786155 0.04711 0.043949
2 0.20288499999999998 0.0795885 0.04711000000000001 0.043942999999999996
2 0.322945 0.0786155 0.047109999999999985 0.043949
2 0.44225000000000003 0.0776365 0.04863999999999996 0.043945000000000005
2 0.56079 0.0786155 0.04864000000000002 0.043949
2 0.679335 0.0786155 0.04862999999999995 0.043949
2 0.798635 0.0776365 0.059269999999999934 0.040039000000000005
2 0.916415 0.0786155 0.04862999999999995 0.043949
2 0.206685 0.15869 0.04558999999999999 0.036140000000000005
2 0.08738499999999999 0.1582 0.04711 0.03516
2 0.321425 0.1582 0.047109999999999985 0.03516
2 0.44149000000000005 0.15869 0.047119999999999995 0.036140000000000005
2 0.5585100000000001 0.1582 0.04711999999999994 0.03516
2 0.677055 0.157225 0.047109999999999985 0.035150000000000015
2 0.804715 0.15625 0.047109999999999985 0.035160000000000025
2 0.915655 0.15869 0.047109999999999985 0.036140000000000005
2 0.088145 0.22363 0.04558999999999999 0.03516
2 0.205925 0.22411999999999999 0.047109999999999985 0.03613999999999998
2 0.321425 0.22411999999999999 0.047109999999999985 0.03613999999999998
2 0.44149000000000005 0.22363 0.047119999999999995 0.03516
2 0.56003 0.222655 0.04712000000000005 0.03514999999999999
2 0.677055 0.22363 0.047109999999999985 0.03516
2 0.915655 0.22363 0.047109999999999985 0.03516
2 0.797115 0.21875 0.05319000000000007 0.029299999999999993
2 0.915655 0.28955 0.047109999999999985 0.036140000000000005
2 0.677055 0.28955 0.047109999999999985 0.036140000000000005
2 0.56079 0.28906 0.05167999999999995 0.039059999999999984
2 0.44072999999999996 0.28759999999999997 0.051680000000000004 0.04004000000000002
2 0.325225 0.28808500000000004 0.04254999999999998 0.039069999999999994
2 0.205925 0.288575 0.04407 0.03613000000000005
2 0.0889045 0.28955 0.044071 0.036140000000000005
2 0.087385 0.35497999999999996 0.04407 0.036140000000000005
2 0.207445 0.354005 0.04407 0.036129999999999995
2 0.32294500000000004 0.354005 0.04407 0.036129999999999995
2 0.44149 0.354005 0.04408000000000001 0.036129999999999995
2 0.56003 0.354 0.04712000000000005 0.04004000000000002
2 0.677055 0.35497999999999996 0.047109999999999985 0.04004000000000002
2 0.917935 0.356445 0.04558999999999991 0.04100999999999999
2 0.915655 0.421385 0.047109999999999985 0.03809000000000001
2 0.68009 0.422365 0.04712000000000005 0.03809000000000001
2 0.56155 0.421385 0.04712000000000005 0.03809000000000001
2 0.44377 0.422365 0.045599999999999974 0.03809000000000001
2 0.321425 0.419435 0.047109999999999985 0.03808999999999996
2 0.205925 0.42041 0.047109999999999985 0.03808
2 0.08358499999999999 0.42041 0.045590000000000006 0.03808
2 0.085865 0.486815 0.047110000000000006 0.03808999999999996
2 0.206685 0.486815 0.04558999999999999 0.03808999999999996
2 0.324465 0.485355 0.047109999999999985 0.037109999999999976
2 0.43921 0.48877 0.045599999999999974 0.03808
2 0.5623100000000001 0.489255 0.045599999999999974 0.037109999999999976
2 0.6823699999999999 0.487795 0.045599999999999974 0.03808999999999996
2 0.917175 0.487795 0.047109999999999985 0.03808999999999996
2 0.085865 0.5542 0.047110000000000006 0.03808
2 0.199845 0.5542 0.047109999999999985 0.03808
2 0.32067 0.556155 0.045599999999999974 0.03809000000000007
2 0.43921 0.556155 0.045599999999999974 0.03809000000000007
2 0.55775 0.556155 0.045599999999999974 0.03809000000000007
2 0.677055 0.5571299999999999 0.047109999999999985 0.03808
2 0.800155 0.555665 0.047110000000000096 0.037109999999999976
2 0.916415 0.5625 0.054710000000000036 0.05274000000000001
2 0.7993950000000001 0.285645 0.051669999999999994 0.03222999999999998
2 0.797875 0.351075 0.051670000000000105 0.032230000000000036
2 0.800915 0.41797 0.051669999999999994 0.03320000000000001
2 0.798635 0.486815 0.05319000000000007 0.03222999999999998
2 0.202885 0.7041 0.07143 0.09570000000000001
2 0.319905 0.7026399999999999 0.07143 0.09667999999999999
2 0.444525 0.7036100000000001 0.07143 0.09667999999999999
2 0.5585100000000001 0.7041 0.07141999999999993 0.09570000000000001
2 0.68313 0.7036100000000001 0.07142000000000004 0.09667999999999999
2 0.920215 0.72168 0.05623 0.05274000000000001
2 0.918695 0.820805 0.05015000000000003 0.04784999999999995
2 0.6785749999999999 0.816405 0.05318999999999996 0.03711000000000009
2 0.553955 0.814455 0.05318999999999996 0.037109999999999976
4 0.082827 0.38378999999999996 0.089666 0.02343999999999996
4 0.20288499999999998 0.38427500000000003 0.08967 0.024409999999999987
4 0.31839 0.385255 0.08965999999999996 0.024409999999999987
4 0.43617 0.384765 0.08814 0.023430000000000006
4 0.5592699999999999 0.38672 0.08814 0.023440000000000016
4 0.9141349999999999 0.385255 0.08967000000000003 0.024409999999999987
4 0.7993950000000001 0.385255 0.08815000000000006 0.024409999999999987
4 0.6762900000000001 0.385255 0.08814 0.024409999999999987
6 0.505317 0.0161131 0.934646 0.024413800000000003
6 0.45972999999999997 0.763675 0.63982 0.03125
8 0.19680999999999998 0.639645 0.031919999999999976 0.025390000000000024
8 0.32067 0.639645 0.030399999999999983 0.025390000000000024
8 0.44149000000000005 0.639645 0.031920000000000004 0.025390000000000024
8 0.55547 0.640625 0.03191999999999995 0.025390000000000024
8 0.68009 0.639645 0.03191999999999995 0.025390000000000024
8 0.082826 0.6499 0.068388 0.06152000000000002
8 0.918695 0.65039 0.059270000000000045 0.05274000000000001
9 0.506079 0.509765 0.987842 0.011709999999999998
9 0.5053185 0.452635 0.971123 0.03222999999999998
9 0.5098779999999999 0.1411135 0.9741639999999999 0.092773
4 0.0881465 0.0473635 0.08510700000000002 0.018554999999999995
4 0.199845 0.0478515 0.08359 0.017578999999999997
4 0.32295 0.0473635 0.08357999999999999 0.018554999999999995
4 0.43996999999999997 0.0473635 0.08358000000000004 0.018554999999999995
4 0.56155 0.0483395 0.08357999999999999 0.018555000000000002
4 0.67705 0.050293 0.08357999999999999 0.018554
4 0.798635 0.0493165 0.08359000000000005 0.018555000000000002
4 0.913375 0.0478515 0.08510999999999991 0.017578999999999997
11 0.917935 0.93408 0.09119 0.10840000000000005
