4 0.619795 0.45116999999999996 0.11979000000000006 0.04687999999999998
4 0.277345 0.44628999999999996 0.13020999999999996 0.04882000000000003
2 0.276695 0.239745 0.07161000000000001 0.06739
2 0.276695 0.38037 0.07161000000000001 0.07324000000000003
2 0.44010499999999997 0.355955 0.03384999999999999 0.08300999999999997
2 0.50065 0.356445 0.029939999999999967 0.08202999999999999
2 0.46029 0.239255 0.07682 0.06445000000000001
2 0.615235 0.239255 0.055989999999999984 0.05273000000000003
2 0.79427 0.24121 0.10416000000000003 0.06446000000000002
2 0.82422 0.353515 0.039059999999999984 0.07617000000000002
2 0.8737 0.36035 0.015619999999999967 0.08008000000000004
2 0.76302 0.359865 0.03386 0.08105000000000001
2 0.617185 0.382325 0.05729000000000006 0.07129000000000002
2 0.82552 0.50342 0.039059999999999984 0.07519999999999993
2 0.8737 0.506835 0.015619999999999967 0.07813000000000003
2 0.76172 0.50781 0.03386 0.08007999999999993
2 0.76172 0.65576 0.03386 0.07909999999999995
2 0.87435 0.654785 0.016919999999999935 0.07714999999999994
2 0.82552 0.65234 0.04166000000000003 0.07421999999999995
2 0.791665 0.806155 0.03125 0.07128999999999996
2 0.759115 0.80664 0.01822999999999997 0.07031999999999994
2 0.823565 0.806155 0.019530000000000047 0.07128999999999996
2 0.649085 0.80664 0.019530000000000047 0.07031999999999994
2 0.617185 0.80664 0.03125 0.07031999999999994
2 0.584635 0.8071250000000001 0.01822999999999997 0.07128999999999996
2 0.47982 0.801755 0.035160000000000025 0.05858999999999992
2 0.438805 0.801755 0.03385000000000005 0.05858999999999992
2 0.31054499999999996 0.806155 0.019529999999999992 0.07128999999999996
2 0.277995 0.80664 0.03254999999999997 0.07031999999999994
2 0.245445 0.80664 0.019529999999999992 0.07031999999999994
2 0.276695 0.66504 0.07161000000000001 0.07225999999999999
2 0.277345 0.52588 0.07031000000000001 0.0791
2 0.44140999999999997 0.50537 0.03645999999999999 0.07909999999999995
2 0.50065 0.50586 0.029939999999999967 0.08008000000000004
2 0.440755 0.653805 0.035150000000000015 0.07714999999999994
2 0.50065 0.654785 0.029939999999999967 0.07714999999999994
2 0.61784 0.524415 0.058600000000000096 0.07031000000000004
2 0.616535 0.67578 0.055990000000000095 0.08984000000000003
1 0.53841 0.510253 0.73568 0.950194
2 0.0566405 0.40234499999999995 0.071615 0.07227
2 0.059245 0.259765 0.071614 0.07227
2 0.79232 0.1196265 0.04035999999999995 0.053707000000000005
2 0.277345 0.927245 0.08333000000000002 0.053709999999999924
3 0.458985 0.930665 0.07421 0.09570999999999996
3 0.613935 0.94678 0.09505000000000008 0.07520000000000004
3 0.791015 0.94678 0.08203000000000005 0.07520000000000004
5 0.79948 0.1416 0.05467999999999995 0.027340000000000003
5 0.0592435 0.308595 0.097653 0.029290000000000038
5 0.0579425 0.450195 0.084635 0.029289999999999983
6 0.27995000000000003 0.5644549999999999 0.10156000000000001 0.06640999999999997
6 0.641275 0.262205 0.50651 0.05957000000000004
6 0.63151 0.70703 0.21354000000000006 0.04687999999999992
4 0.0592435 0.347655 0.097653 0.03125
9 0.54232 0.297855 0.72526 0.025389999999999968
9 0.5397150000000001 0.732425 0.71745 0.025390000000000024
10 0.14453 0.456055 0.02864 0.14062999999999998
10 0.14388 0.5703100000000001 0.03516 0.08594000000000002
10 0.14453 0.358395 0.03906000000000001 0.054690000000000016
11 0.6145849999999999 0.89844 0.09635000000000005 0.021479999999999944
11 0.791015 0.89844 0.08203000000000005 0.021479999999999944
11 0.8541650000000001 0.930175 0.020830000000000015 0.014650000000000052
11 0.38281 0.862305 0.015620000000000023 0.025390000000000024
