1 0.512209 0.5160105 0.926762 0.965519
4 0.652345 0.59975 0.07812999999999992 0.04679999999999995
4 0.56201 0.59975 0.07909999999999995 0.04679999999999995
4 0.47168 0.600365 0.08007999999999993 0.04803000000000002
4 0.381345 0.59975 0.08301000000000003 0.04679999999999995
4 0.29101499999999997 0.59975 0.08398999999999998 0.04679999999999995
2 0.16405999999999998 0.672415 0.03516 0.10590999999999995
2 0.29541 0.878695 0.03808 0.09975
2 0.294435 0.676105 0.04198999999999997 0.10344999999999993
2 0.563965 0.673025 0.04003000000000001 0.09728999999999999
2 0.47412 0.67611 0.04004000000000002 0.10098000000000007
2 0.3833 0.67549 0.04004000000000002 0.10221999999999998
2 0.38427999999999995 0.878695 0.04004000000000002 0.09975
2 0.47461 0.87808 0.03906000000000004 0.09852000000000005
2 0.56445 0.878695 0.039060000000000095 0.09975
2 0.6533249999999999 0.878695 0.03711000000000009 0.09975
2 0.65381 0.673025 0.040040000000000076 0.09728999999999999
2 0.743655 0.87931 0.03809000000000007 0.10097999999999996
2 0.8325199999999999 0.879925 0.03808 0.09975
2 0.922365 0.88054 0.03808999999999996 0.10098000000000007
4 0.922365 0.601605 0.07519000000000009 0.048029999999999906
4 0.8320350000000001 0.6009850000000001 0.07616999999999996 0.04679
4 0.7407250000000001 0.600985 0.07714999999999994 0.049269999999999925
2 0.74268 0.676105 0.040040000000000076 0.10344999999999993
2 0.83301 0.676725 0.039059999999999984 0.10221000000000002
2 0.9223600000000001 0.67734 0.040039999999999965 0.10344000000000009
2 0.92285 0.48707 0.039059999999999984 0.10221999999999998
2 0.8325199999999999 0.48707 0.03808 0.09976000000000002
2 0.922365 0.298645 0.03808999999999996 0.09728999999999999
2 0.832035 0.29925999999999997 0.037109999999999976 0.09605999999999998
2 0.743165 0.48645000000000005 0.037109999999999976 0.09852
2 0.6543 0.48645000000000005 0.039060000000000095 0.09852
2 0.56494 0.485835 0.03808 0.09975
2 0.47558500000000004 0.485835 0.039069999999999994 0.09728999999999993
2 0.7431650000000001 0.29925999999999997 0.03907000000000005 0.09605999999999998
2 0.6543 0.298645 0.039060000000000095 0.09482999999999997
2 0.564455 0.298645 0.037109999999999976 0.09482999999999997
2 0.47509500000000005 0.29925999999999997 0.03809000000000001 0.09605999999999998
2 0.385745 0.29803 0.037109999999999976 0.09605999999999998
2 0.296875 0.297415 0.03907000000000005 0.09483000000000003
2 0.38623 0.485835 0.03808 0.09728999999999993
2 0.296875 0.485835 0.03907000000000005 0.09728999999999993
2 0.16650500000000001 0.47537 0.03223000000000001 0.09360000000000002
2 0.125975 0.4766 0.035150000000000015 0.09359999999999996
2 0.16650500000000001 0.288795 0.03223000000000001 0.09483
2 0.125975 0.288795 0.03125 0.09483
4 0.13671650000000002 0.58929 0.138667 0.055420000000000025
4 0.141114 0.413795 0.11035199999999999 0.03941
4 0.293455 0.4218 0.07519000000000003 0.035719999999999974
4 0.38378999999999996 0.4218 0.07617999999999997 0.035719999999999974
4 0.47119 0.42056499999999997 0.07519999999999999 0.035709999999999964
4 0.56299 0.42118500000000003 0.07519999999999993 0.03694999999999998
4 0.6542950000000001 0.422415 0.07616999999999996 0.03694999999999998
4 0.74414 0.4218 0.07618000000000003 0.035719999999999974
4 0.8325199999999999 0.42118500000000003 0.07520000000000004 0.03694999999999998
4 0.923825 0.42118500000000003 0.07617000000000007 0.03694999999999998
5 0.29198999999999997 0.741995 0.07422000000000001 0.03325
5 0.38183999999999996 0.740765 0.07422000000000001 0.03325
5 0.4707 0.741995 0.07422000000000001 0.03325
5 0.74072 0.7438400000000001 0.07520000000000004 0.03202000000000005
5 0.8334950000000001 0.74507 0.07518999999999998 0.03201999999999994
5 0.9248050000000001 0.74507 0.07421 0.03201999999999994
5 0.29198999999999997 0.948275 0.06836000000000003 0.04432999999999998
5 0.38086 0.948275 0.06836000000000003 0.04432999999999998
5 0.473145 0.94458 0.06738999999999995 0.044340000000000046
5 0.561035 0.947045 0.06738999999999995 0.04432999999999998
5 0.6543 0.949505 0.06835999999999998 0.04432999999999998
5 0.74219 0.949505 0.06835999999999998 0.04432999999999998
5 0.83203 0.949505 0.06836000000000009 0.04432999999999998
5 0.92285 0.95074 0.06836000000000009 0.044340000000000046
5 0.14453 0.52771 0.07812000000000001 0.011079999999999979
6 0.12451 0.35406499999999996 0.04003999999999999 0.035709999999999964
6 0.16649999999999998 0.35406499999999996 0.04003999999999999 0.035709999999999964
6 0.29735999999999996 0.36145499999999997 0.04004000000000002 0.035709999999999964
6 0.38573999999999997 0.36268500000000004 0.044920000000000015 0.035709999999999964
6 0.47461 0.36268500000000004 0.044920000000000015 0.035709999999999964
6 0.566895 0.363915 0.045889999999999986 0.03571000000000002
6 0.654785 0.363915 0.0458900000000001 0.03571000000000002
6 0.92285 0.36145499999999997 0.04491999999999996 0.035709999999999964
6 0.83203 0.36329999999999996 0.04491999999999996 0.03448000000000001
6 0.7417 0.363915 0.04590000000000005 0.03571000000000002
6 0.64893 0.73953 0.04590000000000005 0.035719999999999974
6 0.558105 0.740765 0.045889999999999986 0.03570999999999991
8 0.150395 0.0942105 0.09375 0.025858999999999993
4 0.1337885 0.056650000000000006 0.140623 0.041872
9 0.5126955 0.171185 0.923829 0.13793
9 0.5117205 0.38731499999999996 0.921879 0.03816999999999998
9 0.511719 0.769705 0.919922 0.10345000000000004
9 0.5117205 0.974755 0.921879 0.028329999999999966
10 0.268555 0.6810350000000001 0.007809999999999984 0.09113000000000004
10 0.31884999999999997 0.682265 0.006840000000000013 0.09112999999999993
10 0.35791 0.6810350000000001 0.006839999999999957 0.08866999999999992
10 0.407715 0.68165 0.006830000000000003 0.09236
10 0.142575 0.6717949999999999 0.007810000000000011 0.08250999999999997
10 0.18554500000000002 0.676105 0.007810000000000011 0.09113000000000004
10 0.44872999999999996 0.68165 0.006840000000000013 0.09236
10 0.498535 0.6810350000000001 0.006830000000000003 0.09113000000000004
10 0.5380849999999999 0.67734 0.007809999999999984 0.08374000000000004
10 0.588865 0.6779550000000001 0.007809999999999984 0.08250999999999997
10 0.62842 0.67857 0.006839999999999957 0.08620000000000005
10 0.677735 0.679805 0.007809999999999984 0.08621000000000001
10 0.807615 0.682265 0.007809999999999984 0.09112999999999993
10 0.767575 0.6816500000000001 0.007810000000000095 0.08989999999999998
10 0.7167950000000001 0.682265 0.007809999999999984 0.09112999999999993
10 0.85791 0.682265 0.00878000000000001 0.09112999999999993
10 0.896485 0.6810350000000001 0.007809999999999984 0.09113000000000004
10 0.9467749999999999 0.6816500000000001 0.008789999999999965 0.08989999999999998
10 0.95459 0.31158 0.012700000000000045 0.12808
10 0.96924 0.31158 0.010739999999999972 0.12808
10 0.890625 0.31158 0.01171000000000011 0.12808
10 0.86328 0.31281000000000003 0.011720000000000064 0.12808000000000003
10 0.80029 0.31158 0.010740000000000083 0.12808
10 0.7749 0.31281000000000003 0.010739999999999972 0.12808000000000003
10 0.71045 0.312195 0.010739999999999972 0.12685000000000002
10 0.68506 0.312195 0.010739999999999972 0.12685000000000002
10 0.62158 0.312195 0.010739999999999972 0.12685000000000002
10 0.59473 0.312195 0.011719999999999953 0.12685000000000002
10 0.53223 0.312195 0.011719999999999953 0.12685000000000002
10 0.50635 0.31096 0.010739999999999972 0.12683999999999998
10 0.44238 0.312195 0.011720000000000008 0.12685000000000002
10 0.41602 0.312195 0.011719999999999953 0.12685000000000002
10 0.35303 0.31096 0.010739999999999972 0.12683999999999998
10 0.32715 0.31096 0.011719999999999953 0.12683999999999998
10 0.26317999999999997 0.31096 0.010740000000000027 0.12683999999999998
10 0.19336 0.30234 0.011720000000000008 0.12683999999999998
10 0.22949 0.30234 0.011720000000000008 0.12683999999999998
10 0.095702 0.30234 0.011716000000000004 0.12683999999999998
10 0.059081999999999996 0.30234 0.010741999999999995 0.12683999999999998
10 0.059082 0.368225 0.014648000000000008 0.0049300000000000455
10 0.0961935 0.368225 0.014653 0.0049300000000000455
10 0.194825 0.36883999999999995 0.014649999999999996 0.006159999999999999
10 0.22900500000000001 0.368225 0.014650000000000024 0.0049300000000000455
10 0.26416 0.376845 0.014639999999999986 0.00492999999999999
10 0.327635 0.37746 0.014649999999999996 0.006159999999999999
10 0.354005 0.376845 0.014649999999999996 0.00492999999999999
10 0.416505 0.376845 0.014649999999999996 0.00492999999999999
10 0.44384500000000005 0.37746 0.014649999999999996 0.006159999999999999
10 0.507325 0.37746 0.014650000000000052 0.006159999999999999
10 0.533695 0.37807999999999997 0.01464999999999994 0.00491999999999998
10 0.595215 0.37807999999999997 0.01464999999999994 0.00491999999999998
10 0.621585 0.37807999999999997 0.01464999999999994 0.00491999999999998
10 0.686035 0.378695 0.01464999999999994 0.006149999999999989
10 0.712405 0.378695 0.01464999999999994 0.006149999999999989
10 0.774905 0.37807999999999997 0.01464999999999994 0.00491999999999998
10 0.802245 0.378695 0.014650000000000052 0.006149999999999989
10 0.864255 0.376845 0.013670000000000071 0.00492999999999999
10 0.955075 0.37746 0.013670000000000071 0.006159999999999999
10 0.890135 0.37807999999999997 0.014650000000000052 0.00491999999999998
10 0.96875 0.376845 0.011719999999999953 0.00492999999999999
10 0.059082 0.23153 0.014648000000000008 0.014779999999999988
10 0.09521550000000001 0.23153 0.01464900000000001 0.014779999999999988
10 0.193845 0.23153 0.014649999999999996 0.014779999999999988
10 0.22851500000000002 0.23153 0.015630000000000005 0.014779999999999988
10 0.263185 0.239535 0.014649999999999996 0.013550000000000006
10 0.32666 0.24015 0.014639999999999986 0.014780000000000015
10 0.35302500000000003 0.24015 0.014649999999999996 0.014780000000000015
10 0.41552500000000003 0.24137999999999998 0.014649999999999996 0.014779999999999988
10 0.442875 0.24015 0.014649999999999996 0.014780000000000015
10 0.506345 0.24137999999999998 0.01464999999999994 0.014779999999999988
10 0.5317350000000001 0.24137999999999998 0.01464999999999994 0.014779999999999988
10 0.596195 0.24261 0.01464999999999994 0.014779999999999988
10 0.621585 0.24137999999999998 0.01464999999999994 0.014779999999999988
10 0.6855450000000001 0.24261 0.01562999999999992 0.014779999999999988
10 0.710445 0.24261 0.014650000000000052 0.014779999999999988
10 0.774905 0.24137999999999998 0.01464999999999994 0.014779999999999988
10 0.80127 0.24015 0.014639999999999986 0.014780000000000015
10 0.86328 0.24015 0.015620000000000078 0.014780000000000015
10 0.88916 0.24015 0.014640000000000097 0.014780000000000015
10 0.95459 0.24015 0.014640000000000097 0.014780000000000015
10 0.96875 0.24015 0.011719999999999953 0.014780000000000015
10 0.356935 0.62931 0.012689999999999979 0.014780000000000015
10 0.4082 0.62808 0.011720000000000008 0.014780000000000015
10 0.447755 0.62808 0.012689999999999979 0.014780000000000015
10 0.1416 0.62192 0.011720000000000008 0.014780000000000015
10 0.18555 0.62192 0.011720000000000008 0.014780000000000015
10 0.268555 0.62808 0.011709999999999998 0.014780000000000015
10 0.31836 0.62931 0.011720000000000008 0.014780000000000015
10 0.49805 0.62808 0.011719999999999953 0.014780000000000015
10 0.53809 0.628695 0.011720000000000064 0.013549999999999951
10 0.58789 0.6299250000000001 0.011719999999999953 0.013550000000000062
10 0.62695 0.628695 0.011719999999999953 0.013549999999999951
10 0.677735 0.6299250000000001 0.011709999999999998 0.013550000000000062
10 0.71777 0.6299250000000001 0.011719999999999953 0.013550000000000062
10 0.768065 0.6299250000000001 0.01269000000000009 0.013550000000000062
10 0.8081050000000001 0.6299250000000001 0.012689999999999979 0.013550000000000062
10 0.8574200000000001 0.6299250000000001 0.011720000000000064 0.013550000000000062
10 0.8964799999999999 0.628695 0.011720000000000064 0.013549999999999951
10 0.9477549999999999 0.6299250000000001 0.012689999999999979 0.013550000000000062
