1 0.4951178 0.49870369999999997 0.9707043999999999 0.9922126
2 0.120606 0.32272500000000004 0.094728 0.27143
2 0.311035 0.32272500000000004 0.09082999999999997 0.26623
2 0.50098 0.324025 0.09180000000000005 0.26622999999999997
2 0.68506 0.324025 0.0908199999999999 0.26622999999999997
2 0.87842 0.32272500000000004 0.09082000000000001 0.26623
2 0.313965 0.748705 0.09472999999999998 0.25064999999999993
2 0.12646600000000002 0.7532449999999999 0.094728 0.25195
2 0.6821299999999999 0.74935 0.10058 0.25193999999999994
2 0.8754900000000001 0.7467550000000001 0.10058 0.25195
3 0.500975 0.82857 0.09764999999999996 0.3013
2 0.49853500000000006 0.6363650000000001 0.10059000000000001 0.05714999999999992
5 0.120119 0.463635 0.136722 0.07012999999999997
5 0.3125 0.463635 0.13671999999999998 0.07012999999999997
5 0.50342 0.46038999999999997 0.13573999999999997 0.07141999999999998
5 0.68848 0.46038999999999997 0.13671999999999995 0.07141999999999998
5 0.876465 0.46038999999999997 0.13574999999999993 0.07141999999999998
8 0.40967 0.682465 0.024419999999999997 0.04544999999999999
8 0.59619 0.682465 0.024419999999999997 0.04544999999999999
9 0.49853749999999997 0.54026 0.959965 0.02857999999999994
9 0.5000005 0.47013000000000005 0.960939 0.028579999999999994
9 0.497069 0.06883175000000001 0.958982 0.12467650000000001
11 0.35645 0.587015 0.125 0.028569999999999984
11 0.6459950000000001 0.58831 0.11817 0.025979999999999892
11 0.50049 0.507145 0.20605999999999997 0.029870000000000008
