2 0.11256450000000001 0.6776 0.064571 0.09836
2 0.264395 0.6776 0.06456999999999999 0.09836
2 0.414485 0.6776 0.06457000000000002 0.09836
2 0.257415 0.4918 0.06457000000000002 0.09836
2 0.41623 0.4918 0.06457999999999997 0.09836
2 0.1090745 0.487705 0.06457100000000002 0.09562999999999999
2 0.110822 0.30874 0.06457599999999998 0.09836
2 0.264395 0.30328 0.06456999999999999 0.09836
2 0.414485 0.30874 0.06457000000000002 0.09836
7 0.11518250000000001 0.31011 0.05235500000000001 0.09016000000000002
7 0.26614499999999996 0.280055 0.057589999999999975 0.03551000000000004
7 0.41885 0.295085 0.05235999999999996 0.06557000000000002
7 0.5637 0.304645 0.031420000000000003 0.08469000000000004
7 0.64049 0.269125 0.04187999999999992 0.01912999999999998
9 0.5008703999999999 0.36612 0.9877792 0.03825999999999996
1 0.5026153999999999 0.532787 0.9912692 0.934426
9 0.5034905 0.543715 0.986039 0.038250000000000006
9 0.504363 0.740435 0.984294 0.054649999999999976
11 0.42669999999999997 0.78279 0.16928000000000004 0.035519999999999996
11 0.64834 0.826505 0.5287999999999999 0.05191000000000001
11 0.0881315 0.889345 0.120417 0.13934999999999997
11 0.263525 0.8961749999999999 0.10471 0.14207000000000003
11 0.965965 0.9125650000000001 0.05060999999999993 0.13115
2 0.561955 0.678965 0.03491 0.09562999999999999
2 0.561955 0.49317 0.038390000000000035 0.09016000000000002
2 0.565445 0.30191 0.038390000000000035 0.09016000000000002
2 0.637 0.68033 0.048860000000000015 0.09836
2 0.6378699999999999 0.49454 0.04711999999999994 0.09836
2 0.64049 0.30601 0.048859999999999904 0.09836
2 0.73473 0.68306 0.06631999999999993 0.09289999999999998
2 0.73124 0.498635 0.06631999999999993 0.09562999999999999
2 0.736475 0.31011 0.06282999999999994 0.09562000000000004
2 0.93543 0.34426 0.07330000000000003 0.10382000000000002
2 0.92845 0.51776 0.07329999999999992 0.10109999999999997
2 0.9301900000000001 0.70082 0.07330000000000003 0.09562000000000004
2 0.92234 0.177595 0.06806000000000001 0.07651
2 0.773995 0.146175 0.050610000000000044 0.04644999999999999
