1 0.50097655 0.50157235 0.9980469 0.9968553
2 0.061523499999999995 0.09695899999999999 0.058593 0.097482
2 0.05957 0.27987 0.058594 0.09434000000000001
2 0.057129 0.47326999999999997 0.059570000000000005 0.08909999999999996
2 0.060547000000000004 0.66247 0.0625 0.10481999999999991
2 0.32764 0.08542849999999999 0.06152000000000002 0.061842999999999995
2 0.32715 0.264675 0.0625 0.07233
2 0.3291 0.465935 0.0625 0.08071
2 0.331055 0.660375 0.06054999999999999 0.09853
2 0.5737300000000001 0.0870035 0.05565999999999993 0.064993
2 0.60254 0.255765 0.058599999999999985 0.10063000000000002
2 0.605955 0.45702 0.05567 0.09224000000000004
2 0.6084 0.6530400000000001 0.058600000000000096 0.10692000000000002
2 0.71631 0.66352 0.057620000000000005 0.1069199999999999
2 0.71631 0.471175 0.057620000000000005 0.09118999999999994
2 0.71338 0.27987 0.06347999999999998 0.09434000000000001
2 0.7084950000000001 0.101675 0.06347000000000003 0.08595
2 0.921875 0.107965 0.054689999999999905 0.08594999999999998
2 0.93164 0.28197 0.0625 0.09433999999999998
2 0.93213 0.47222 0.06152000000000002 0.08699999999999997
2 0.93359 0.661945 0.056640000000000024 0.10586999999999991
2 0.19336 0.100631 0.029299999999999993 0.08595799999999998
2 0.19189499999999998 0.27673000000000003 0.03026999999999999 0.09224000000000002
2 0.19286999999999999 0.4717 0.03222 0.09434000000000003
2 0.19482 0.66457 0.03417999999999999 0.10481999999999991
2 0.47021 0.662995 0.03417999999999999 0.10586999999999991
2 0.825195 0.66038 0.03125 0.10482000000000002
2 0.824705 0.47222 0.03222999999999998 0.08909999999999996
2 0.4707 0.471695 0.03515999999999997 0.09014999999999995
2 0.46582 0.27620500000000003 0.03515999999999997 0.09749000000000002
2 0.82422 0.28197 0.03320000000000001 0.09223999999999999
2 0.8178700000000001 0.10429749999999999 0.032220000000000026 0.084905
2 0.46045 0.0980095 0.03028000000000003 0.08910099999999999
4 0.06201125 0.21226 0.1083975 0.07652000000000003
4 0.19531500000000002 0.208595 0.07813 0.07336999999999999
4 0.46679499999999996 0.205975 0.07812999999999998 0.07443
4 0.825195 0.207545 0.07813000000000003 0.07336999999999999
4 0.6049800000000001 0.17872 0.10839999999999994 0.07652
4 0.717775 0.21017000000000002 0.10937000000000008 0.07652
4 0.9292 0.21750999999999998 0.10840000000000005 0.07652
4 0.19336 0.586475 0.08594000000000002 0.07023000000000001
4 0.46973 0.58805 0.08594000000000007 0.06918000000000002
4 0.828125 0.584385 0.08593000000000006 0.07023000000000001
4 0.61084 0.5906750000000001 0.09667999999999999 0.047170000000000045
4 0.71777 0.587 0.11328000000000005 0.07128000000000001
4 0.93262 0.584385 0.11328000000000005 0.07023000000000001
4 0.06347795 0.583335 0.1132841 0.07023000000000001
4 0.059571 0.41719 0.09179799999999999 0.09223999999999999
4 0.19286999999999999 0.41405000000000003 0.06151999999999999 0.09434000000000003
4 0.608395 0.40304 0.09375 0.09748000000000001
4 0.71777 0.415615 0.10155999999999998 0.09328999999999998
4 0.9331050000000001 0.42086 0.10059000000000007 0.0933
4 0.46973 0.418765 0.0625 0.09748999999999997
4 0.82617 0.42242999999999997 0.0625 0.09434000000000003
4 0.0624975 0.027777549999999998 0.099605 0.0450729
4 0.195315 0.02672945 0.07227 0.0450731
4 0.46435499999999996 0.02672945 0.07324999999999998 0.0450731
4 0.820315 0.02882615 0.07227000000000006 0.0450737
4 0.328125 0.02672945 0.09960999999999998 0.0450731
4 0.575685 0.02672945 0.09863 0.0450731
4 0.706545 0.027777549999999998 0.09863 0.0450729
4 0.923825 0.03092235 0.09960999999999998 0.0450733
5 0.0610375 0.15933 0.090825 0.031440000000000023
5 0.194335 0.157235 0.06054999999999999 0.031450000000000006
5 0.46289 0.15776 0.06053999999999998 0.03040000000000001
5 0.817385 0.16194999999999998 0.06054999999999999 0.03040000000000001
5 0.71143 0.15933 0.09082000000000001 0.031440000000000023
5 0.92578 0.16562 0.09179999999999999 0.031439999999999996
5 0.930665 0.345385 0.09179000000000004 0.03669
5 0.715335 0.343815 0.09276999999999991 0.037729999999999986
5 0.6025400000000001 0.320755 0.09179999999999999 0.037729999999999986
5 0.0581045 0.343815 0.09277099999999999 0.037729999999999986
5 0.19286999999999999 0.33962 0.06738000000000002 0.035640000000000005
5 0.46435499999999996 0.33962 0.06739 0.035640000000000005
5 0.819825 0.34277 0.06738999999999995 0.035640000000000005
5 0.056640499999999996 0.53145 0.078125 0.035640000000000005
5 0.19189499999999998 0.53302 0.045890000000000014 0.040879999999999916
5 0.469725 0.537735 0.04686999999999997 0.04193000000000002
5 0.828125 0.5298700000000001 0.04686999999999997 0.040879999999999916
5 0.609375 0.51782 0.07813000000000003 0.035640000000000005
5 0.717775 0.53145 0.07812999999999992 0.035640000000000005
5 0.93457 0.5345899999999999 0.07811999999999997 0.035640000000000005
5 0.0600585 0.72589 0.077149 0.030399999999999983
5 0.19531500000000002 0.727465 0.046869999999999995 0.027249999999999996
5 0.47119500000000003 0.727465 0.047850000000000004 0.027249999999999996
5 0.61621 0.7196 0.07811999999999997 0.030399999999999983
5 0.71582 0.72589 0.07811999999999997 0.030399999999999983
6 0.34131 0.181865 0.12012 0.13941000000000003
6 0.33886499999999997 0.37998 0.12108999999999998 0.17086
6 0.33838 0.5608 0.12597999999999998 0.11950000000000005
6 0.342285 0.757335 0.12597000000000003 0.11844999999999994
6 0.5918 0.14413 0.13085999999999998 0.07232000000000001
7 0.0385745 0.08752850000000001 0.012694999999999998 0.030403
7 0.05859399999999999 0.08752850000000001 0.021483999999999996 0.030403
7 0.07959 0.08700350000000001 0.014648000000000008 0.029353000000000004
7 0.191895 0.0738995 0.026370000000000005 0.017818999999999988
7 0.3208 0.0770445 0.02245999999999998 0.02410899999999999
7 0.34277 0.0759955 0.017579999999999985 0.024109000000000005
7 0.30176000000000003 0.0759955 0.009760000000000046 0.024109000000000005
7 0.45947499999999997 0.0697065 0.024409999999999987 0.015723
7 0.56738 0.072851 0.021479999999999944 0.017820000000000003
7 0.5873999999999999 0.072851 0.012700000000000045 0.017820000000000003
7 0.5498050000000001 0.072851 0.005850000000000022 0.017820000000000003
7 0.813475 0.095388 0.021489999999999898 0.05660399999999999
7 0.933595 0.1095375 0.019529999999999936 0.072325
7 0.910645 0.0890975 0.02246999999999999 0.031445
7 0.708985 0.26572 0.05079 0.05345999999999998
7 0.6001000000000001 0.22483999999999998 0.049799999999999955 0.01992000000000002
7 0.462405 0.246855 0.026370000000000005 0.02831000000000003
7 0.3457 0.25524 0.01758000000000004 0.03877999999999998
7 0.32275 0.255765 0.02245999999999998 0.037729999999999986
7 0.302735 0.25367 0.009770000000000001 0.037739999999999996
7 0.190915 0.245805 0.026370000000000005 0.022009999999999974
7 0.0375975 0.25105 0.012694999999999998 0.01992000000000002
7 0.078125 0.249475 0.01367199999999999 0.01676999999999998
7 0.0571285 0.249475 0.022461000000000002 0.01676999999999998
7 0.32471 0.43920499999999996 0.022460000000000035 0.02096999999999999
7 0.34717 0.43606 0.016600000000000004 0.012580000000000036
7 0.46582 0.44759 0.023440000000000016 0.035640000000000005
7 0.822265 0.62107 0.023430000000000062 0.019919999999999938
7 0.038085999999999995 0.649375 0.013671999999999997 0.07023000000000001
7 0.0581055 0.64937 0.022460999999999995 0.06814000000000009
7 0.0791015 0.662475 0.015625 0.10063
2 0.472165 0.8668800000000001 0.03027000000000002 0.10692000000000002
7 0.470215 0.865305 0.024410000000000043 0.10376999999999992
9 0.49999795 0.17453 0.9863241 0.061840000000000006
9 0.49999795 0.34958 0.9863241 0.061840000000000006
9 0.49951125 0.755765 0.9833975 0.09853
11 0.0634765 0.88365 0.056641000000000004 0.15303999999999995
11 0.19727 0.8847 0.056640000000000024 0.15303999999999995
11 0.33496000000000004 0.88784 0.05663999999999997 0.15303999999999995
