2 0.260415 0.6245149999999999 0.09634999999999996 0.11621000000000004
4 0.26692499999999997 0.535155 0.21615 0.11132999999999998
4 0.49805 0.535155 0.22526000000000002 0.11132999999999998
2 0.48958500000000005 0.6245149999999999 0.09375000000000006 0.11621000000000004
2 0.708985 0.624025 0.09765000000000001 0.11523000000000005
4 0.727865 0.53516 0.22394999999999998 0.11327999999999999
4 0.71875 0.784665 0.1822999999999999 0.03223000000000009
2 0.7044250000000001 0.85791 0.07030999999999998 0.09472000000000003
2 0.48568 0.856935 0.07552000000000003 0.09472999999999998
4 0.49739500000000003 0.781735 0.17709000000000003 0.026370000000000005
3 0.25846 0.87256 0.18619999999999998 0.19238
2 0.259115 0.39307000000000003 0.09374999999999997 0.09081999999999996
2 0.48567499999999997 0.39258 0.09374999999999994 0.09179999999999999
2 0.707035 0.39209 0.09375 0.09082000000000001
1 0.4993471 0.5625 0.9934858000000001 0.81836
4 0.0729181 0.536135 0.1380238 0.11523
4 0.9199200000000001 0.53516 0.14713999999999994 0.11327999999999999
2 0.92513 0.624025 0.09766000000000008 0.11523000000000005
5 0.259765 0.444825 0.15235 0.024409999999999987
5 0.490235 0.44384500000000005 0.15234999999999999 0.024409999999999987
5 0.716145 0.44384500000000005 0.15105000000000002 0.024409999999999987
5 0.916015 0.44384500000000005 0.15234999999999999 0.024409999999999987
2 0.92057 0.38965 0.09895999999999994 0.09765999999999997
5 0.0559881 0.44677999999999995 0.1041638 0.02245999999999998
5 0.490235 0.916995 0.15234999999999999 0.019530000000000047
5 0.71159 0.919435 0.15234000000000003 0.020510000000000028
5 0.49934999999999996 0.6875 0.16275999999999996 0.021479999999999944
5 0.715495 0.688475 0.16277000000000008 0.021489999999999898
5 0.26172 0.6875 0.17448 0.015619999999999967
8 0.509765 0.241215 0.02213000000000004 0.03125
8 0.55664 0.239255 0.02214000000000005 0.03125
8 0.60547 0.239255 0.023440000000000016 0.03125
8 0.64909 0.23828500000000002 0.022139999999999938 0.03125000000000003
8 0.69466 0.24072500000000002 0.022139999999999938 0.03223000000000001
8 0.741535 0.239255 0.022130000000000094 0.03125
8 0.78711 0.239255 0.02214000000000005 0.03125
8 0.83138 0.239255 0.02214000000000005 0.03125
8 0.87435 0.237305 0.022139999999999938 0.03125
8 0.921875 0.237305 0.023430000000000062 0.03125
8 0.966795 0.239255 0.022129999999999983 0.03125
8 0.46289 0.24023499999999998 0.022139999999999993 0.031249999999999972
8 0.48567499999999997 0.234375 0.018230000000000024 0.015629999999999977
8 0.5332049999999999 0.23584 0.019529999999999936 0.014639999999999986
8 0.5807249999999999 0.23535 0.01823000000000008 0.015619999999999995
8 0.628255 0.234375 0.019530000000000047 0.015629999999999977
8 0.669925 0.2334 0.019530000000000047 0.015619999999999995
8 0.717445 0.23584 0.01822999999999997 0.014639999999999986
8 0.764325 0.234375 0.01822999999999997 0.015629999999999977
8 0.809245 0.233885 0.019530000000000047 0.014649999999999996
8 0.852865 0.2334 0.01822999999999997 0.015619999999999995
8 0.898435 0.2334 0.01822999999999997 0.015619999999999995
8 0.942055 0.23291 0.019530000000000047 0.014639999999999986
9 0.49609625 0.23877 0.9765675 0.16114
9 0.4980452 0.7207 0.9830696 0.08007999999999993
11 0.67904 0.711915 0.53776 0.03125
11 0.815755 0.8584 0.06641000000000008 0.08398000000000005
11 0.5983050000000001 0.828125 0.04557 0.025390000000000024
11 0.14518 0.85547 0.022139999999999993 0.011720000000000064
11 0.14453 0.8662099999999999 0.015619999999999995 0.00782000000000005
