1 0.5138375 0.5066395 0.972325 0.977881
2 0.18635000000000002 0.32743500000000003 0.0738 0.13716999999999996
2 0.34870999999999996 0.32743500000000003 0.07380000000000003 0.13274999999999998
2 0.5119900000000001 0.325225 0.07934000000000002 0.13717000000000001
2 0.6762 0.325225 0.07933999999999997 0.13717000000000001
2 0.844095 0.324115 0.07933000000000001 0.13495000000000001
2 0.181735 0.56084 0.07933000000000001 0.13495999999999997
2 0.34594 0.56084 0.07934000000000002 0.13495999999999997
2 0.5156799999999999 0.580755 0.06457999999999997 0.18363000000000002
2 0.681735 0.556415 0.07565 0.13494999999999996
2 0.8459399999999999 0.5542 0.08301999999999998 0.13937999999999995
3 0.5101450000000001 0.838495 0.08303000000000005 0.23009000000000002
2 0.30812 0.1061945 0.07379999999999998 0.066371
2 0.5387500000000001 0.10398299999999999 0.07379999999999998 0.06637399999999999
2 0.78321 0.100666 0.07196000000000002 0.068588
4 0.178045 0.47013499999999997 0.13099 0.042029999999999956
4 0.341325 0.472345 0.12915 0.04203000000000001
4 0.509225 0.46570999999999996 0.12915 0.04204000000000002
4 0.6752750000000001 0.46570999999999996 0.12915 0.04204000000000002
4 0.84594 0.46792 0.11992000000000003 0.042039999999999966
5 0.178965 0.63385 0.11439 0.02434000000000003
5 0.34409500000000004 0.63385 0.11623 0.02434000000000003
5 0.678965 0.629425 0.11438999999999999 0.024329999999999963
5 0.848705 0.63164 0.11438999999999999 0.02434000000000003
5 0.843175 0.397125 0.11438999999999999 0.024329999999999963
5 0.678965 0.40154999999999996 0.11438999999999999 0.024339999999999973
5 0.51476 0.40154999999999996 0.1144 0.024339999999999973
5 0.341325 0.397125 0.11438999999999999 0.024329999999999963
5 0.18634499999999998 0.399335 0.11439000000000002 0.024329999999999963
6 0.47324499999999997 0.6725650000000001 0.26015 0.14159
7 0.123615 0.32633 0.040590000000000015 0.13495999999999997
7 0.240775 0.32743500000000003 0.03504999999999997 0.13716999999999996
7 0.285975 0.32633 0.04058999999999996 0.13495999999999997
7 0.40406 0.32522 0.03689999999999999 0.13273999999999997
7 0.44926 0.32522 0.03874 0.13273999999999997
7 0.56919 0.32522 0.03874 0.13273999999999997
7 0.6153150000000001 0.32411500000000004 0.03874999999999995 0.13052999999999998
7 0.73524 0.32411500000000004 0.03874 0.13052999999999998
7 0.78413 0.32301 0.03689999999999993 0.13274000000000002
7 0.90037 0.32522 0.03689999999999993 0.13273999999999997
7 0.12085000000000001 0.55531 0.03874000000000001 0.13274000000000002
7 0.23524 0.5586249999999999 0.03874 0.13052999999999992
7 0.28413 0.5586249999999999 0.03689999999999999 0.13052999999999992
7 0.40220999999999996 0.5597350000000001 0.03689999999999999 0.13275000000000003
7 0.45018 0.5774349999999999 0.03689999999999999 0.17257
7 0.56827 0.580755 0.036900000000000044 0.18363000000000002
7 0.61624 0.55531 0.03689999999999993 0.13274000000000002
7 0.73247 0.5530999999999999 0.036900000000000044 0.13273999999999997
7 0.7850550000000001 0.554205 0.03874999999999995 0.13052999999999998
7 0.90129 0.5530999999999999 0.03874 0.13273999999999997
9 0.512915 0.178095 0.95941 0.09071000000000001
11 0.50646 0.42699 0.45571999999999996 0.03539999999999999
11 0.760145 0.82854 0.28413 0.25442
11 0.261995 0.829645 0.26937 0.25663
11 0.92343 0.6792 0.04244000000000003 0.053100000000000036
11 0.5876399999999999 0.815265 0.031359999999999943 0.028769999999999962
11 0.054428000000000004 0.727875 0.049816 0.04425000000000001
