1 0.5012119500000001 0.48779455 0.9878961 0.9580109
2 0.397095 0.29834000000000005 0.04843000000000003 0.045899999999999996
2 0.578695 0.29932000000000003 0.04842999999999997 0.045899999999999996
2 0.57748 0.384765 0.04600000000000004 0.04492999999999997
2 0.397095 0.38622999999999996 0.04843000000000003 0.045899999999999996
2 0.395885 0.47119 0.046009999999999995 0.045899999999999996
2 0.578695 0.47217 0.04842999999999997 0.045899999999999996
2 0.578695 0.55908 0.04842999999999997 0.04590000000000005
2 0.39225 0.5585899999999999 0.04842000000000002 0.04491999999999996
2 0.094429 0.1225595 0.04842199999999999 0.045901
2 0.88862 0.123535 0.04842000000000002 0.04589
2 0.09321950000000001 0.220215 0.07990100000000001 0.06933
2 0.88862 0.22119 0.07264000000000004 0.06933999999999998
2 0.0871695 0.30761499999999997 0.067801 0.07227
2 0.083533 0.395995 0.070214 0.07129000000000002
2 0.078692 0.48241999999999996 0.070216 0.07225999999999994
2 0.0859585 0.5678749999999999 0.070223 0.07128999999999996
2 0.0811125 0.657225 0.070215 0.07226999999999995
2 0.078692 0.731935 0.070216 0.04980999999999991
2 0.88983 0.732425 0.07021999999999995 0.04882999999999993
2 0.8862 0.6567350000000001 0.07264000000000004 0.07128999999999996
2 0.88862 0.56836 0.07264000000000004 0.07225999999999999
2 0.88741 0.483885 0.07022000000000006 0.07129000000000002
2 0.8862 0.30810499999999996 0.07264000000000004 0.07129000000000002
2 0.8862 0.394045 0.07264000000000004 0.07129000000000002
2 0.26513 0.217285 0.04116000000000003 0.05174999999999999
2 0.326875 0.21631 0.04843000000000003 0.05176
2 0.39346000000000003 0.216795 0.045999999999999985 0.05273
2 0.57506 0.21679500000000002 0.04600000000000004 0.04883000000000001
2 0.5145299999999999 0.21777 0.041159999999999974 0.05077999999999999
2 0.46126 0.21826 0.041159999999999974 0.04979999999999998
2 0.6476999999999999 0.21777 0.041159999999999974 0.05077999999999999
2 0.7142850000000001 0.21777 0.05327000000000004 0.05077999999999999
2 0.261505 0.31006 0.05327000000000001 0.06738
2 0.7142850000000001 0.31006 0.05327000000000004 0.06738
2 0.25908 0.396485 0.05326000000000003 0.06641000000000002
2 0.7142850000000001 0.396485 0.05327000000000004 0.06641000000000002
2 0.25908 0.48241999999999996 0.05326000000000003 0.06639999999999996
2 0.709445 0.48339999999999994 0.05326999999999993 0.06639999999999996
2 0.257865 0.56836 0.05569000000000002 0.06640000000000001
2 0.709445 0.5708 0.05326999999999993 0.06738
2 0.25908 0.65625 0.05326000000000003 0.06640000000000001
2 0.711865 0.65625 0.05327000000000004 0.06640000000000001
2 0.709445 0.74707 0.05326999999999993 0.06640000000000001
2 0.25908 0.7431650000000001 0.05326000000000003 0.06640999999999997
2 0.57506 0.652345 0.04600000000000004 0.05859000000000003
2 0.39225 0.652345 0.04842000000000002 0.05859000000000003
2 0.07627149999999999 0.8237300000000001 0.046005000000000004 0.049799999999999955
2 0.884985 0.8237300000000001 0.06052999999999997 0.049799999999999955
4 0.397095 0.26415999999999995 0.10169 0.016600000000000004
4 0.579905 0.26317999999999997 0.10410999999999992 0.016600000000000004
4 0.398305 0.52197 0.10410999999999998 0.01660000000000006
4 0.57748 0.523925 0.10411999999999999 0.016610000000000014
4 0.39952 0.43652 0.11137999999999998 0.017579999999999985
4 0.582325 0.43701 0.10894999999999999 0.01856000000000002
4 0.58354 0.34619 0.11137999999999992 0.01856000000000002
4 0.40315 0.34961 0.10896 0.017579999999999985
4 0.09201200000000001 0.0893555 0.09685600000000001 0.018555000000000002
4 0.88862 0.08837900000000001 0.09686000000000006 0.018554
4 0.267555 0.271485 0.12833000000000003 0.02735000000000004
4 0.7167049999999999 0.27051000000000003 0.13075000000000003 0.027339999999999975
4 0.394675 0.618655 0.10169 0.03809000000000007
4 0.5762700000000001 0.61914 0.10170000000000001 0.039059999999999984
5 0.09443249999999999 0.15234 0.096855 0.017579999999999985
5 0.883775 0.15381 0.09684999999999999 0.016600000000000004
5 0.397095 0.32372999999999996 0.10169 0.010740000000000027
5 0.578695 0.32471 0.10168999999999995 0.010739999999999972
5 0.578695 0.41162 0.10168999999999995 0.010740000000000027
5 0.39951499999999995 0.41259999999999997 0.10169 0.010740000000000027
5 0.394675 0.49951 0.10169 0.010739999999999972
5 0.578695 0.49951 0.10168999999999995 0.010739999999999972
5 0.578695 0.5874 0.10168999999999995 0.010739999999999972
5 0.397095 0.586425 0.10169 0.010750000000000037
5 0.266345 0.351565 0.13559 0.019529999999999992
5 0.717915 0.35058500000000004 0.13317 0.019529999999999992
5 0.25787000000000004 0.438475 0.13318000000000002 0.019530000000000047
5 0.720335 0.437985 0.1331699999999999 0.020510000000000028
5 0.26029 0.523435 0.13318 0.019530000000000047
5 0.719125 0.52539 0.13559 0.019540000000000002
5 0.720335 0.612305 0.1331699999999999 0.019530000000000047
5 0.26029 0.611325 0.13318 0.019530000000000047
5 0.26392499999999997 0.699705 0.16948999999999997 0.020510000000000028
5 0.715495 0.700195 0.17191 0.02149000000000001
6 0.0980605 0.24707 0.118639 0.04101999999999997
6 0.0992755 0.33496000000000004 0.12106900000000001 0.04102
6 0.09442899999999999 0.42090000000000005 0.12106199999999999 0.04102
6 0.09563999999999999 0.506835 0.11864 0.041010000000000046
6 0.09442899999999999 0.595705 0.12106199999999999 0.04100999999999999
6 0.0907985 0.682615 0.118643 0.04100999999999999
6 0.0920115 0.7700199999999999 0.13559700000000002 0.04589999999999994
6 0.900725 0.771485 0.15981 0.04883000000000004
6 0.9019349999999999 0.682615 0.12832999999999994 0.04296999999999995
6 0.900725 0.597165 0.12590999999999997 0.04199000000000008
6 0.900725 0.509275 0.12590999999999997 0.04199000000000003
6 0.900725 0.419925 0.12590999999999997 0.04297000000000001
6 0.8995150000000001 0.33496499999999996 0.12832999999999994 0.04297000000000001
6 0.8995150000000001 0.248535 0.12832999999999994 0.04199
6 0.54237 0.6845699999999999 0.29539999999999994 0.03320000000000001
6 0.491525 0.1254895 0.6150100000000001 0.051761
7 0.26029 0.37598 0.045999999999999985 0.023440000000000016
7 0.26029 0.48290999999999995 0.045999999999999985 0.06541999999999998
7 0.5786899999999999 0.47217 0.04358000000000006 0.043940000000000035
7 0.26029 0.28418 0.045999999999999985 0.011720000000000008
7 0.7142850000000001 0.395995 0.048430000000000084 0.06542999999999999
7 0.709445 0.483885 0.04842999999999997 0.06542999999999993
7 0.25666 0.6401399999999999 0.04357999999999998 0.03417999999999999
7 0.710655 0.65625 0.046009999999999995 0.06445999999999996
7 0.25666 0.731445 0.03874 0.03906999999999994
10 0.42736 0.754885 0.0121 0.06054999999999999
10 0.49273500000000003 0.75586 0.01211000000000001 0.0625
10 0.5750649999999999 0.75537 0.01694999999999991 0.06152000000000002
10 0.6368050000000001 0.75537 0.014530000000000043 0.06152000000000002
10 0.671915 0.75488 0.01695000000000002 0.0625
10 0.398305 0.75537 0.016949999999999965 0.06152000000000002
10 0.35472 0.747555 0.0121 0.053710000000000035
10 0.22397 0.661135 0.0121 0.06054999999999999
10 0.28934499999999996 0.66211 0.01211000000000001 0.06054000000000004
10 0.22397 0.5717749999999999 0.0121 0.053710000000000035
10 0.291765 0.5708 0.012109999999999954 0.05566000000000004
10 0.6791750000000001 0.65967 0.012109999999999954 0.057620000000000005
10 0.7445550000000001 0.65869 0.012109999999999954 0.05566000000000004
10 0.291765 0.74512 0.012109999999999954 0.056640000000000024
10 0.22397 0.74463 0.0121 0.057620000000000005
10 0.749395 0.74756 0.012109999999999954 0.057620000000000005
10 0.6779649999999999 0.572265 0.014530000000000043 0.054690000000000016
10 0.7445550000000001 0.572265 0.012109999999999954 0.052729999999999944
10 0.746975 0.484865 0.012109999999999954 0.05370999999999998
10 0.6779649999999999 0.484865 0.014530000000000043 0.05370999999999998
10 0.292975 0.483885 0.014529999999999987 0.05370999999999998
10 0.226395 0.483885 0.012109999999999982 0.05370999999999998
10 0.29298 0.398925 0.009679999999999966 0.05175000000000002
10 0.227605 0.398925 0.009689999999999976 0.05175000000000002
10 0.745765 0.39941499999999996 0.009689999999999976 0.05273
10 0.680385 0.39990000000000003 0.009689999999999976 0.05175999999999997
10 0.748185 0.3125 0.009689999999999976 0.05274000000000001
10 0.6828099999999999 0.3125 0.009680000000000022 0.05274000000000001
10 0.2954 0.3125 0.009680000000000022 0.05274000000000001
10 0.227605 0.3125 0.009689999999999976 0.05274000000000001
10 0.6150150000000001 0.21875 0.014530000000000043 0.03710000000000002
10 0.680385 0.2207 0.014529999999999932 0.03516
10 0.753025 0.22021000000000002 0.014530000000000043 0.034180000000000016
10 0.5447949999999999 0.219235 0.014530000000000043 0.03613000000000002
10 0.48789499999999997 0.21875 0.01211000000000001 0.03710000000000002
10 0.430995 0.21875 0.014529999999999987 0.03710000000000002
10 0.36077499999999996 0.21875 0.014529999999999987 0.03710000000000002
10 0.29418500000000003 0.218265 0.016949999999999965 0.03613000000000002
10 0.230025 0.218265 0.014529999999999987 0.03613000000000002
10 0.291765 0.77734 0.021789999999999976 0.005859999999999976
10 0.225185 0.60156 0.02421000000000001 0.005859999999999976
10 0.292975 0.60156 0.02421000000000001 0.005859999999999976
10 0.292975 0.68945 0.02421000000000001 0.005859999999999976
10 0.22397499999999998 0.68945 0.021790000000000004 0.005859999999999976
10 0.745765 0.60205 0.01937 0.0048799999999999955
10 0.6779649999999999 0.60205 0.024209999999999954 0.0048799999999999955
10 0.744555 0.68945 0.021789999999999976 0.005859999999999976
10 0.29418500000000003 0.51367 0.02179000000000003 0.005859999999999976
10 0.227605 0.51367 0.02421000000000001 0.005859999999999976
10 0.680385 0.51465 0.024210000000000065 0.005860000000000087
10 0.746975 0.51465 0.021790000000000087 0.005860000000000087
10 0.681595 0.42773 0.021790000000000087 0.005859999999999976
10 0.745765 0.42871000000000004 0.024210000000000065 0.005860000000000032
10 0.292975 0.42773 0.02421000000000001 0.005859999999999976
10 0.227605 0.42773 0.02421000000000001 0.005859999999999976
10 0.292975 0.3418 0.02421000000000001 0.005859999999999976
10 0.227605 0.34131 0.02421000000000001 0.0048799999999999955
10 0.746975 0.3418 0.021790000000000087 0.005859999999999976
10 0.6840200000000001 0.3418 0.02179999999999993 0.005859999999999976
10 0.48789499999999997 0.23926 0.02179000000000003 0.005859999999999976
10 0.543585 0.24023 0.021789999999999976 0.005859999999999976
10 0.6138049999999999 0.24023 0.021790000000000087 0.005859999999999976
10 0.679175 0.24072 0.021789999999999976 0.0048799999999999955
10 0.751815 0.24023 0.021789999999999976 0.005859999999999976
10 0.430995 0.24023 0.02421000000000001 0.005859999999999976
10 0.361985 0.24023 0.021789999999999976 0.005859999999999976
10 0.29418500000000003 0.23926 0.02179000000000003 0.005859999999999976
10 0.230025 0.23926 0.02421000000000001 0.005859999999999976
10 0.749395 0.77832 0.021789999999999976 0.0039000000000000146
10 0.360775 0.195805 0.033889999999999976 0.008789999999999992
10 0.2954 0.195805 0.03390000000000004 0.008789999999999992
10 0.23002499999999998 0.195805 0.03389 0.008789999999999992
10 0.43099 0.19677499999999998 0.033899999999999986 0.008789999999999992
10 0.48789000000000005 0.19677499999999998 0.03148000000000001 0.008789999999999992
10 0.544795 0.197265 0.033889999999999976 0.007809999999999984
10 0.61259 0.19629 0.03390000000000004 0.007819999999999994
10 0.68039 0.19678 0.03389999999999993 0.01074
10 0.7469699999999999 0.19774999999999998 0.03632000000000002 0.01074
10 0.227605 0.28369 0.014529999999999987 0.0048799999999999955
10 0.2954 0.28369 0.014519999999999977 0.0048799999999999955
10 0.746975 0.28271500000000005 0.01694999999999991 0.0048900000000000055
10 0.682805 0.28369 0.014529999999999932 0.0048799999999999955
10 0.291765 0.37060499999999996 0.01695000000000002 0.0048900000000000055
10 0.227605 0.37060499999999996 0.014529999999999987 0.0048900000000000055
10 0.680385 0.37060499999999996 0.014529999999999932 0.0048900000000000055
10 0.745765 0.37060499999999996 0.014529999999999932 0.0048900000000000055
10 0.679175 0.4541 0.021789999999999976 0.005859999999999976
10 0.744555 0.45459 0.021789999999999976 0.0048799999999999955
10 0.291765 0.4541 0.021789999999999976 0.005859999999999976
10 0.227605 0.4541 0.02421000000000001 0.005859999999999976
10 0.22397499999999998 0.541505 0.021790000000000004 0.004890000000000061
10 0.29418500000000003 0.54053 0.02179000000000003 0.0048799999999999955
10 0.6779649999999999 0.54199 0.024209999999999954 0.005859999999999976
10 0.745765 0.54297 0.024210000000000065 0.005860000000000087
10 0.679175 0.62842 0.021789999999999976 0.0048799999999999955
10 0.74213 0.62793 0.02179999999999993 0.005859999999999976
10 0.22397499999999998 0.62793 0.021790000000000004 0.005859999999999976
10 0.291765 0.6293949999999999 0.021789999999999976 0.00488999999999995
10 0.29661000000000004 0.71387 0.021799999999999986 0.005859999999999976
10 0.22397499999999998 0.71289 0.021790000000000004 0.005859999999999976
10 0.746975 0.71582 0.021790000000000087 0.005859999999999976
10 0.5762700000000001 0.72217 0.029059999999999975 0.0048799999999999955
10 0.639225 0.72217 0.02905000000000002 0.0048799999999999955
10 0.673125 0.72119 0.02905000000000002 0.0048799999999999955
10 0.49637 0.72217 0.02906000000000003 0.0048799999999999955
10 0.42857 0.72217 0.029059999999999975 0.0048799999999999955
10 0.397095 0.72217 0.029049999999999965 0.0048799999999999955
10 0.358355 0.717285 0.029049999999999965 0.00488999999999995
10 0.673125 0.7876 0.01937 0.0048799999999999955
10 0.577485 0.788575 0.021789999999999976 0.00488999999999995
10 0.49273500000000003 0.7890649999999999 0.02179000000000003 0.003909999999999969
10 0.428575 0.7876 0.01937 0.0048799999999999955
10 0.400725 0.7876 0.021789999999999976 0.0048799999999999955
10 0.3523 0.7768550000000001 0.02180000000000004 0.00488999999999995
8 0.173125 0.047851500000000005 0.05569000000000002 0.072265
8 0.037530100000000004 0.048827999999999996 0.055689800000000005 0.072266
8 0.817195 0.048827999999999996 0.05569000000000002 0.072266
8 0.961255 0.048827999999999996 0.058109999999999995 0.072266
