1 0.50132605 0.50048985 0.9920279 0.9951203
2 0.205175 0.151365 0.06773000000000001 0.08789000000000001
2 0.38380000000000003 0.146975 0.055779999999999996 0.08690999999999999
2 0.459495 0.147465 0.055769999999999986 0.08789
2 0.532535 0.149905 0.055769999999999986 0.08691
2 0.60558 0.150395 0.05577999999999994 0.08789000000000001
2 0.7835300000000001 0.1543 0.06906000000000001 0.09179999999999999
2 0.20717 0.28711 0.07172 0.09569999999999998
2 0.419655 0.285155 0.07171000000000005 0.09570999999999996
2 0.5723750000000001 0.28711 0.07171000000000005 0.09569999999999998
2 0.78287 0.29198999999999997 0.07038 0.09569999999999998
2 0.21115499999999998 0.430175 0.07703000000000002 0.10449000000000003
2 0.42230999999999996 0.427245 0.07702000000000003 0.10449000000000003
2 0.5723750000000001 0.4292 0.07703000000000004 0.10449999999999998
2 0.77955 0.434085 0.07701999999999998 0.10448999999999997
2 0.573705 0.5859350000000001 0.08233000000000001 0.12109000000000003
2 0.78154 0.58789 0.08366000000000007 0.12109999999999999
2 0.780215 0.749025 0.08366999999999991 0.12109000000000003
2 0.421645 0.58496 0.08367000000000002 0.12109999999999999
2 0.496015 0.75293 0.06506999999999996 0.13085999999999998
2 0.573705 0.7519549999999999 0.03984999999999994 0.12695
2 0.42497 0.7519549999999999 0.03983999999999999 0.12695
3 0.49734 0.9282250000000001 0.14209999999999995 0.13768999999999998
6 0.205175 0.19238 0.17396999999999996 0.08594000000000002
6 0.20783500000000002 0.33203 0.17397 0.08594000000000002
6 0.788185 0.19629000000000002 0.17396999999999996 0.08593999999999999
6 0.786855 0.34082 0.17396999999999996 0.08594000000000002
6 0.211815 0.475585 0.17397 0.08592999999999995
6 0.787515 0.484375 0.19389 0.08984999999999999
6 0.787515 0.641115 0.19389 0.08887
6 0.49934 0.19286999999999999 0.30810000000000004 0.08692000000000003
6 0.50066 0.33203499999999997 0.30810000000000004 0.08788999999999997
6 0.50066 0.480955 0.30810000000000004 0.08691000000000004
6 0.48606 0.642575 0.30809999999999993 0.08789000000000002
6 0.498674 0.806155 0.806112 0.06542999999999999
7 0.7602949999999999 0.5874 0.03850999999999993 0.11426000000000003
7 0.798805 0.58691 0.038510000000000044 0.11327999999999994
7 0.18725000000000003 0.42969 0.02656 0.10155999999999998
7 0.23373 0.43066499999999996 0.02656 0.10157
7 0.827355 0.291015 0.02124999999999999 0.09375000000000003
7 0.7423649999999999 0.29052500000000003 0.021250000000000102 0.09473000000000004
7 0.16334500000000002 0.284665 0.02125000000000002 0.09472999999999998
7 0.241035 0.286135 0.017270000000000008 0.09374999999999997
7 0.42563 0.75 0.03320000000000001 0.11914000000000002
7 0.48008 0.752445 0.03054000000000001 0.12207000000000001
7 0.51129 0.75293 0.029220000000000024 0.12109999999999999
7 0.573705 0.75244 0.03452999999999995 0.12597999999999998
7 0.8247 0.74756 0.026559999999999917 0.12597999999999998
8 0.8014600000000001 0.0249022 0.3333400000000001 0.0380856
8 0.186585 0.0229491 0.33333 0.0380858
8 0.160025 0.06445300000000001 0.025229999999999975 0.03515600000000001
8 0.24502 0.06543 0.025239999999999985 0.035156
8 0.326695 0.0625 0.023909999999999987 0.03125
8 0.353255 0.0629885 0.023909999999999987 0.032227000000000006
8 0.422975 0.0668945 0.025229999999999975 0.03613299999999999
8 0.496015 0.067383 0.02523000000000003 0.03515599999999999
8 0.5710500000000001 0.0703125 0.02389999999999992 0.035156999999999994
8 0.6447499999999999 0.065918 0.01992000000000005 0.034179999999999995
8 0.66866 0.065918 0.01992000000000005 0.034179999999999995
8 0.746345 0.070801 0.018589999999999995 0.034179999999999995
8 0.8286849999999999 0.0712895 0.018589999999999995 0.033202999999999996
8 0.91169 0.074219 0.019919999999999938 0.031249999999999993
8 0.9555100000000001 0.061523499999999995 0.01992000000000005 0.033203
8 0.978755 0.062012 0.018589999999999995 0.03418000000000001
8 0.07436899999999999 0.062988 0.021248000000000003 0.034179999999999995
8 0.0398405 0.0517575 0.021249000000000004 0.033203
8 0.01726405 0.052246 0.0212479 0.034179999999999995
9 0.505978 0.06836 0.966804 0.08008
10 0.0471445 0.452635 0.033200999999999994 0.66699
10 0.944225 0.45703499999999997 0.037190000000000056 0.65039
10 0.9468749999999999 0.804685 0.06108999999999998 0.04686999999999997
10 0.052456499999999996 0.808595 0.059760999999999995 0.04687000000000008
10 0.0451525 0.0937515 0.05577699999999999 0.052737000000000006
10 0.949535 0.104494 0.06108999999999998 0.05469200000000002
10 0.16135 0.129395 0.019919999999999993 0.012689999999999993
10 0.250995 0.13135 0.018590000000000023 0.012699999999999989
10 0.42296999999999996 0.129395 0.019919999999999993 0.012689999999999993
10 0.49602 0.13135 0.019919999999999993 0.012699999999999989
10 0.56906 0.13135 0.019919999999999938 0.012699999999999989
10 0.74037 0.13623000000000002 0.01992000000000005 0.012700000000000017
10 0.8253699999999999 0.13720500000000002 0.01992000000000005 0.012690000000000007
10 0.16202 0.16405999999999998 0.013280000000000014 0.056639999999999996
10 0.24900499999999998 0.16650500000000001 0.011949999999999988 0.055670000000000025
10 0.74104 0.1709 0.013279999999999959 0.056639999999999996
10 0.8253649999999999 0.171385 0.011950000000000016 0.05567
10 0.5690550000000001 0.16504 0.011950000000000016 0.054680000000000006
10 0.496015 0.16504 0.011950000000000072 0.054680000000000006
10 0.421645 0.16308499999999998 0.011950000000000016 0.05468999999999999
10 0.33599 0.147465 0.034519999999999995 0.09375000000000001
10 0.6547149999999999 0.149905 0.03453000000000006 0.09276999999999999
10 0.33599 0.19922 0.03983999999999999 0.009759999999999991
10 0.6587000000000001 0.20166 0.03983999999999999 0.01074
10 0.33665500000000004 0.08984600000000001 0.041169999999999984 0.021487999999999993
10 0.655375 0.09277550000000001 0.04117000000000004 0.021488999999999994
10 0.454845 0.73047 0.011950000000000016 0.04687999999999992
10 0.543825 0.73047 0.011949999999999905 0.04687999999999992
10 0.598935 0.73193 0.007970000000000033 0.04589999999999994
10 0.39907000000000004 0.730955 0.006640000000000035 0.04784999999999995
10 0.454185 0.7651399999999999 0.01593 0.022460000000000035
10 0.5431600000000001 0.7651399999999999 0.015939999999999954 0.022460000000000035
10 0.59894 0.765625 0.010619999999999963 0.02149000000000001
10 0.4004 0.765135 0.00930000000000003 0.020510000000000028
10 0.078353 0.206055 0.02656 0.017570000000000002
10 0.9110199999999999 0.21191 0.026560000000000028 0.017580000000000012
10 0.075033 0.148925 0.019919999999999993 0.09473
10 0.91169 0.15771 0.019919999999999938 0.09082
10 0.075697 0.090819 0.02656 0.021482
10 0.90969 0.10156 0.026559999999999917 0.02148
11 0.78154 0.922855 0.13148000000000004 0.13280999999999998
11 0.21514 0.9248050000000001 0.1328 0.13280999999999998
