1 0.5019547 0.5009208 0.9921906 0.9981584
2 0.319335 0.29558 0.04100999999999999 0.07918000000000003
2 0.20947 0.296505 0.04003999999999999 0.08102999999999999
2 0.08203150000000001 0.296505 0.041017000000000005 0.08102999999999999
2 0.43506 0.296505 0.040039999999999965 0.08102999999999999
2 0.57568 0.296505 0.040039999999999965 0.08102999999999999
2 0.68994 0.29373499999999997 0.040040000000000076 0.07919000000000004
2 0.7988299999999999 0.297425 0.041019999999999945 0.07918999999999998
2 0.92432 0.29466000000000003 0.040039999999999965 0.07734000000000002
2 0.321775 0.744015 0.036129999999999995 0.06999
2 0.209965 0.744015 0.037110000000000004 0.06999
2 0.080078 0.744015 0.03711 0.06999
2 0.6875 0.7403299999999999 0.03709999999999991 0.06998000000000004
2 0.797365 0.74217 0.036129999999999995 0.06997999999999993
2 0.921875 0.73665 0.037109999999999976 0.06998000000000004
2 0.08300850000000001 0.520255 0.039063 0.14548999999999995
2 0.20995999999999998 0.5184150000000001 0.03906000000000001 0.14549
2 0.32128999999999996 0.5184150000000001 0.03906000000000004 0.14549
2 0.921875 0.5184150000000001 0.03906999999999994 0.14549
2 0.799315 0.517495 0.03808999999999996 0.14364999999999994
2 0.688965 0.517495 0.03809000000000007 0.14364999999999994
2 0.435055 0.5239400000000001 0.036129999999999995 0.15654
2 0.5737300000000001 0.5221 0.03613999999999995 0.15653999999999996
2 0.0771485 0.12154499999999999 0.042969 0.03315
2 0.207035 0.127995 0.04297000000000001 0.031310000000000004
2 0.31836 0.127995 0.04296 0.031310000000000004
2 0.436525 0.129835 0.04296999999999995 0.031310000000000004
2 0.575195 0.129835 0.04296999999999995 0.031310000000000004
2 0.6904300000000001 0.129835 0.04296 0.031310000000000004
2 0.800295 0.129835 0.04198999999999997 0.031310000000000004
2 0.927245 0.12615 0.04198999999999997 0.03130000000000001
3 0.5043949999999999 0.8591150000000001 0.07128999999999996 0.26703
4 0.081541 0.40976 0.079098 0.07550000000000001
4 0.31738500000000003 0.411605 0.07812999999999998 0.07550999999999997
4 0.688965 0.411605 0.0791099999999999 0.07550999999999997
4 0.9213899999999999 0.413445 0.07910000000000006 0.07550999999999997
4 0.20898499999999998 0.40884 0.08398999999999998 0.07366
4 0.43115000000000003 0.40884 0.08495999999999998 0.07366
4 0.5742149999999999 0.41252500000000003 0.07616999999999996 0.07366999999999996
4 0.80127 0.40884 0.07713999999999999 0.07366
5 0.080564 0.6123400000000001 0.069332 0.0534
5 0.21045 0.617865 0.06934000000000001 0.05340999999999996
5 0.32128999999999996 0.616025 0.07032 0.05341000000000007
5 0.686035 0.61418 0.06933 0.0534
5 0.796875 0.61418 0.0703100000000001 0.0534
5 0.9213849999999999 0.6123400000000001 0.06933 0.0534
6 0.50537 0.609575 0.22364 0.07735000000000003
7 0.31005499999999997 0.2965 0.020509999999999973 0.07366
7 0.330075 0.2965 0.019529999999999992 0.07366
7 0.5654300000000001 0.29466000000000003 0.019540000000000002 0.07366
7 0.585935 0.29374 0.019530000000000047 0.07182
7 0.42578499999999997 0.2965 0.019529999999999992 0.07366
7 0.44433500000000004 0.29558 0.019529999999999992 0.07182
7 0.6806650000000001 0.29374 0.019529999999999936 0.07182
7 0.699705 0.29374 0.018550000000000066 0.07182
7 0.7832049999999999 0.290055 0.007809999999999984 0.08287
7 0.8203149999999999 0.290975 0.007809999999999984 0.08471000000000001
7 0.9082049999999999 0.290975 0.007809999999999984 0.08471000000000001
7 0.942385 0.293735 0.007809999999999984 0.08287
7 0.072266 0.7430950000000001 0.017577999999999996 0.06445000000000001
7 0.0898435 0.74217 0.015625 0.06630000000000003
7 0.20361 0.744015 0.016599999999999976 0.06628999999999996
7 0.220215 0.744015 0.016610000000000014 0.06628999999999996
7 0.31299 0.74586 0.016600000000000004 0.06630000000000003
7 0.33008000000000004 0.74586 0.015620000000000023 0.06630000000000003
7 0.67822 0.74217 0.01660000000000006 0.06630000000000003
7 0.69482 0.74217 0.016599999999999948 0.06630000000000003
7 0.782225 0.7394099999999999 0.007809999999999984 0.06813999999999998
7 0.0683595 0.12339 0.021485000000000004 0.029459999999999986
7 0.088867 0.12247000000000001 0.01757800000000001 0.027620000000000006
7 0.19677499999999998 0.129835 0.02051 0.027630000000000002
7 0.217775 0.128915 0.02149000000000001 0.029469999999999996
7 0.30810499999999996 0.12799 0.020509999999999973 0.027620000000000006
7 0.32909999999999995 0.128915 0.02148 0.029469999999999996
7 0.42627000000000004 0.129835 0.020500000000000018 0.027630000000000002
7 0.447755 0.128915 0.020509999999999973 0.029469999999999996
7 0.564945 0.128915 0.020510000000000028 0.029469999999999996
7 0.58545 0.128915 0.020499999999999963 0.029469999999999996
7 0.680175 0.130755 0.020510000000000028 0.02947000000000001
7 0.700685 0.130755 0.020510000000000028 0.02947000000000001
7 0.78955 0.130755 0.020499999999999963 0.02947000000000001
7 0.811035 0.129835 0.020509999999999917 0.027630000000000002
7 0.9379850000000001 0.12707000000000002 0.020509999999999917 0.029460000000000014
7 0.916505 0.12707000000000002 0.020510000000000028 0.029460000000000014
8 0.50537 0.52578 0.043940000000000035 0.11233999999999994
8 0.505375 0.38858000000000004 0.047850000000000004 0.09208
6 0.505861 0.0313073 0.978518 0.0589314
9 0.5058575000000001 0.11510350000000001 0.980465 0.123393
9 0.5034195 0.33977999999999997 0.983401 0.02026
9 0.505371 0.5976049999999999 0.983398 0.02024999999999999
9 0.5029275 0.64733 0.980465 0.03867999999999994
10 0.14014 0.414365 0.022460000000000008 0.39043
10 0.02001955 0.415285 0.0224609 0.38859
10 0.98193 0.416205 0.022460000000000035 0.38305
10 0.8667 0.415285 0.022460000000000035 0.38859
10 0.02294895 0.62339 0.0322261 0.027619999999999978
10 0.139645 0.62155 0.031249999999999986 0.02393999999999996
10 0.980465 0.61878 0.03125 0.02210000000000001
10 0.866215 0.619705 0.03125 0.02024999999999999
10 0.41942999999999997 0.80479 0.010740000000000027 0.19890000000000008
10 0.45361 0.80663 0.010739999999999972 0.19889999999999997
10 0.55615 0.80479 0.010739999999999972 0.19890000000000008
10 0.59033 0.80479 0.010739999999999972 0.19890000000000008
10 0.41992 0.9512 0.023440000000000016 0.09023999999999999
10 0.45264000000000004 0.9512 0.02245999999999998 0.09023999999999999
10 0.55518 0.94936 0.022459999999999924 0.09023999999999999
10 0.5918 0.94936 0.023439999999999905 0.09023999999999999
10 0.418455 0.69521 0.01855000000000001 0.020259999999999945
10 0.452635 0.69521 0.01855000000000001 0.020259999999999945
10 0.556155 0.69705 0.018549999999999955 0.020260000000000056
10 0.5908199999999999 0.6961299999999999 0.019540000000000002 0.018419999999999992
10 0.02099595 0.19337 0.0283201 0.055239999999999984
10 0.13916 0.191525 0.028320000000000012 0.05525000000000002
10 0.98047 0.19705499999999998 0.029299999999999993 0.055249999999999994
10 0.868165 0.191525 0.029290000000000038 0.05525000000000002
