2 0.583505 0.02195945 0.06720999999999999 0.0270271
2 0.34521500000000005 0.34121500000000005 0.05907000000000001 0.14865
2 0.42872 0.34037 0.05906 0.14358000000000004
2 0.42261 0.539695 0.05906 0.13344999999999996
2 0.340125 0.5380050000000001 0.06517 0.12669000000000002
2 0.42057 0.7457750000000001 0.05906 0.11992999999999998
2 0.33604999999999996 0.7449300000000001 0.06109999999999999 0.11824000000000001
2 0.855395 0.53125 0.09369000000000005 0.11656
2 0.854375 0.32179 0.09165000000000001 0.11656
2 0.855395 0.7457750000000001 0.09369000000000005 0.11655000000000004
2 0.6222 0.53125 0.08757999999999999 0.11656
2 0.62322 0.32179 0.08553999999999995 0.11656
2 0.6222 0.7457750000000001 0.08757999999999999 0.11655000000000004
2 0.14155 0.744085 0.08758 0.11654999999999993
2 0.15173 0.53125 0.08758 0.11656
2 0.15275 0.327705 0.08554 0.11486999999999997
2 0.46232 0.135133 0.17922000000000005 0.08783399999999998
4 0.158858 0.27365 0.16700399999999999 0.04054000000000002
4 0.386965 0.27027 0.21181 0.050679999999999975
4 0.6232200000000001 0.266045 0.14664 0.035469999999999974
4 0.140528 0.690035 0.154784 0.05236999999999992
4 0.6211800000000001 0.6934100000000001 0.15478000000000003 0.05574000000000001
4 0.148675 0.469595 0.13849 0.07095000000000001
4 0.623215 0.47128499999999995 0.13849 0.07095000000000001
5 0.1435865 0.6114850000000001 0.14460699999999999 0.06419000000000008
5 0.62016 0.6174 0.14459999999999995 0.0625
5 0.862525 0.61571 0.14461000000000002 0.0625
5 0.13951 0.811655 0.1446 0.025330000000000075
5 0.37678 0.81081 0.19552000000000003 0.027020000000000044
5 0.617105 0.8108150000000001 0.15478999999999998 0.02365000000000006
5 0.862525 0.840375 0.14867000000000008 0.08277000000000001
6 0.375765 0.412165 0.23420999999999997 0.14188999999999996
6 0.36863500000000005 0.625845 0.23625000000000002 0.13007000000000002
7 0.85438 0.32094500000000004 0.08757999999999999 0.11486999999999997
7 0.6232150000000001 0.32179 0.08147000000000004 0.11318
7 0.6222000000000001 0.486485 0.08350000000000002 0.02027000000000001
7 0.15173 0.48563999999999996 0.08350000000000002 0.018579999999999985
7 0.15377 0.28632 0.0835 0.025339999999999974
7 0.428715 0.28632 0.05498999999999998 0.028720000000000023
7 0.345215 0.28463 0.05498999999999998 0.028719999999999968
7 0.34114 0.489865 0.05906 0.02364999999999995
7 0.422605 0.486485 0.05498999999999998 0.02364999999999995
7 0.8564149999999999 0.745775 0.08757000000000004 0.11316999999999999
7 0.6211800000000001 0.7128399999999999 0.08145999999999998 0.04730000000000001
7 0.141545 0.7449349999999999 0.07943 0.11148999999999998
9 0.4725065 0.21030500000000002 0.912427 0.06925
1 0.47454 0.5008438 0.92464 0.9915524
9 0.4704685 0.38936000000000004 0.900203 0.025339999999999974
9 0.47657849999999996 0.646115 0.900203 0.025330000000000075
9 0.477595 0.87331 0.9185300000000001 0.030399999999999983
11 0.601835 0.84375 0.35640999999999995 0.0557399999999999
11 0.850305 0.9231400000000001 0.10794999999999999 0.06925999999999999
11 0.6191450000000001 0.9510099999999999 0.08147000000000004 0.08784000000000003
11 0.42057 0.95017 0.050919999999999965 0.08951999999999993
11 0.326885 0.949325 0.05498999999999998 0.09121000000000001
11 0.133403 0.94679 0.07943399999999999 0.09628000000000003
