1 0.570805 0.546075 0.6787099999999999 0.75427
2 0.333985 0.354095 0.05079 0.14847
2 0.51904 0.335325 0.05761999999999995 0.15871000000000002
2 0.663575 0.335325 0.05761000000000005 0.15871000000000002
2 0.80859 0.332765 0.056640000000000024 0.16382999999999998
2 0.137695 0.1723565 0.05273000000000001 0.15358700000000003
2 0.13086 0.494025 0.05274000000000001 0.15529000000000004
2 0.32959 0.732085 0.059579999999999966 0.17064999999999997
2 0.551755 0.737205 0.05858999999999992 0.17064999999999997
2 0.83154 0.73891 0.06348000000000009 0.17406
3 0.6943349999999999 0.749145 0.06445000000000001 0.20136999999999994
4 0.831545 0.6203099999999999 0.13378999999999996 0.032420000000000004
4 0.6875 0.621165 0.13085999999999998 0.034129999999999994
4 0.54688 0.619455 0.12500000000000006 0.027309999999999945
4 0.13965 0.0674065 0.07812000000000001 0.052901
5 0.1303705 0.27133 0.084959 0.040959999999999996
5 0.331545 0.438565 0.11035 0.030710000000000015
5 0.121583 0.590445 0.098634 0.023889999999999967
9 0.66406 0.203075 0.48242 0.05460999999999999
9 0.66357 0.421505 0.47754 0.034129999999999994
2 0.9643550000000001 0.73976 0.05761000000000005 0.16212000000000004
