1 0.51263 0.5372315 0.69684 0.907797
2 0.43474 0.135635 0.09473999999999999 0.047869999999999996
2 0.64737 0.14007 0.09474000000000005 0.04609999999999999
2 0.36421000000000003 0.266845 0.04209999999999997 0.07979
2 0.422105 0.268615 0.04420999999999997 0.07979
2 0.614735 0.2695 0.04210999999999998 0.08156
2 0.6715800000000001 0.27039 0.042099999999999915 0.07977999999999999
2 0.39368000000000003 0.45389999999999997 0.08842 0.11347999999999997
2 0.641055 0.45389999999999997 0.09053 0.11347999999999997
2 0.38947 0.648935 0.08842 0.11347000000000007
2 0.64 0.647165 0.08841999999999994 0.11346999999999996
2 0.353685 0.855495 0.06736999999999999 0.11525000000000007
2 0.43157500000000004 0.85727 0.06736999999999999 0.11524000000000001
2 0.602105 0.8537250000000001 0.06736999999999993 0.11524999999999996
2 0.682105 0.8537250000000001 0.06737000000000004 0.11524999999999996
2 0.94421 0.5700350000000001 0.07367999999999997 0.10460999999999998
2 0.946315 0.738475 0.07369000000000003 0.10461000000000009
2 0.94526 0.42110000000000003 0.08000000000000007 0.05495999999999995
4 0.389475 0.382095 0.13473000000000002 0.04432999999999998
4 0.642105 0.386525 0.13473000000000002 0.046089999999999964
4 0.6421049999999999 0.21188 0.13895000000000002 0.033680000000000015
4 0.393685 0.207445 0.13895000000000002 0.031909999999999994
4 0.38526 0.5656049999999999 0.16842000000000001 0.07801000000000002
4 0.64 0.5656049999999999 0.15999999999999992 0.07801000000000002
5 0.38842 0.516845 0.12841999999999998 0.02658999999999989
5 0.642105 0.52039 0.13053000000000003 0.026599999999999957
5 0.390525 0.72784 0.14105 0.05142000000000002
5 0.6421049999999999 0.72606 0.14315 0.05142000000000002
5 0.93895 0.62677 0.11368 0.019499999999999962
5 0.938945 0.802305 0.11789000000000005 0.019510000000000027
5 0.94105 0.453015 0.11368 0.019510000000000027
6 0.05578765 0.5656049999999999 0.1073647 0.12056999999999995
6 0.05789525 0.75532 0.10736949999999999 0.12056
9 0.5147349999999999 0.349295 0.67579 0.06383
9 0.5126350000000001 0.735815 0.6842100000000001 0.07092999999999994
11 0.517895 0.453905 0.10105000000000003 0.028370000000000006
