1 0.56445 0.521352 0.76172 0.909636
2 0.243165 0.130585 0.05468999999999996 0.040709999999999996
2 0.37109499999999995 0.13208 0.05273 0.04568
2 0.500975 0.13108 0.052730000000000055 0.04568
2 0.632325 0.130585 0.053710000000000035 0.04469000000000001
2 0.76123 0.13208 0.05176000000000003 0.04568
2 0.891605 0.130585 0.054690000000000016 0.040709999999999996
2 0.1308605 0.087885 0.091799 0.02284
2 0.02099628 0.0883825 0.040039439999999996 0.023834999999999995
2 0.086428 0.20208500000000001 0.09668399999999999 0.07050999999999999
2 0.086428 0.33316500000000004 0.09668399999999999 0.07249
2 0.08691449999999999 0.46723000000000003 0.093751 0.07050000000000006
2 0.087891 0.5998 0.09179799999999999 0.0714999999999999
2 0.08935599999999999 0.7373350000000001 0.088868 0.07845000000000002
2 0.59668 0.816285 0.01757999999999993 0.04369000000000001
2 0.571775 0.815295 0.020510000000000028 0.04369000000000001
2 0.546875 0.81579 0.019530000000000047 0.04468000000000005
2 0.371095 0.25819 0.054690000000000016 0.07149999999999998
2 0.239255 0.25819 0.054690000000000016 0.07149999999999998
2 0.50293 0.2572 0.054680000000000006 0.07149999999999998
2 0.631345 0.25819 0.053710000000000035 0.07149999999999998
2 0.76172 0.25819 0.05467999999999995 0.07149999999999998
2 0.893065 0.257695 0.053709999999999924 0.07050999999999999
2 0.36816499999999996 0.394735 0.05468999999999996 0.07050999999999996
2 0.23828 0.39275 0.054680000000000034 0.07050000000000001
2 0.500975 0.394735 0.054690000000000016 0.07050999999999996
2 0.63086 0.394735 0.05468000000000006 0.07050999999999996
2 0.761235 0.39424 0.053709999999999924 0.07150000000000001
2 0.23779499999999998 0.53128 0.05371000000000001 0.07150000000000001
2 0.36572499999999997 0.53128 0.05370999999999998 0.07150000000000001
2 0.498045 0.53227 0.054690000000000016 0.07149999999999995
2 0.6293949999999999 0.53227 0.053710000000000035 0.07149999999999995
2 0.7592749999999999 0.53227 0.053710000000000035 0.07149999999999995
2 0.89209 0.394735 0.05371999999999999 0.07050999999999996
2 0.891115 0.53128 0.053709999999999924 0.07150000000000001
2 0.23974499999999999 0.670805 0.05371000000000001 0.07051000000000007
2 0.37011499999999997 0.66981 0.05468999999999996 0.07050000000000001
2 0.496585 0.667825 0.053710000000000035 0.07051000000000007
2 0.63086 0.6668350000000001 0.05468000000000006 0.07050999999999996
2 0.760255 0.66882 0.053709999999999924 0.07050000000000001
2 0.891115 0.667825 0.053709999999999924 0.07051000000000007
2 0.236815 0.8083400000000001 0.05371000000000001 0.07150000000000001
2 0.367185 0.80636 0.054690000000000016 0.07150000000000001
2 0.762205 0.8053600000000001 0.053710000000000035 0.07150000000000001
2 0.649415 0.8063549999999999 0.025390000000000024 0.07348999999999994
2 0.478515 0.8068500000000001 0.025389999999999968 0.07447999999999999
2 0.88916 0.80636 0.05371999999999999 0.07150000000000001
2 0.234375 0.93545 0.05273000000000003 0.05163999999999991
2 0.365235 0.9359500000000001 0.05468999999999996 0.05462
2 0.758305 0.934955 0.053709999999999924 0.05461000000000005
3 0.5717749999999999 0.9111199999999999 0.06542999999999999 0.12214000000000003
4 0.49609500000000006 0.610225 0.09961000000000003 0.04469000000000001
4 0.626955 0.61023 0.09960999999999998 0.04270000000000007
5 0.2373 0.43296999999999997 0.0625 0.011919999999999986
5 0.236815 0.571005 0.061529999999999974 0.009929999999999994
5 0.8901349999999999 0.43396500000000005 0.05957000000000001 0.015890000000000015
5 0.88916 0.571995 0.06348000000000009 0.01588999999999996
5 0.89014 0.29742 0.06347999999999998 0.014899999999999969
5 0.23828 0.297415 0.0625 0.012909999999999977
5 0.88965 0.84707 0.0625 0.013900000000000023
5 0.760745 0.8460799999999999 0.06445000000000001 0.011920000000000042
5 0.365235 0.8475699999999999 0.06445000000000001 0.01091999999999993
5 0.23535 0.8475699999999999 0.06445999999999999 0.01091999999999993
5 0.366695 0.570505 0.05957000000000001 0.010929999999999995
5 0.498535 0.57001 0.05957000000000001 0.00994000000000006
5 0.628415 0.57001 0.06542999999999999 0.01191999999999993
5 0.759765 0.571495 0.06640999999999997 0.012909999999999977
5 0.367675 0.43296999999999997 0.06346999999999997 0.011919999999999986
5 0.49951 0.433465 0.06152000000000002 0.012909999999999977
5 0.76074 0.433465 0.0625 0.012909999999999977
5 0.629885 0.43296999999999997 0.06054999999999999 0.011919999999999986
5 0.36914 0.29593 0.06053999999999998 0.011919999999999986
5 0.499515 0.29593 0.05957000000000001 0.011919999999999986
5 0.63037 0.295925 0.06152000000000002 0.009929999999999994
5 0.760745 0.29593 0.05858999999999992 0.011919999999999986
5 0.47802500000000003 0.847075 0.032230000000000036 0.009929999999999994
5 0.6484399999999999 0.84558 0.03320000000000001 0.008939999999999948
8 0.37109499999999995 0.19215500000000002 0.048829999999999985 0.04865
8 0.50049 0.19215500000000002 0.04980000000000001 0.04865
8 0.76123 0.19166 0.047860000000000014 0.04765999999999998
8 0.631345 0.193145 0.04785000000000006 0.04667000000000002
9 0.5625 0.1713 0.75 0.05063999999999999
9 0.56494 0.083913 0.74902 0.02284
9 0.56299 0.74032 0.75098 0.08044000000000007
9 0.56543 0.93694 0.75196 0.06851999999999991
9 0.56494 0.33664 0.75488 0.05164000000000002
10 0.304685 0.25521 0.025389999999999968 0.11718000000000003
10 0.434085 0.25422 0.026370000000000005 0.11717999999999998
10 0.56494 0.253725 0.02635999999999994 0.11618999999999999
10 0.694825 0.253725 0.026370000000000005 0.11618999999999999
10 0.824705 0.253725 0.026370000000000005 0.11618999999999999
10 0.33301000000000003 0.23883000000000001 0.02343999999999996 0.15194000000000002
10 0.40918 0.239325 0.023440000000000016 0.15293
10 0.46289 0.23783500000000002 0.02343999999999996 0.15393
10 0.53955 0.23783500000000002 0.024419999999999997 0.15193
10 0.5942400000000001 0.239325 0.024419999999999997 0.15293
10 0.668455 0.239325 0.024410000000000043 0.15293
10 0.7231449999999999 0.23883000000000001 0.024409999999999932 0.15392
10 0.7988299999999999 0.23833500000000002 0.023440000000000016 0.15293
10 0.29932000000000003 0.335155 0.034180000000000044 0.04469000000000001
10 0.33252000000000004 0.33515 0.03028000000000003 0.04269999999999996
10 0.40283 0.33565 0.028320000000000012 0.04369999999999996
10 0.431645 0.33465999999999996 0.03125 0.04568
10 0.46338 0.33664499999999997 0.032220000000000026 0.04170999999999997
10 0.53613 0.335155 0.03320000000000001 0.04070999999999997
10 0.56494 0.33416 0.030280000000000085 0.04468
10 0.59424 0.33714 0.030280000000000085 0.04071999999999998
10 0.72363 0.335155 0.029299999999999993 0.04070999999999997
10 0.695315 0.334655 0.03125 0.04369000000000001
10 0.66699 0.33615 0.02734000000000003 0.04269999999999996
10 0.825195 0.33465999999999996 0.03125 0.04568
10 0.797365 0.33615 0.026370000000000005 0.04269999999999996
10 0.303715 0.16682999999999998 0.03125 0.059579999999999994
10 0.43506 0.166335 0.032220000000000026 0.060569999999999985
10 0.565425 0.167825 0.03125 0.05560999999999999
10 0.695315 0.16683 0.03125 0.057599999999999985
10 0.825195 0.16683 0.03125 0.057599999999999985
11 0.104979 0.8282 0.11816200000000002 0.03376000000000001
11 0.6484399999999999 0.88133 0.023440000000000016 0.016879999999999895
11 0.648435 0.85849 0.015630000000000033 0.016880000000000006
3 0.890135 0.934955 0.053709999999999924 0.07845000000000002
