1 0.5019084 0.50048828 0.9961832 0.99902344
2 0.0909655 0.1274435 0.057249 0.06543299999999999
2 0.16793999999999998 0.1274435 0.05851999999999999 0.06543299999999999
2 0.273535 0.12499850000000001 0.06107000000000001 0.066403
2 0.35369 0.12304699999999999 0.06106 0.066406
2 0.45992 0.12353700000000001 0.062340000000000007 0.06738600000000002
2 0.5394399999999999 0.124025 0.06106 0.06641000000000001
2 0.6412249999999999 0.1220685 0.06107000000000007 0.06640299999999999
2 0.721375 0.12304699999999999 0.06106999999999996 0.066406
2 0.828245 0.124025 0.06106999999999996 0.06641000000000001
2 0.9045799999999999 0.12646649999999998 0.06106 0.067387
2 0.909665 0.246095 0.06107000000000007 0.06641
2 0.8314250000000001 0.24511500000000003 0.062350000000000017 0.07031000000000001
2 0.726465 0.243655 0.06106999999999996 0.07128999999999999
2 0.643765 0.24414 0.06106999999999996 0.07032
2 0.5394399999999999 0.243655 0.06106 0.07128999999999999
2 0.46056 0.243655 0.06106 0.07128999999999999
2 0.35241500000000003 0.24511500000000003 0.06107000000000001 0.07031000000000001
2 0.272265 0.24511500000000003 0.06107000000000001 0.07031000000000001
2 0.169215 0.24706999999999998 0.06107000000000001 0.07032
2 0.089057 0.249025 0.061066 0.07030999999999998
2 0.087786 0.36621000000000004 0.061068 0.07032
2 0.16539500000000001 0.367185 0.061069999999999985 0.07030999999999998
2 0.26972 0.36621000000000004 0.06106 0.07032
2 0.3556 0.365235 0.062340000000000007 0.07031000000000004
2 0.45674499999999996 0.365235 0.06107000000000001 0.07031000000000004
2 0.538165 0.364745 0.06106999999999996 0.07129000000000002
2 0.647585 0.365235 0.06106999999999996 0.07031000000000004
2 0.726465 0.364255 0.06106999999999996 0.07030999999999998
2 0.829515 0.365235 0.06106999999999996 0.07031000000000004
2 0.910945 0.365235 0.06106999999999996 0.07031000000000004
2 0.087786 0.488765 0.061068 0.07129000000000002
2 0.166665 0.487795 0.061069999999999985 0.07129000000000002
2 0.26972 0.488765 0.06106 0.07129000000000002
2 0.35241500000000003 0.489255 0.06107000000000001 0.07227
2 0.459285 0.489255 0.06106999999999996 0.07227
2 0.538165 0.487795 0.06106999999999996 0.07129000000000002
2 0.830785 0.489255 0.06106999999999996 0.07227
2 0.725195 0.488765 0.06106999999999996 0.07129000000000002
2 0.645035 0.489255 0.06106999999999996 0.07227
2 0.9103049999999999 0.490235 0.062350000000000017 0.07227
2 0.909665 0.61133 0.06107000000000007 0.07225999999999999
2 0.829515 0.612305 0.06106999999999996 0.07227000000000006
2 0.725195 0.61133 0.06106999999999996 0.07225999999999999
2 0.645035 0.61133 0.06106999999999996 0.07225999999999999
2 0.5419849999999999 0.612305 0.06107000000000007 0.07227000000000006
2 0.459285 0.612305 0.06106999999999996 0.07227000000000006
2 0.35114500000000004 0.61084 0.06107000000000001 0.07128000000000001
2 0.273535 0.612305 0.06107000000000001 0.07227000000000006
2 0.167935 0.61133 0.06107000000000001 0.07225999999999999
2 0.08715 0.609375 0.06233999999999999 0.07227000000000006
2 0.4993618 0.7421899999999999 0.9834564 0.09570000000000001
3 0.842875 0.9585 0.04961000000000004 0.07909999999999995
9 0.5019065 0.0410156 0.978367 0.0742188
9 0.5012729499999999 0.16650500000000001 0.9847341 0.024410000000000015
9 0.5000017999999999 0.6543 0.9847364 0.023439999999999905
11 0.4993645 0.671875 0.8307910000000001 0.03125
11 0.518445 0.847165 0.24555 0.04785000000000006
11 0.8587750000000001 0.86426 0.12977000000000005 0.021480000000000055
11 0.24809 0.84961 0.14758 0.041020000000000056
11 0.50063795 0.89453 0.9834641 0.050779999999999936
11 0.926845 0.94873 0.10814999999999997 0.057620000000000005
11 0.7105600000000001 0.949705 0.20484000000000002 0.05957000000000001
11 0.218194 0.95459 0.41603199999999996 0.06934000000000007
3 0.48410000000000003 0.95996 0.10814000000000001 0.07225999999999999
