1 0.5302475 0.5095890000000001 0.901705 0.975342
2 0.177695 0.167125 0.08317 0.08767000000000001
2 0.39319499999999996 0.175345 0.08317000000000002 0.08767000000000003
2 0.61815 0.172605 0.08318000000000003 0.08767
2 0.84121 0.172605 0.08318000000000003 0.08767
2 0.8431 0.323285 0.08318000000000003 0.08767000000000003
2 0.616255 0.32054499999999997 0.08316999999999997 0.08766999999999997
2 0.391305 0.32054499999999997 0.08317000000000002 0.08766999999999997
2 0.173915 0.31506500000000004 0.08317 0.08766999999999997
2 0.175805 0.497265 0.07938999999999999 0.10137000000000007
2 0.39414 0.5 0.06994 0.10135999999999995
2 0.62004 0.501365 0.08318000000000003 0.09862999999999994
2 0.8431 0.5027349999999999 0.08318000000000003 0.09588999999999992
2 0.8393200000000001 0.673975 0.08317999999999992 0.09863
2 0.6134200000000001 0.671235 0.08506000000000002 0.09863
2 0.387525 0.671235 0.08316999999999997 0.09863
2 0.17486000000000002 0.672605 0.07749999999999999 0.10136999999999996
2 0.287335 0.168495 0.04915000000000003 0.09041
2 0.5103949999999999 0.168495 0.04914999999999997 0.09041
2 0.727785 0.172605 0.04915000000000003 0.08767
2 0.72873 0.32054499999999997 0.04726000000000008 0.08766999999999997
2 0.508505 0.313695 0.04914999999999997 0.09040999999999999
2 0.287335 0.313695 0.04915000000000003 0.09040999999999999
2 0.285445 0.494525 0.04915000000000003 0.09041000000000005
2 0.72873 0.5 0.04726000000000008 0.09041999999999994
2 0.50567 0.49726000000000004 0.03970000000000001 0.09042
2 0.287335 0.6684950000000001 0.04915000000000003 0.08767000000000003
2 0.502835 0.667125 0.04915000000000003 0.09040999999999999
2 0.731565 0.6753450000000001 0.04915000000000003 0.09040999999999999
3 0.190925 0.89863 0.12854999999999997 0.17533999999999994
3 0.36295 0.89863 0.12854 0.17533999999999994
3 0.64745 0.90822 0.15690000000000004 0.16164
3 0.8544449999999999 0.90822 0.15500999999999998 0.16164
4 0.172965 0.10958999999999999 0.10397 0.02192000000000001
4 0.392245 0.11096 0.10775000000000001 0.019180000000000003
4 0.617205 0.11233 0.10775000000000001 0.021919999999999995
4 0.836485 0.11507 0.10775000000000001 0.02192000000000001
4 0.834595 0.257535 0.10775000000000001 0.021910000000000013
4 0.613425 0.256165 0.10775000000000001 0.019169999999999993
4 0.390355 0.256165 0.10775000000000001 0.019169999999999993
4 0.171075 0.254795 0.10775000000000001 0.021909999999999985
4 0.169185 0.43425 0.10775000000000001 0.01918000000000003
4 0.388465 0.43425 0.10775000000000001 0.01918000000000003
4 0.619095 0.43835999999999997 0.10775000000000001 0.021919999999999995
4 0.834595 0.443835 0.10775000000000001 0.02191000000000004
4 0.834595 0.6137 0.10775000000000001 0.02191999999999994
4 0.6153150000000001 0.6137 0.1077499999999999 0.02191999999999994
4 0.390355 0.60822 0.10775000000000001 0.02191999999999994
4 0.167295 0.60822 0.10775 0.02191999999999994
4 0.28261 0.11096 0.07749999999999999 0.019180000000000003
4 0.50189 0.11096 0.07750000000000001 0.019180000000000003
4 0.7259 0.1137 0.07562000000000002 0.019180000000000003
4 0.7211700000000001 0.26027500000000003 0.07750000000000001 0.021910000000000013
4 0.50378 0.254795 0.07749999999999996 0.021909999999999985
4 0.28071999999999997 0.256165 0.07749999999999999 0.019169999999999993
4 0.50378 0.43425 0.07749999999999996 0.01918000000000003
4 0.50378 0.60822 0.07749999999999996 0.02191999999999994
6 0.2656 0.39041499999999996 0.15312 0.08493
6 0.7107749999999999 0.39315 0.1512300000000001 0.08494000000000002
6 0.716445 0.583565 0.15122999999999998 0.08218999999999999
6 0.26654500000000003 0.579455 0.15123000000000003 0.08493000000000006
6 0.5311935 0.746575 0.8884730000000001 0.10136999999999996
7 0.113424 0.164385 0.037812 0.09315000000000001
7 0.22873500000000002 0.165755 0.01891000000000001 0.09041
7 0.24764 0.167125 0.018899999999999972 0.08767000000000001
7 0.32325000000000004 0.167125 0.018899999999999972 0.08767000000000001
7 0.342155 0.168495 0.018909999999999982 0.09041
7 0.446125 0.168495 0.018909999999999982 0.09041
7 0.46692 0.168495 0.018900000000000028 0.09041
7 0.5604899999999999 0.171235 0.028360000000000052 0.09040999999999999
7 0.55104 0.169865 0.02835999999999994 0.08767
7 0.67108 0.169865 0.022680000000000033 0.08767
7 0.687145 0.172605 0.020790000000000086 0.08767
7 0.783555 0.172605 0.028350000000000097 0.08767
7 0.767485 0.171235 0.03025 0.08493
7 0.8950849999999999 0.171235 0.028349999999999986 0.09040999999999999
7 0.893195 0.321915 0.028349999999999986 0.09040999999999999
7 0.78261 0.316435 0.030240000000000045 0.09040999999999999
7 0.6729700000000001 0.316435 0.02646000000000004 0.09040999999999999
7 0.76654 0.335615 0.024580000000000046 0.12329000000000001
7 0.6880900000000001 0.336985 0.02646000000000004 0.12054999999999999
7 0.559545 0.31506500000000004 0.03025 0.08766999999999997
7 0.550095 0.31506500000000004 0.03025 0.08766999999999997
7 0.493385 0.31232499999999996 0.03025 0.08766999999999997
7 0.446125 0.313695 0.03025 0.09040999999999999
7 0.338375 0.31232499999999996 0.03025 0.08766999999999997
7 0.32325000000000004 0.33287500000000003 0.026459999999999984 0.12328999999999996
7 0.22684500000000002 0.31232499999999996 0.022690000000000016 0.08766999999999997
7 0.243855 0.331505 0.022689999999999988 0.12602999999999998
7 0.116255 0.31232499999999996 0.028349999999999986 0.08766999999999997
7 0.113424 0.49589500000000003 0.037812 0.10411000000000004
7 0.22305999999999998 0.495895 0.022680000000000006 0.09315000000000001
7 0.24101999999999998 0.495895 0.02457999999999999 0.09315000000000001
7 0.336485 0.495895 0.03025 0.09315000000000001
7 0.32325000000000004 0.495895 0.03023999999999999 0.09315000000000001
7 0.442345 0.49726499999999996 0.022689999999999988 0.09588999999999998
7 0.46408499999999997 0.49726499999999996 0.024570000000000036 0.09588999999999998
7 0.5604899999999999 0.49863500000000005 0.028360000000000052 0.09863000000000005
7 0.532135 0.501365 0.028349999999999986 0.09862999999999994
7 0.66824 0.49863500000000005 0.024579999999999935 0.09863000000000005
7 0.685255 0.519175 0.024570000000000092 0.13425000000000004
7 0.76654 0.520545 0.024580000000000046 0.13699
7 0.783555 0.49863500000000005 0.02456999999999998 0.09863000000000005
7 0.9064300000000001 0.49863500000000005 0.04725999999999997 0.09863000000000005
7 0.11247399999999999 0.6684950000000001 0.035911999999999986 0.10411000000000004
7 0.224005 0.671235 0.020790000000000003 0.10411000000000004
7 0.23913 0.682195 0.024579999999999963 0.1260300000000001
7 0.32136 0.682195 0.026459999999999984 0.1260300000000001
7 0.33365 0.671235 0.028359999999999996 0.09863
7 0.4414 0.671235 0.028359999999999996 0.09863
7 0.46030000000000004 0.6698649999999999 0.028359999999999996 0.09588999999999992
7 0.518905 0.667125 0.028349999999999986 0.09589000000000003
7 0.55671 0.671235 0.028360000000000052 0.09863
7 0.683365 0.6849350000000001 0.028350000000000097 0.12602999999999998
7 0.663515 0.671235 0.018909999999999982 0.09863
7 0.76654 0.680825 0.024580000000000046 0.12877000000000005
7 0.779775 0.671235 0.03212999999999999 0.09863
7 0.89225 0.671235 0.026459999999999928 0.09863
9 0.530248 0.054794499999999996 0.890364 0.049315
9 0.519848 0.39178 0.873344 0.02739999999999998
