1 0.4913273 0.5164255 0.9763454 0.946609
2 0.112775 0.187885 0.07413 0.09240999999999999
2 0.272085 0.184805 0.07412999999999997 0.09444999999999998
2 0.111196 0.38809 0.074128 0.09445999999999999
2 0.26892499999999997 0.38809 0.07412999999999997 0.09445999999999999
2 0.110411 0.59651 0.07255799999999998 0.10061999999999993
2 0.26814000000000004 0.5975349999999999 0.07256000000000001 0.09856999999999994
2 0.10725399999999999 0.805955 0.07255199999999999 0.10060999999999998
2 0.26814000000000004 0.8039000000000001 0.07256000000000001 0.10062000000000004
2 0.49921000000000004 0.184805 0.06782000000000005 0.09034999999999999
2 0.71372 0.186855 0.06781999999999999 0.09034999999999999
2 0.500785 0.389115 0.07413000000000003 0.09650999999999998
2 0.38486 0.39014499999999996 0.05678 0.09856999999999999
2 0.72634 0.389115 0.07413999999999998 0.09650999999999998
2 0.874605 0.391175 0.07413000000000003 0.09650999999999998
2 0.879335 0.5903449999999999 0.07413000000000003 0.09650999999999998
2 0.7287049999999999 0.5924050000000001 0.07571000000000006 0.09650999999999998
2 0.503945 0.594455 0.07412999999999997 0.09650999999999998
2 0.617505 0.59548 0.05205000000000004 0.09445999999999999
2 0.387225 0.594455 0.05520999999999998 0.09240999999999999
2 0.614355 0.387065 0.05520999999999998 0.08828999999999998
2 0.729495 0.7967150000000001 0.06783000000000006 0.09445000000000003
2 0.87776 0.79466 0.06781999999999999 0.09445999999999999
2 0.6009450000000001 0.190965 0.025229999999999975 0.04929
2 0.392745 0.18686 0.025229999999999975 0.04927999999999999
2 0.47870500000000005 0.0790555 0.029969999999999997 0.018480999999999997
2 0.6332800000000001 0.086242 0.03311999999999993 0.020533999999999997
2 0.38800999999999997 0.80698 0.05678 0.09445999999999999
2 0.6159300000000001 0.80082 0.05520000000000003 0.09445999999999999
2 0.502365 0.72382 0.08675 0.039020000000000055
3 0.500785 0.8778250000000001 0.06467000000000006 0.14578999999999998
5 0.112778 0.24126999999999998 0.09306400000000001 0.018480000000000024
5 0.269715 0.23717 0.09462999999999999 0.018479999999999996
5 0.1104105 0.44455999999999996 0.09463900000000001 0.018479999999999996
5 0.26735 0.44148 0.09306 0.020540000000000003
5 0.1104105 0.65195 0.09463900000000001 0.018480000000000052
5 0.26735 0.6529750000000001 0.09306 0.020530000000000048
5 0.388805 0.44353 0.07413000000000003 0.020540000000000003
5 0.38722500000000004 0.64887 0.07412999999999997 0.020540000000000003
5 0.617505 0.44148 0.07413000000000003 0.020540000000000003
5 0.619875 0.644765 0.07571000000000006 0.020530000000000048
5 0.502365 0.440455 0.09621000000000002 0.02259
5 0.50552 0.64682 0.09621999999999997 0.024639999999999995
5 0.73265 0.64476 0.09621999999999997 0.024639999999999995
5 0.72792 0.440455 0.09621999999999997 0.02259
5 0.8746050000000001 0.440455 0.09621000000000002 0.02259
5 0.879335 0.6416850000000001 0.09621000000000002 0.02259
7 0.0567825 0.187885 0.037855 0.09650999999999998
7 0.16956 0.185835 0.03628000000000001 0.09650999999999998
7 0.21293499999999999 0.184805 0.03785000000000002 0.09444999999999998
7 0.32886499999999996 0.18378 0.03626999999999997 0.09239999999999998
7 0.0520505 0.39014499999999996 0.041009 0.10266999999999998
7 0.16798000000000002 0.38912 0.03944 0.10061999999999999
7 0.21135500000000002 0.38809499999999997 0.04101000000000002 0.10266999999999998
7 0.328075 0.38809499999999997 0.04100999999999999 0.10266999999999998
7 0.050473000000000004 0.5924 0.04101 0.10062000000000004
7 0.165615 0.593425 0.04101000000000002 0.10267000000000004
7 0.209775 0.593425 0.04101000000000002 0.10267000000000004
7 0.326495 0.591375 0.04100999999999999 0.10267000000000004
7 0.048107 0.800825 0.039431999999999995 0.10267000000000004
7 0.165615 0.80185 0.04101000000000002 0.10062000000000004
7 0.28628 0.8039050000000001 0.03311999999999998 0.09650999999999998
7 0.25079 0.805955 0.03469999999999998 0.09650999999999998
7 0.44716 0.184805 0.03944000000000003 0.09034999999999999
7 0.55205 0.184805 0.037860000000000005 0.09034999999999999
7 0.6664 0.184805 0.03628000000000009 0.09034999999999999
7 0.770505 0.186855 0.036270000000000024 0.09034999999999999
7 0.444005 0.386035 0.03943000000000002 0.10266999999999998
7 0.5607249999999999 0.38912 0.039429999999999965 0.10061999999999999
7 0.669555 0.386035 0.039430000000000076 0.10266999999999998
7 0.782335 0.38809499999999997 0.04100999999999999 0.10266999999999998
7 0.824925 0.39014499999999996 0.04100999999999999 0.10266999999999998
7 0.930595 0.387065 0.04100999999999999 0.10060999999999998
7 0.443215 0.593425 0.041010000000000046 0.10267000000000004
7 0.562305 0.593425 0.039429999999999965 0.10267000000000004
7 0.671925 0.593425 0.04100999999999999 0.10267000000000004
7 0.7862750000000001 0.5872649999999999 0.039429999999999965 0.10266999999999993
7 0.824925 0.588295 0.04100999999999999 0.10060999999999998
7 0.934545 0.588295 0.039429999999999965 0.10060999999999998
7 0.671135 0.798765 0.039429999999999965 0.10266999999999993
7 0.788645 0.79569 0.03785000000000005 0.10061999999999993
7 0.828075 0.7967150000000001 0.03784999999999994 0.10266999999999993
7 0.93533 0.792605 0.037860000000000005 0.10267000000000004
9 0.49211184999999996 0.852155 0.9652963 0.028750000000000053
9 0.6490549999999999 0.293635 0.65457 0.06570999999999999
