1 0.2783215 0.58276 0.49023700000000003 0.48046
2 0.077637 0.47931 0.02441399999999999 0.11264000000000007
2 0.12549 0.48161 0.024419999999999983 0.11264000000000002
2 0.175295 0.47816 0.024409999999999987 0.11034
2 0.226075 0.47931 0.024409999999999987 0.11264000000000007
2 0.27588 0.47816 0.024419999999999997 0.11034
2 0.327145 0.47931 0.025389999999999968 0.11264000000000007
2 0.37744 0.47816 0.024419999999999997 0.11034
2 0.42676000000000003 0.47931 0.02343999999999996 0.11264000000000007
2 0.479005 0.47816 0.024409999999999987 0.11034
2 0.125 0.6413800000000001 0.025399999999999992 0.08736
2 0.0751955 0.6390800000000001 0.025390999999999997 0.08736
2 0.174805 0.6402300000000001 0.025389999999999996 0.08965999999999996
2 0.223635 0.6402300000000001 0.025390000000000024 0.08965999999999996
2 0.27441499999999996 0.64253 0.025389999999999968 0.08965999999999996
2 0.426755 0.64253 0.025390000000000024 0.08965999999999996
2 0.476565 0.6402300000000001 0.025389999999999968 0.08965999999999996
2 0.603515 0.1195405 0.025390000000000024 0.08275900000000001
2 0.6591800000000001 0.118391 0.023440000000000016 0.08505800000000001
2 0.7158199999999999 0.1195405 0.023440000000000016 0.08275900000000001
2 0.7724599999999999 0.118391 0.023440000000000016 0.08505800000000001
2 0.828125 0.118391 0.023430000000000062 0.08505800000000001
2 0.6015600000000001 0.28276 0.023440000000000016 0.08275999999999997
2 0.6582 0.28161 0.023439999999999905 0.08966000000000002
2 0.771975 0.28046 0.024410000000000043 0.09196000000000001
2 0.825195 0.28161 0.019530000000000047 0.08966000000000002
2 0.6557599999999999 0.45057 0.024419999999999997 0.11954000000000004
2 0.600095 0.45516999999999996 0.024409999999999932 0.11953999999999998
2 0.770995 0.44828 0.024410000000000043 0.11953999999999998
2 0.825195 0.44828 0.023430000000000062 0.11953999999999998
2 0.5981449999999999 0.6252850000000001 0.024409999999999932 0.09655000000000002
2 0.715335 0.32643500000000003 0.030269999999999908 0.17931000000000002
2 0.9209 0.31379 0.023440000000000016 0.08506000000000002
2 0.9658199999999999 0.31149499999999997 0.023440000000000016 0.08505000000000001
2 0.9213899999999999 0.17011500000000002 0.022460000000000035 0.07816999999999999
2 0.96826 0.171265 0.022459999999999924 0.07586999999999999
2 0.5014649999999999 0.18046 0.020509999999999973 0.08965999999999999
2 0.44628999999999996 0.23448 0.015620000000000023 0.08276
2 0.398435 0.28161 0.015629999999999977 0.08046
2 0.359375 0.32184 0.007809999999999984 0.06436000000000003
2 0.501465 0.316095 0.018549999999999955 0.06667000000000001
2 0.174805 0.77471 0.01953000000000002 0.07356000000000007
2 0.124025 0.7678149999999999 0.019529999999999992 0.07357000000000002
7 0.174805 0.613795 0.02342999999999998 0.03218999999999994
7 0.42725 0.43793000000000004 0.02245999999999998 0.025280000000000025
7 0.47997999999999996 0.42988499999999996 0.020500000000000018 0.013790000000000024
7 0.32715 0.433335 0.023440000000000016 0.016089999999999993
7 0.0776365 0.43793000000000004 0.022460999999999995 0.025280000000000025
7 0.17578 0.43218500000000004 0.02343999999999999 0.013790000000000024
9 0.28124950000000004 0.368965 0.48242100000000004 0.04366999999999999
9 0.717285 0.035632 0.31347 0.043678
9 0.28027100000000005 0.53793 0.48241800000000007 0.036780000000000035
1 0.716305 0.40689445 0.32128999999999996 0.8091911
