1 0.4975575 0.507515 0.895505 0.97951
2 0.159665 0.177595 0.05370999999999998 0.10654999999999999
2 0.291505 0.179645 0.05370999999999998 0.10519
2 0.409665 0.179645 0.053710000000000035 0.10519
2 0.59668 0.184425 0.05468000000000006 0.10655
2 0.765135 0.23019 0.04980999999999991 0.09972000000000003
2 0.879885 0.23360999999999998 0.04883000000000004 0.09835999999999998
2 0.765625 0.429645 0.04882999999999993 0.12431000000000003
2 0.8813500000000001 0.428965 0.049799999999999955 0.12295
2 0.589845 0.38866 0.06445000000000001 0.13251999999999997
2 0.408205 0.39139 0.054690000000000016 0.12978
2 0.28808500000000004 0.39139 0.05468999999999996 0.12978
2 0.15429500000000002 0.39139 0.05468999999999999 0.12978
2 0.15332 0.63866 0.05273999999999998 0.12978
2 0.28759999999999997 0.64139 0.05175999999999997 0.12978
2 0.40576 0.64276 0.05176000000000003 0.12978
2 0.590335 0.637975 0.06542999999999999 0.13661
2 0.7661100000000001 0.66325 0.05175999999999992 0.12978
2 0.882815 0.6612 0.052729999999999944 0.12841999999999998
3 0.154295 0.88798 0.07617 0.19672
3 0.28564500000000004 0.896855 0.06739 0.17623
3 0.40771500000000005 0.893445 0.06739 0.18579
3 0.879885 0.893445 0.052730000000000055 0.16666999999999998
3 0.7651349999999999 0.896855 0.05567 0.16803
3 0.59082 0.896855 0.07421999999999995 0.18989
4 0.15332 0.30943 0.10352000000000001 0.06694
4 0.288085 0.31079 0.10350999999999996 0.06694
4 0.405275 0.30943 0.10350999999999999 0.06694
4 0.7661100000000001 0.35451 0.09082000000000001 0.06147999999999998
4 0.88232 0.355875 0.09082000000000001 0.061470000000000025
4 0.151365 0.552595 0.07617 0.03688999999999998
4 0.28515500000000005 0.55396 0.07617000000000002 0.036880000000000024
4 0.40234499999999995 0.5566949999999999 0.07617000000000002 0.03688999999999998
4 0.766605 0.58128 0.06445000000000001 0.031420000000000003
4 0.8818349999999999 0.57992 0.06445000000000001 0.031420000000000003
5 0.152345 0.463115 0.06641 0.02459
5 0.28662 0.463115 0.06738 0.02459
5 0.40576 0.467895 0.06738 0.023229999999999973
5 0.765625 0.497265 0.060550000000000104 0.016390000000000016
5 0.8818349999999999 0.49658 0.06054999999999999 0.017759999999999998
8 0.086427 0.46926 0.067386 0.15164
8 0.220705 0.469945 0.06641000000000002 0.15027000000000001
8 0.34619500000000003 0.47063 0.05370999999999998 0.15164
8 0.464845 0.474045 0.04686999999999997 0.15027000000000001
8 0.588865 0.499315 0.07030999999999998 0.07787
8 0.72363 0.5041 0.02733999999999992 0.13934000000000002
8 0.82471 0.50478 0.057619999999999894 0.14344
8 0.9262699999999999 0.50683 0.024419999999999997 0.14207999999999998
8 0.15967 0.0922125 0.06738 0.061475
8 0.29053 0.094944 0.06738 0.061471999999999985
8 0.40967 0.09562899999999999 0.06738 0.062842
8 0.5957049999999999 0.09836 0.06640999999999997 0.06284000000000001
8 0.762695 0.14891 0.06641000000000008 0.06284
8 0.879885 0.15164 0.06640999999999997 0.06284000000000001
9 0.3837905 0.074453 0.660159 0.096994
9 0.381347 0.246585 0.6455059999999999 0.04781000000000002
9 0.497559 0.72131 0.891602 0.04918
10 0.541995 0.6352450000000001 0.013670000000000071 0.14481
10 0.632815 0.6352450000000001 0.013670000000000071 0.14481
8 0.54297 0.32172 0.015620000000000078 0.036880000000000024
8 0.63379 0.32582 0.015619999999999967 0.036880000000000024
10 0.541995 0.735655 0.019530000000000047 0.056010000000000004
10 0.632325 0.735655 0.018549999999999955 0.056010000000000004
10 0.541505 0.549185 0.024410000000000043 0.02459
10 0.6337900000000001 0.5505450000000001 0.023440000000000016 0.02459
10 0.223635 0.101776 0.025390000000000024 0.015028
10 0.34912 0.10382749999999999 0.026359999999999995 0.013664999999999997
10 0.469725 0.10382749999999999 0.025390000000000024 0.013664999999999997
10 0.0937525 0.103144 0.025395 0.01503199999999999
10 0.0654295 0.103144 0.025390999999999997 0.01503199999999999
10 0.8208 0.16052 0.020499999999999963 0.012300000000000005
10 0.93262 0.161885 0.021479999999999944 0.012290000000000023
10 0.0927755 0.170765 0.015629000000000004 0.12021
10 0.0649415 0.170765 0.016601000000000005 0.12021
10 0.22314499999999998 0.1694 0.016609999999999986 0.12022
10 0.34961 0.17213 0.015620000000000023 0.12022000000000001
10 0.470215 0.171445 0.016610000000000014 0.11885
10 0.82129 0.22336 0.015619999999999967 0.11338000000000001
10 0.933105 0.22541 0.016610000000000014 0.11475999999999997
10 0.50781 0.168715 0.03906000000000004 0.12158999999999999
10 0.6787099999999999 0.17623 0.039059999999999984 0.12022
10 0.5083 0.1024575 0.045899999999999996 0.010925000000000004
10 0.67822 0.109975 0.04589999999999994 0.012289999999999995
10 0.50684 0.240435 0.05077999999999999 0.019130000000000008
10 0.67822 0.2459 0.049799999999999955 0.019120000000000026
10 0.506345 0.480875 0.03809000000000001 0.46175
10 0.6787099999999999 0.484975 0.039059999999999984 0.46175
11 0.279785 0.7459 0.13575000000000004 0.09289999999999998
11 0.823735 0.76503 0.1220699999999999 0.09289999999999998
11 0.083984 0.86407 0.03125 0.07240000000000002
11 0.217775 0.8709 0.03125 0.07240000000000002
11 0.346675 0.87022 0.03125 0.07103999999999999
11 0.462895 0.8736349999999999 0.03125 0.07240999999999997
11 0.504395 0.8722650000000001 0.03809000000000001 0.04235
11 0.5332049999999999 0.88183 0.01562999999999992 0.03415999999999997
11 0.532715 0.947405 0.006830000000000003 0.012290000000000023
11 0.5332 0.92281 0.011719999999999953 0.017759999999999998
11 0.546875 0.9091549999999999 0.01171000000000011 0.028689999999999993
11 0.5332049999999999 0.9077850000000001 0.009769999999999945 0.012290000000000023
11 0.6425799999999999 0.89959 0.029299999999999993 0.07240000000000002
11 0.677735 0.87705 0.037109999999999976 0.040980000000000016
11 0.723635 0.879095 0.025390000000000024 0.06967000000000001
11 0.8071299999999999 0.87978 0.028320000000000012 0.07103999999999999
11 0.836915 0.879095 0.027349999999999985 0.06967000000000001
11 0.9262699999999999 0.88046 0.032220000000000026 0.06694
7 0.0849635 0.88183 0.04883300000000001 0.20628000000000002
7 0.219725 0.89003 0.048829999999999985 0.20628000000000002
7 0.34521500000000005 0.88934 0.04394999999999999 0.19672
7 0.46436 0.88934 0.040039999999999965 0.19672
7 0.71875 0.89549 0.031260000000000066 0.1735
7 0.809575 0.8961749999999999 0.03125 0.17486999999999997
7 0.83887 0.893445 0.023439999999999905 0.16666999999999998
7 0.927245 0.892075 0.03027000000000002 0.17486999999999997
