2 0.154395 0.168455 0.07362999999999999 0.09863
2 0.328575 0.16797 0.07252999999999998 0.09766
2 0.155495 0.404785 0.07363000000000001 0.12793
2 0.328575 0.404785 0.07252999999999998 0.12793
2 0.502745 0.168945 0.07143000000000005 0.09570999999999999
2 0.671975 0.16797 0.07143 0.09766
2 0.50165 0.40381 0.07362000000000007 0.12597999999999998
2 0.671425 0.40332 0.07033 0.12696000000000002
2 0.841755 0.16748000000000002 0.07252999999999998 0.09668000000000002
2 0.842855 0.402835 0.07252999999999998 0.12793
2 0.156045 0.654785 0.09011 0.1708900000000001
2 0.33021999999999996 0.6543 0.0912 0.16992000000000007
2 0.15714499999999998 0.8720699999999999 0.06813 0.10155999999999998
2 0.331315 0.8706050000000001 0.06922999999999996 0.10059000000000007
2 0.673075 0.652835 0.08901000000000003 0.17285000000000006
2 0.841755 0.651365 0.09011000000000002 0.17186999999999997
2 0.673625 0.86914 0.06813000000000002 0.10155999999999998
2 0.846155 0.868165 0.07033 0.10350999999999999
4 0.67527 0.52734 0.13956000000000002 0.056640000000000024
4 0.8467 0.5268550000000001 0.1395599999999999 0.05567
4 0.504395 0.52783 0.14284999999999998 0.057620000000000005
2 0.502195 0.65332 0.09011000000000002 0.16992000000000007
2 0.502745 0.87012 0.06922999999999996 0.1015600000000001
4 0.1532945 0.529785 0.143951 0.05761000000000005
4 0.32911999999999997 0.5293 0.13955999999999996 0.056640000000000024
1 0.498352 0.50048985 0.9637359999999999 0.9951203
5 0.1549445 0.76709 0.127471 0.05565999999999993
5 0.32911999999999997 0.76465 0.12638 0.05663999999999991
5 0.506045 0.7651349999999999 0.12637000000000004 0.05567
5 0.673625 0.7651349999999999 0.12746999999999997 0.05567
5 0.842855 0.76465 0.12746999999999997 0.05663999999999991
9 0.499998 0.24804500000000002 0.951644 0.06641
9 0.5016475 0.805665 0.952745 0.035150000000000015
9 0.497804 0.0581047 0.9516519999999999 0.1044906
10 0.047802 0.15967 0.027472000000000003 0.11816
10 0.085714 0.15967 0.02637400000000001 0.11816
10 0.222525 0.16211 0.027469999999999994 0.11913999999999998
10 0.25989 0.16162 0.027479999999999977 0.11816
10 0.398355 0.1626 0.027469999999999994 0.11815999999999999
10 0.435165 0.16113 0.026370000000000005 0.11914000000000001
10 0.57033 0.160645 0.02638000000000007 0.11817000000000001
10 0.60934 0.16162 0.02747999999999995 0.11816
10 0.74066 0.15967 0.02638000000000007 0.11816
10 0.778025 0.16016 0.026370000000000005 0.11914000000000001
10 0.91044 0.15868949999999998 0.02747999999999995 0.11816099999999999
10 0.95 0.15967 0.02748000000000006 0.11816
10 0.0681295 0.07958950000000001 0.094501 0.040039000000000005
10 0.23956 0.08202999999999999 0.0945 0.03906
10 0.42088000000000003 0.08202999999999999 0.09449999999999997 0.03906
10 0.5956049999999999 0.08202999999999999 0.09450999999999998 0.03906
10 0.762635 0.0805685 0.09450999999999998 0.040043
10 0.932965 0.0810565 0.09450999999999998 0.039067
