1 0.62341 0.4248125 0.74682 0.8295750000000001
2 0.37898 0.5363450000000001 0.07961999999999997 0.15539000000000003
2 0.03582785 0.61153 0.0652863 0.14535999999999993
2 0.96417 0.33584 0.062100000000000044 0.13032000000000005
2 0.290605 0.54386 0.04298999999999997 0.13032
2 0.53901 0.53133 0.11305999999999994 0.17041999999999996
2 0.55096 0.214285 0.05414000000000008 0.14786999999999997
2 0.210985 0.33709500000000003 0.03025 0.03758999999999996
5 0.54538 0.63283 0.14172 0.03258000000000005
7 0.539015 0.21303 0.02707000000000004 0.14536000000000002
7 0.5652900000000001 0.21303 0.025480000000000058 0.14536000000000002
11 0.15923500000000002 0.631575 0.14331 0.14034999999999997
2 0.82643 0.49499000000000004 0.06688000000000005 0.08772000000000008
2 0.604295 0.5300750000000001 0.014329999999999954 0.16291
