1 0.5027972 0.50146485 0.9944056 0.9970703
2 0.103498 0.252925 0.078324 0.15039000000000002
2 0.26294 0.254885 0.07831999999999997 0.15039
2 0.42517499999999997 0.257815 0.07832999999999996 0.15038999999999997
2 0.595805 0.259275 0.07833000000000001 0.15136999999999998
2 0.74895 0.263675 0.0769200000000001 0.15039
2 0.9132899999999999 0.257815 0.07832000000000006 0.15038999999999997
2 0.1027965 0.53906 0.071327 0.16992000000000002
2 0.266435 0.54199 0.07132999999999998 0.16992000000000002
2 0.426575 0.54004 0.07552999999999999 0.16602
2 0.593005 0.54297 0.0755300000000001 0.16602
2 0.74825 0.5459 0.07552000000000003 0.16601999999999995
2 0.91049 0.54297 0.07552000000000003 0.16602
2 0.5888100000000001 0.8491249999999999 0.07551999999999992 0.19043
2 0.745455 0.8505849999999999 0.07552999999999999 0.18945
2 0.26154 0.8442350000000001 0.07552 0.19043
2 0.0979 0.847165 0.07552 0.19043
3 0.888115 0.8671850000000001 0.09231 0.25390999999999997
4 0.1048935 0.162595 0.12307299999999999 0.04199
4 0.264335 0.162595 0.12306999999999998 0.04199
4 0.42796999999999996 0.16748000000000002 0.12308000000000002 0.04200000000000001
4 0.6028 0.16845500000000002 0.12308000000000008 0.04199
4 0.75664 0.17041 0.12307999999999997 0.04200000000000001
4 0.745455 0.442875 0.12307000000000001 0.04199000000000003
4 0.9188799999999999 0.442875 0.12307999999999997 0.04199000000000003
4 0.5972 0.44189500000000004 0.12307999999999997 0.04199000000000003
4 0.42657 0.44189500000000004 0.12307999999999997 0.04199000000000003
4 0.275525 0.43994500000000003 0.12307000000000001 0.04199000000000003
4 0.113289 0.44189500000000004 0.12308200000000001 0.04199000000000003
4 0.10629250000000001 0.743655 0.123075 0.04199000000000008
4 0.26154 0.7387699999999999 0.12307999999999997 0.041999999999999926
4 0.594405 0.740235 0.12307000000000001 0.04296999999999995
4 0.7538450000000001 0.740235 0.13427 0.04296999999999995
3 0.41957999999999995 0.861815 0.1063 0.24317
5 0.100701 0.34131 0.12587800000000002 0.03417999999999999
5 0.265035 0.34131 0.12447 0.03417999999999999
5 0.43566499999999997 0.342775 0.12447000000000003 0.035150000000000015
5 0.59161 0.342775 0.12588 0.035150000000000015
5 0.75804 0.34717 0.12588 0.03417999999999999
5 0.9007000000000001 0.34131 0.1258800000000001 0.03417999999999999
5 0.1076925 0.63232 0.12587500000000001 0.03417999999999999
5 0.26993 0.63721 0.12588 0.03417999999999999
5 0.43147 0.6352500000000001 0.12447999999999998 0.03417999999999999
5 0.5958049999999999 0.6386700000000001 0.12587000000000004 0.03515999999999997
5 0.746855 0.6352500000000001 0.12587000000000004 0.03417999999999999
5 0.904895 0.6386700000000001 0.12586999999999993 0.03515999999999997
8 0.33916 0.0942365 0.04336000000000001 0.116207
8 0.18741 0.089355 0.04196 0.11621000000000001
8 0.0356645 0.08496200000000001 0.043357 0.115236
8 0.49161 0.09521450000000001 0.04336000000000001 0.11621100000000001
8 0.546155 0.092285 0.04335 0.11621
8 0.6888099999999999 0.100096 0.043359999999999954 0.116208
8 0.897205 0.7192350000000001 0.20559000000000005 0.14550999999999992
9 0.5027984999999999 0.07275295 0.9804229999999999 0.13183409999999998
10 0.8321700000000001 0.90283 0.019580000000000042 0.18262
10 0.9804200000000001 0.90625 0.019580000000000042 0.18164000000000002
10 0.831465 0.802735 0.03217000000000003 0.017569999999999975
10 0.97972 0.8042 0.032159999999999966 0.020499999999999963
10 0.352445 0.79834 0.03356999999999999 0.020500000000000074
10 0.4986 0.79834 0.03495999999999999 0.020500000000000074
10 0.35105 0.89795 0.025180000000000036 0.18066000000000004
10 0.5021 0.898925 0.02517999999999998 0.18067
