1 0.4806245 0.57113 0.776451 0.85356
2 0.42921 0.3295 0.03874 0.11506
2 0.481375 0.330545 0.03875000000000001 0.11715000000000003
2 0.62817 0.33159000000000005 0.040240000000000054 0.11506
2 0.73994 0.31276000000000004 0.04023999999999994 0.11506
2 0.48956999999999995 0.5502100000000001 0.04024 0.11716000000000004
2 0.43666499999999997 0.5523 0.03875000000000001 0.11715999999999999
2 0.62817 0.55439 0.052159999999999984 0.12134000000000006
2 0.627425 0.78138 0.05662999999999996 0.12761999999999996
2 0.48658999999999997 0.78243 0.04619999999999996 0.12551999999999996
2 0.43443 0.78138 0.04620000000000002 0.12761999999999996
2 0.80253 0.78243 0.04023999999999994 0.12551999999999996
2 0.745155 0.777195 0.03577000000000008 0.12761
2 0.74292 0.54184 0.040240000000000054 0.12969999999999993
2 0.800295 0.549165 0.041730000000000045 0.12761
2 0.800295 0.32636 0.041730000000000045 0.13390000000000002
2 0.286885 0.77824 0.04022999999999999 0.12551999999999996
2 0.23547 0.78138 0.056640000000000024 0.12761999999999996
2 0.17809 0.78138 0.05514000000000002 0.12761999999999996
2 0.17362 0.553345 0.055139999999999995 0.12761
2 0.23174 0.553345 0.055139999999999995 0.12761
2 0.28316 0.5554399999999999 0.03874 0.12761999999999996
2 0.213115 0.309625 0.11624999999999999 0.11297000000000001
5 0.6274200000000001 0.622385 0.07452000000000003 0.023009999999999975
5 0.73845 0.6150599999999999 0.06408000000000003 0.02091999999999994
5 0.803275 0.622385 0.05663000000000007 0.027189999999999936
5 0.850225 0.644355 0.025330000000000075 0.029290000000000038
5 0.7362150000000001 0.37657 0.053650000000000087 0.016739999999999977
5 0.801785 0.390165 0.05961000000000005 0.03975000000000001
5 0.84948 0.421545 0.023840000000000083 0.03974999999999995
5 0.739195 0.84519 0.05663000000000007 0.02092000000000005
5 0.80328 0.851465 0.06259999999999999 0.029290000000000038
5 0.84948 0.8598300000000001 0.023840000000000083 0.02510000000000001
5 0.45827 0.62029 0.11774000000000007 0.027200000000000002
5 0.46125000000000005 0.85146 0.11476000000000003 0.02092000000000005
5 0.6266750000000001 0.85146 0.07601000000000002 0.02092000000000005
5 0.22206 0.848325 0.18778 0.014650000000000052
7 0.628915 0.78243 0.05066999999999999 0.12134
7 0.48658999999999997 0.78243 0.04321999999999998 0.12134
7 0.43443 0.780335 0.04321999999999998 0.12132999999999994
8 0.554395 0.66632 0.06259000000000003 0.056479999999999975
9 0.425485 0.61297 0.65723 0.033479999999999954
