1 0.5006766 0.50146485 0.9986468 0.9970703
2 0.273345 0.301755 0.07037000000000002 0.07227
2 0.11501900000000001 0.30078 0.070362 0.07225999999999999
2 0.48850000000000005 0.302245 0.07036000000000003 0.06739
2 0.19283 0.433105 0.06359999999999999 0.06933
2 0.48579 0.435545 0.06223999999999996 0.07030999999999998
2 0.883625 0.30469 0.07037000000000004 0.06836000000000003
2 0.88295 0.43652 0.060899999999999954 0.06836000000000003
2 0.191475 0.5776399999999999 0.06631000000000001 0.07910000000000006
2 0.48578999999999994 0.5791 0.06766 0.07812000000000008
2 0.69689 0.580565 0.05142000000000002 0.07715000000000005
2 0.696885 0.436035 0.04871000000000003 0.06542999999999999
2 0.695535 0.304195 0.04871000000000003 0.06542999999999999
2 0.69824 0.17724499999999999 0.04600000000000004 0.055670000000000025
2 0.8829499999999999 0.57959 0.06359999999999999 0.07910000000000006
2 0.112315 0.19678 0.05413 0.04003999999999999
2 0.27199 0.19922 0.054119999999999974 0.04102
2 0.48985 0.17529499999999998 0.07035999999999998 0.05371000000000001
2 0.88498 0.17822500000000002 0.07035999999999998 0.05371000000000001
2 0.5067649999999999 0.0463865 0.15832999999999997 0.036133
2 0.8342350000000001 0.0493165 0.12855000000000005 0.030272999999999994
2 0.67794 0.047852000000000006 0.14613999999999994 0.03125000000000001
2 0.19283 0.7387699999999999 0.07441999999999999 0.09082000000000001
2 0.48714500000000005 0.737305 0.07307000000000002 0.08984999999999999
2 0.88498 0.7397499999999999 0.07308000000000003 0.09082000000000001
2 0.697565 0.739255 0.05007000000000006 0.09375
2 0.88566 0.86914 0.055479999999999974 0.04688000000000003
2 0.7138 0.868655 0.04736000000000007 0.04785000000000006
2 0.88701 0.948245 0.055479999999999974 0.025390000000000024
2 0.713125 0.94922 0.046009999999999995 0.023440000000000016
6 0.1853855 0.1176735 0.33558899999999997 0.04589299999999999
7 0.113667 0.30078 0.062245999999999996 0.06640000000000001
7 0.488495 0.304685 0.06224999999999997 0.06641000000000002
7 0.192825 0.433595 0.06089 0.06640999999999997
7 0.191475 0.7417 0.06631000000000001 0.08106000000000002
7 0.48782000000000003 0.7387699999999999 0.06630000000000003 0.08106000000000002
7 0.88498 0.7417 0.06766000000000005 0.08106000000000002
7 0.697565 0.739745 0.04465000000000008 0.08887
7 0.695535 0.296875 0.040590000000000015 0.04883000000000004
7 0.8822749999999999 0.291505 0.06225000000000003 0.03027000000000002
9 0.5033825000000001 0.38086 0.968875 0.015620000000000023
9 0.49323615 0.51709 0.9675277 0.014640000000000097
9 0.5081185 0.664065 0.967523 0.015630000000000033
9 0.5060905 0.828125 0.968879 0.013670000000000071
9 0.4993225 0.2583 0.9688749999999999 0.014640000000000042
11 0.48646500000000004 0.92285 0.12855 0.14258000000000004
8 0.8112349999999999 0.8012699999999999 0.04195000000000004 0.05565999999999993
