2 0.735945 0.61451 0.01807000000000003 0.07255999999999996
2 0.7891600000000001 0.61451 0.020079999999999987 0.07255999999999996
2 0.84137 0.615645 0.020079999999999987 0.07028999999999996
2 0.89357 0.61678 0.020079999999999987 0.07255999999999996
2 0.943775 0.61678 0.020090000000000052 0.07255999999999996
2 0.46887500000000004 0.61451 0.018069999999999975 0.07255999999999996
2 0.41767 0.61791 0.01606000000000002 0.06575999999999993
2 0.364455 0.61565 0.018069999999999975 0.06576000000000004
2 0.358435 0.76417 0.01807000000000003 0.05896000000000001
2 0.472895 0.76871 0.01807000000000003 0.0589599999999999
2 0.762045 0.7653099999999999 0.01807000000000003 0.06575999999999993
2 0.705825 0.7675749999999999 0.01807000000000003 0.06123000000000001
2 0.818275 0.764175 0.01807000000000003 0.06348999999999994
2 0.060241 0.7517 0.028112000000000005 0.06576000000000004
2 0.11546000000000001 0.546485 0.010040000000000007 0.0770900000000001
2 0.1757 0.5442199999999999 0.010039999999999993 0.07710000000000006
2 0.24799 0.56689 0.010040000000000021 0.07255999999999996
2 0.31023999999999996 0.60431 0.00601999999999997 0.06576000000000004
3 0.585345 0.78118 0.04217000000000004 0.06576000000000004
3 0.64056 0.78118 0.040159999999999973 0.06576000000000004
8 0.58032 0.577095 0.12449999999999994 0.07482999999999995
9 0.5040165 0.70408 0.931727 0.06121999999999994
9 0.6496 0.5419499999999999 0.63654 0.04081999999999997
10 0.13554 0.376415 0.010039999999999993 0.06349000000000005
10 0.16365 0.376415 0.010039999999999993 0.06349000000000005
10 0.13956 0.068027 0.010039999999999993 0.06349199999999999
10 0.16968 0.0714295 0.010039999999999993 0.065761
10 0.13956 0.22449000000000002 0.010039999999999993 0.06350000000000003
10 0.164655 0.22562 0.012050000000000005 0.06576000000000001
10 0.26505999999999996 0.413835 0.012039999999999995 0.05215000000000003
10 0.299195 0.44218 0.012050000000000005 0.05441999999999997
10 0.299195 0.30499 0.012050000000000005 0.052159999999999984
10 0.267065 0.27664 0.012050000000000005 0.054419999999999996
10 0.303215 0.1678 0.012050000000000005 0.054419999999999996
10 0.27008 0.12925 0.010039999999999993 0.05441999999999998
1 0.502009 0.693875 0.9799220000000001 0.41723
