1 0.37367 0.45717835 0.36985999999999997 0.8992433000000001
1 0.7427699999999999 0.4559189 0.36530000000000007 0.9017622000000001
3 0.59589 0.81864 0.041100000000000025 0.16624000000000005
2 0.33257000000000003 0.238035 0.02587999999999996 0.08313000000000001
2 0.363015 0.239295 0.025870000000000004 0.08061000000000001
2 0.461185 0.238035 0.024349999999999983 0.08313000000000001
2 0.49239 0.238035 0.02587999999999996 0.08313000000000001
2 0.615675 0.241815 0.02586999999999995 0.07557000000000003
2 0.64688 0.243075 0.024359999999999937 0.07305
2 0.775495 0.243075 0.02586999999999995 0.07305
2 0.8059350000000001 0.244335 0.02586999999999995 0.07556999999999997
2 0.33029 0.41058 0.024359999999999993 0.09067999999999998
2 0.363015 0.40806 0.025870000000000004 0.09068000000000004
2 0.32953 0.580605 0.025880000000000014 0.08313000000000004
2 0.362255 0.580605 0.024349999999999983 0.08313000000000004
2 0.774735 0.41184 0.027389999999999914 0.08312000000000003
2 0.8066949999999999 0.41184 0.024349999999999983 0.08312000000000003
2 0.773215 0.579345 0.024349999999999983 0.08565
2 0.8066949999999999 0.578085 0.024349999999999983 0.08313000000000004
2 0.460425 0.39798500000000003 0.025870000000000004 0.07053000000000004
2 0.49391 0.401765 0.025880000000000014 0.06801000000000001
2 0.6468799999999999 0.571785 0.02739999999999998 0.07052999999999998
2 0.612635 0.571785 0.02586999999999995 0.07052999999999998
2 0.612635 0.399245 0.02586999999999995 0.06801000000000001
2 0.64612 0.399245 0.025880000000000014 0.06801000000000001
2 0.49239 0.574305 0.02587999999999996 0.07052999999999998
2 0.458905 0.576825 0.025870000000000004 0.07052999999999998
2 0.21537 0.57809 0.01369999999999999 0.09319999999999995
2 0.23743999999999998 0.57809 0.015219999999999984 0.09319999999999995
2 0.21613 0.40554 0.015219999999999984 0.09067999999999998
2 0.23896499999999998 0.40554 0.015229999999999994 0.09067999999999998
2 0.91096 0.40680000000000005 0.013700000000000045 0.0932
2 0.885845 0.41058 0.015230000000000077 0.09067999999999998
2 0.88737 0.57683 0.015220000000000011 0.09067999999999998
2 0.91096 0.57557 0.013700000000000045 0.09319999999999995
2 0.9102 0.23426000000000002 0.015220000000000011 0.09068000000000001
2 0.88737 0.23678 0.015220000000000011 0.09067999999999998
2 0.21766 0.23174 0.015220000000000011 0.09067999999999998
2 0.24201 0.22922 0.015220000000000011 0.09068000000000004
2 0.149165 0.27078 0.01827000000000001 0.08312
2 0.127855 0.27708 0.018269999999999995 0.0806
2 0.22831 0.7556700000000001 0.027400000000000008 0.09571999999999992
2 0.32496 0.75441 0.031960000000000044 0.09824
2 0.36606 0.7556700000000001 0.03195999999999999 0.09571999999999992
2 0.45586 0.763225 0.03195999999999999 0.09571000000000007
2 0.49771999999999994 0.760705 0.030439999999999967 0.09570999999999996
2 0.66743 0.74811 0.03195999999999999 0.09571999999999992
2 0.769405 0.75315 0.031970000000000054 0.09572000000000003
2 0.813545 0.75189 0.03196999999999994 0.09824
2 0.8881300000000001 0.75315 0.025880000000000014 0.09572000000000003
2 0.127095 0.7581899999999999 0.010650000000000007 0.09067999999999998
2 0.14612 0.75693 0.012180000000000024 0.09319999999999995
2 0.15297 0.43073 0.016740000000000005 0.0806
2 0.12938 0.43703000000000003 0.015219999999999997 0.08312000000000003
2 0.149165 0.59446 0.01827000000000001 0.08563999999999994
2 0.12709 0.59572 0.01673999999999999 0.08311999999999997
2 0.0761035 0.460955 0.030441000000000003 0.08061000000000001
2 0.0768645 0.60957 0.028919 0.0805999999999999
2 0.0745815 0.76448 0.03044100000000001 0.09320000000000006
2 0.967275 0.5969800000000001 0.010650000000000048 0.09067999999999998
2 0.9824999999999999 0.60076 0.013699999999999934 0.09320000000000006
2 0.98402 0.44206500000000004 0.013700000000000045 0.08312999999999998
2 0.967275 0.43954499999999996 0.01368999999999998 0.08312999999999998
5 0.346275 0.45969499999999996 0.08067000000000002 0.01762999999999998
5 0.346275 0.630985 0.08067000000000002 0.017630000000000035
5 0.13774999999999998 0.644835 0.059359999999999996 0.015110000000000068
5 0.13775 0.482365 0.056319999999999995 0.027710000000000012
5 0.073059 0.5 0.039574 0.017640000000000045
5 0.071537 0.654915 0.039574000000000005 0.015109999999999957
5 0.7907150000000001 0.460955 0.08371000000000006 0.02015
5 0.792235 0.627205 0.08370999999999995 0.02015
5 0.9756499999999999 0.486145 0.04261999999999999 0.02015
5 0.9756499999999999 0.6473549999999999 0.04261999999999999 0.02015
6 0.472605 0.47480999999999995 0.12329000000000001 0.08815999999999996
6 0.474125 0.64987 0.12328999999999996 0.09067999999999998
6 0.6468799999999999 0.47229 0.13698 0.08816000000000002
6 0.64612 0.64358 0.13546000000000002 0.08816000000000002
7 0.24048999999999998 0.401765 0.012179999999999996 0.07808999999999999
7 0.216135 0.376575 0.012170000000000014 0.027710000000000012
7 0.14992 0.59446 0.01369999999999999 0.0806
7 0.12709 0.59698 0.013700000000000004 0.0806
7 0.146115 0.75693 0.00913 0.08816000000000002
7 0.32496 0.735515 0.02892 0.05540999999999996
7 0.36606000000000005 0.72922 0.02892 0.04281999999999997
7 0.4551 0.760705 0.02739999999999998 0.08565
7 0.49695999999999996 0.76071 0.02892 0.0906800000000001
7 0.49239 0.575565 0.02283999999999997 0.0680099999999999
7 0.459665 0.57053 0.024349999999999983 0.05289999999999995
7 0.33105 0.376575 0.02283999999999997 0.022669999999999968
7 0.363015 0.37531499999999995 0.02282999999999996 0.02518999999999999
7 0.460425 0.38161 0.02282999999999996 0.03273999999999999
7 0.49239 0.401765 0.02283999999999997 0.06801000000000001
7 0.46270999999999995 0.22922 0.024359999999999993 0.060460000000000014
7 0.493915 0.23173500000000002 0.02282999999999996 0.06045000000000003
7 0.773215 0.384135 0.02130999999999994 0.022669999999999968
7 0.6453549999999999 0.399245 0.024349999999999983 0.06801000000000001
7 0.612635 0.400505 0.022830000000000017 0.06549000000000005
7 0.6666700000000001 0.7405550000000001 0.02739999999999998 0.08060999999999996
7 0.768645 0.75315 0.027390000000000025 0.09067999999999998
7 0.812785 0.75315 0.027390000000000025 0.09067999999999998
7 0.8866050000000001 0.717885 0.022830000000000017 0.025190000000000046
2 0.98478 0.28337500000000004 0.015220000000000011 0.07305
7 0.9855400000000001 0.28463499999999997 0.010660000000000003 0.06548999999999999
9 0.400305 0.32242000000000004 0.29529000000000005 0.05541999999999997
9 0.7237450000000001 0.31989999999999996 0.31811 0.04533999999999999
