1 0.4762495 0.5122095 0.8099810000000001 0.938481
2 0.2019 0.162595 0.056999999999999995 0.08301
2 0.200115 0.33887 0.060569999999999985 0.09570000000000001
2 0.201305 0.68994 0.060569999999999985 0.09864000000000006
2 0.20071 0.875 0.05937999999999999 0.09766000000000008
2 0.579575 0.874025 0.09500999999999993 0.0976499999999999
2 0.7446550000000001 0.874515 0.05463000000000007 0.09863
2 0.36639 0.16455 0.05820000000000003 0.083
2 0.5807599999999999 0.16406500000000002 0.05700000000000005 0.08203
2 0.750595 0.16455 0.057010000000000005 0.083
2 0.366385 0.33789 0.06057000000000001 0.09570000000000001
2 0.581355 0.33789 0.06057000000000001 0.09570000000000001
2 0.748815 0.33740000000000003 0.06057000000000001 0.09668000000000004
2 0.20012000000000002 0.515625 0.05582000000000001 0.09570999999999996
2 0.36519999999999997 0.51709 0.058199999999999974 0.09667999999999999
2 0.5807599999999999 0.51709 0.05700000000000005 0.09667999999999999
2 0.745845 0.515625 0.057010000000000005 0.09570999999999996
2 0.367575 0.68994 0.06057000000000001 0.09864000000000006
2 0.5807599999999999 0.68994 0.0593800000000001 0.09864000000000006
2 0.747625 0.690915 0.06057000000000001 0.0986300000000001
4 0.20487 0.618655 0.10570000000000002 0.020509999999999917
4 0.37114 0.617185 0.11281999999999998 0.019530000000000047
4 0.58551 0.61719 0.11875999999999998 0.01757999999999993
4 0.75475 0.6162099999999999 0.11995999999999996 0.01758000000000004
4 0.20249 0.28271500000000005 0.07482 0.014649999999999996
4 0.36698 0.28320500000000004 0.07126000000000005 0.015629999999999977
4 0.5825400000000001 0.282225 0.07482 0.015630000000000033
4 0.74881 0.282225 0.07482 0.015630000000000033
4 0.20012000000000002 0.455075 0.06770000000000001 0.025390000000000024
4 0.366985 0.456055 0.06650999999999996 0.025390000000000024
4 0.5813550000000001 0.45508000000000004 0.06768999999999992 0.027339999999999975
4 0.746435 0.453125 0.06294999999999995 0.025390000000000024
5 0.201305 0.40088 0.08907000000000001 0.032220000000000026
5 0.36698 0.40186 0.09025999999999995 0.03417999999999999
5 0.5813550000000001 0.40088 0.09144999999999992 0.028320000000000012
5 0.74703 0.40088 0.08787999999999996 0.032220000000000026
5 0.20012000000000002 0.57959 0.09381999999999999 0.032220000000000026
5 0.36639 0.579105 0.09382000000000001 0.03125
5 0.5807599999999999 0.5791 0.09737999999999991 0.029299999999999993
5 0.74762 0.578615 0.09619999999999995 0.03027000000000002
5 0.200715 0.754885 0.09500999999999998 0.03125
5 0.365795 0.753905 0.09500999999999998 0.03321000000000007
5 0.5813550000000001 0.754395 0.09382999999999997 0.03222999999999998
5 0.7482150000000001 0.75488 0.09500999999999993 0.03320000000000001
8 0.28325500000000003 0.601075 0.04394999999999999 0.012689999999999979
8 0.12469999999999999 0.601075 0.03087999999999999 0.014650000000000052
8 0.473875 0.6005849999999999 0.09500999999999993 0.009769999999999945
8 0.824825 0.60059 0.03207000000000004 0.011720000000000064
8 0.6633 0.601075 0.048699999999999966 0.010750000000000037
9 0.4738735 0.26123 0.8028529999999999 0.12598
9 0.47506 0.652345 0.72684 0.029289999999999927
9 0.47565199999999996 0.780275 0.804036 0.025389999999999913
9 0.47802849999999997 0.08691600000000001 0.801663 0.078128
10 0.09085599999999999 0.450195 0.032068 0.32813000000000003
10 0.86223 0.44823999999999997 0.030879999999999908 0.32811999999999997
10 0.091451 0.26171500000000003 0.033257999999999996 0.048829999999999985
10 0.862825 0.260255 0.03206999999999993 0.047849999999999976
10 0.033848 0.487305 0.046318 0.21093
10 0.034441599999999996 0.36719 0.049880799999999996 0.027339999999999975
3 0.36461 0.9018550000000001 0.07838 0.14940999999999993
