1 0.47865405 0.513072 0.9441719000000001 0.943356
2 0.13054 0.15686 0.03448 0.10021999999999999
2 0.51724 0.15904000000000001 0.06568000000000002 0.039220000000000005
2 0.116587 0.557735 0.06568600000000001 0.13506999999999997
2 0.30623999999999996 0.5817 0.06731999999999999 0.18735999999999997
2 0.309525 0.359475 0.06733 0.14378999999999997
2 0.8579650000000001 0.33660500000000004 0.06733 0.11110999999999999
2 0.71675 0.362745 0.06732000000000005 0.15904999999999997
2 0.7151099999999999 0.55338 0.06403999999999999 0.13071999999999995
2 0.8481099999999999 0.567535 0.09687999999999997 0.11546999999999996
2 0.62233 0.856205 0.03284000000000009 0.07843
2 0.715105 0.82462 0.06075000000000008 0.13725999999999994
2 0.391625 0.14379 0.03119000000000005 0.04358000000000001
2 0.288995 0.142705 0.03941 0.019610000000000016
2 0.406405 0.295205 0.024629999999999985 0.04139000000000004
2 0.4023 0.49782 0.03283999999999998 0.04139999999999999
2 0.4023 0.584965 0.03283999999999998 0.07625000000000004
2 0.62315 0.49782000000000004 0.034480000000000066 0.03704000000000002
2 0.62397 0.58279 0.03283999999999998 0.07626
2 0.6231549999999999 0.294115 0.02790999999999999 0.04357
2 0.689655 0.1427 0.029549999999999965 0.037040000000000003
2 0.763545 0.15141500000000002 0.026270000000000016 0.04139000000000001
2 0.842365 0.15686 0.029549999999999965 0.10021999999999999
2 0.9794750000000001 0.17537999999999998 0.03449000000000002 0.028319999999999984
2 0.514775 0.49455 0.07061 0.47929999999999995
2 0.6231500000000001 0.778865 0.031200000000000006 0.04139000000000004
3 0.48194 0.896515 0.06731999999999994 0.16774999999999995
3 0.551725 0.896515 0.045970000000000066 0.16774999999999995
4 0.129723 0.0893265 0.072254 0.026147000000000004
4 0.844005 0.08823349999999999 0.0755300000000001 0.037032999999999996
5 0.1141215 0.62854 0.09359700000000001 0.02395999999999998
5 0.40148 0.6274500000000001 0.060760000000000036 0.02178000000000002
5 0.623975 0.6296299999999999 0.05911000000000011 0.02178000000000002
5 0.717565 0.627455 0.08867000000000003 0.017430000000000057
5 0.85961 0.62854 0.14613999999999994 0.019600000000000062
5 0.622335 0.90305 0.055830000000000046 0.019600000000000062
5 0.71511 0.9008750000000001 0.08045999999999998 0.019610000000000016
5 0.51478 0.183005 0.08045999999999998 0.021789999999999976
6 0.295565 0.652505 0.16421 0.10238999999999998
6 0.29885 0.410675 0.15435999999999997 0.07189000000000001
6 0.71921 0.408495 0.14450000000000007 0.08933000000000002
7 0.0623975 0.556645 0.036125000000000004 0.14160999999999996
7 0.16749 0.556645 0.036119999999999985 0.14160999999999996
7 0.25041 0.5751649999999999 0.03448000000000001 0.18301
7 0.358785 0.576255 0.031189999999999996 0.18518999999999997
7 0.261905 0.35403 0.024630000000000013 0.14161999999999997
7 0.357965 0.352945 0.02626999999999996 0.14378999999999997
7 0.669125 0.35839 0.02463000000000004 0.15904000000000001
7 0.764365 0.35839 0.02463000000000004 0.15467999999999998
7 0.8046 0.335515 0.03283999999999998 0.11329
7 0.91133 0.335515 0.03612000000000004 0.11329
7 0.6642049999999999 0.555555 0.03776999999999997 0.13943
7 0.7709349999999999 0.55229 0.03776999999999997 0.13726000000000005
9 0.481117 0.45969499999999996 0.9228259999999999 0.06534999999999996
9 0.48193600000000003 0.25599 0.927748 0.05881999999999998
4 0.30952 0.24401 0.16255999999999998 0.02178000000000002
4 0.71429 0.24183 0.16091999999999995 0.021779999999999994
4 0.859605 0.24292 0.12314999999999998 0.019600000000000006
4 0.85714 0.8061 0.18062 0.05227999999999999
8 0.513135 0.794115 0.17241 0.04139000000000004
5 0.5123150000000001 0.7527200000000001 0.10509000000000002 0.0631799999999999
11 0.0788195 0.762525 0.045981 0.05228999999999995
11 0.15681 0.762525 0.047619999999999996 0.05228999999999995
11 0.26847 0.760345 0.047619999999999996 0.05229000000000006
11 0.341545 0.762525 0.04597000000000001 0.05228999999999995
11 0.1190455 0.891065 0.155989 0.17864999999999998
11 0.29885 0.889975 0.15435999999999997 0.17647000000000002
11 0.8555 0.8877999999999999 0.15105999999999997 0.18518
11 0.8908050000000001 0.75817 0.04761000000000004 0.04793999999999998
11 0.8202 0.75926 0.047619999999999996 0.04575999999999991
