1 0.56185 0.6074200000000001 0.77994 0.7832
4 0.27474 0.304685 0.10938 0.048829999999999985
4 0.421875 0.30371000000000004 0.10936999999999997 0.05077999999999999
4 0.566405 0.30469 0.10937000000000008 0.05077999999999999
4 0.71224 0.30371000000000004 0.10938000000000003 0.05077999999999999
4 0.858075 0.30664 0.10936999999999997 0.05077999999999999
4 0.08137749999999999 0.46240000000000003 0.118485 0.034180000000000044
5 0.27474 0.467285 0.08854000000000001 0.07518999999999998
5 0.41927000000000003 0.467285 0.08854000000000001 0.07518999999999998
5 0.85417 0.46631 0.08854000000000006 0.07323999999999997
5 0.70833 0.4668 0.08854000000000006 0.07421999999999995
5 0.5625 0.467285 0.08854000000000006 0.07518999999999998
5 0.5625 0.6186499999999999 0.08333999999999997 0.022460000000000035
5 0.7050799999999999 0.61768 0.08463999999999994 0.022459999999999924
5 0.84961 0.61963 0.08464000000000005 0.022459999999999924
5 0.41927000000000003 0.62012 0.08334000000000003 0.023439999999999905
5 0.27474 0.62061 0.08334000000000003 0.022459999999999924
8 0.7838499999999999 0.345215 0.04948000000000008 0.05957000000000001
9 0.565105 0.280765 0.77083 0.12793
9 0.563805 0.6533199999999999 0.76823 0.039059999999999984
9 0.5625 0.79932 0.7682199999999999 0.040039999999999965
10 0.203125 0.489745 0.041669999999999985 0.19433000000000006
10 0.347655 0.48877000000000004 0.041669999999999985 0.19238000000000005
10 0.490885 0.49023000000000005 0.04166999999999993 0.19336000000000003
10 0.63672 0.48926000000000003 0.04165999999999992 0.19336000000000003
10 0.78125 0.481935 0.0442800000000001 0.18846999999999997
10 0.20442500000000002 0.6098600000000001 0.044270000000000004 0.04589999999999994
10 0.347655 0.6088899999999999 0.04427000000000003 0.04589999999999994
10 0.490885 0.6098600000000001 0.04427000000000003 0.04589999999999994
10 0.634115 0.6088899999999999 0.04427000000000003 0.04589999999999994
10 0.78125 0.60742 0.052079999999999904 0.0625
10 0.20573 0.36328 0.06509999999999999 0.056640000000000024
10 0.347655 0.36377 0.06511 0.057620000000000005
10 0.49219 0.36523 0.06509999999999999 0.056640000000000024
10 0.640625 0.36523 0.06511 0.056640000000000024
10 0.78125 0.35889 0.06509999999999994 0.057620000000000005
2 0.27474 0.381345 0.07812000000000002 0.10448999999999997
2 0.416015 0.38134999999999997 0.07943 0.10254000000000002
2 0.56315 0.38134999999999997 0.07941999999999994 0.10254000000000002
2 0.7076849999999999 0.38037 0.07943 0.10254000000000002
2 0.85091 0.38134999999999997 0.07941999999999994 0.10254000000000002
2 0.847005 0.5542 0.07943 0.10253999999999996
2 0.7050749999999999 0.55811 0.07943 0.10254000000000008
2 0.56315 0.55518 0.07941999999999994 0.10254000000000008
2 0.41862 0.5561499999999999 0.07941999999999999 0.10253999999999996
2 0.27409 0.55811 0.07942000000000002 0.10254000000000008
2 0.276695 0.73584 0.07943000000000003 0.10253999999999996
2 0.416015 0.7348600000000001 0.07943 0.10253999999999996
2 0.56185 0.73291 0.07941999999999994 0.10253999999999996
2 0.7011750000000001 0.73291 0.07943 0.10253999999999996
2 0.702475 0.886715 0.06118999999999997 0.09375
2 0.5599 0.887695 0.0625 0.09375
2 0.41667 0.886715 0.0625 0.09375
2 0.27214 0.886715 0.0625 0.09375
2 0.082031 0.36914 0.049478 0.06053999999999998
2 0.08333399999999999 0.51123 0.04427199999999999 0.06737999999999994
