1 0.50097655 0.50050255 0.9980469 0.9949749
2 0.07373299999999999 0.243715 0.065434 0.14572999999999997
2 0.23095500000000002 0.235675 0.06933000000000003 0.14975
2 0.39941 0.231155 0.06835999999999998 0.14875000000000002
2 0.56592 0.227635 0.07323999999999997 0.15377000000000002
2 0.72998 0.226635 0.07323999999999997 0.15377000000000002
2 0.891605 0.231155 0.07030999999999998 0.15277
2 0.0727545 0.517085 0.06543099999999999 0.16381
2 0.234865 0.51407 0.07128999999999996 0.16381999999999997
2 0.4043 0.51206 0.07422000000000001 0.16582000000000002
2 0.5668949999999999 0.51206 0.07324999999999993 0.16582000000000002
2 0.7338899999999999 0.51156 0.07324000000000008 0.16080000000000005
2 0.8959950000000001 0.51005 0.06933 0.15578000000000003
3 0.560545 0.87286 0.10350999999999999 0.23216000000000003
9 0.503906 0.0743726 0.980468 0.1346748
9 0.5004864 0.608545 0.9912072000000001 0.049250000000000016
11 0.21631 0.692965 0.12597999999999998 0.06131000000000009
11 0.5625 0.690955 0.13282 0.061309999999999976
11 0.90234 0.68442 0.13671999999999995 0.06432000000000004
11 0.25244 0.851255 0.10253999999999999 0.21104999999999996
11 0.40625 0.8512550000000001 0.10351999999999995 0.21506999999999998
11 0.72705 0.845225 0.09667999999999999 0.2130700000000001
11 0.8862300000000001 0.840705 0.09667999999999999 0.20603000000000005
3 0.0317384 0.869345 0.0537112 0.23517
11 0.1167 0.78442 0.028319999999999998 0.09949999999999992
