2 0.410645 0.323775 0.02246999999999999 0.09443000000000001
1 0.34424 0.523608 0.41894000000000003 0.905564
1 0.77783 0.539628 0.43262 0.900504
2 0.065918 0.29932499999999995 0.016601999999999992 0.08937
2 0.0898435 0.29932499999999995 0.015625 0.08937
2 0.065918 0.47470500000000004 0.016601999999999992 0.08937
2 0.088379 0.47302 0.016602000000000006 0.08938000000000001
2 0.07714850000000001 0.651775 0.039063 0.09275
2 0.18115 0.16189 0.028320000000000012 0.07082
2 0.50195 0.16189 0.029299999999999937 0.07082
2 0.27197000000000005 0.16273500000000002 0.02245999999999998 0.07250999999999999
2 0.30957 0.16272999999999999 0.023440000000000016 0.06914000000000001
2 0.373535 0.161045 0.02246999999999999 0.07251
2 0.410645 0.161045 0.02246999999999999 0.07251
2 0.181155 0.323775 0.026370000000000005 0.09443000000000001
2 0.18066500000000002 0.5 0.027350000000000013 0.09611999999999998
2 0.18115 0.67791 0.028320000000000012 0.09444000000000008
2 0.501465 0.321245 0.02637000000000006 0.09275
2 0.5009750000000001 0.50169 0.02735000000000004 0.09611999999999998
2 0.5 0.6770700000000001 0.029300000000000048 0.0961200000000001
2 0.27002000000000004 0.323775 0.020500000000000018 0.09443000000000001
2 0.27002000000000004 0.500845 0.02245999999999998 0.09443000000000001
2 0.271485 0.679595 0.021489999999999954 0.0910700000000001
2 0.30859499999999995 0.32462 0.023430000000000006 0.09612000000000004
2 0.37255499999999997 0.32462 0.020509999999999973 0.09612000000000004
2 0.41064500000000004 0.32462 0.020509999999999973 0.09612000000000004
2 0.30811 0.503375 0.022460000000000035 0.09274999999999994
2 0.37256 0.5025299999999999 0.022460000000000035 0.09443999999999997
2 0.410645 0.500845 0.02246999999999999 0.09443000000000001
2 0.30811 0.679595 0.022460000000000035 0.0910700000000001
2 0.373535 0.678755 0.02246999999999999 0.09275
2 0.40918 0.679595 0.02148 0.0910700000000001
2 0.18164000000000002 0.8541350000000001 0.027340000000000003 0.09275
2 0.39258000000000004 0.854975 0.027339999999999975 0.09106999999999998
2 0.5014649999999999 0.854975 0.024409999999999987 0.09106999999999998
2 0.61084 0.349915 0.022460000000000035 0.08937
2 0.6450199999999999 0.349915 0.022460000000000035 0.08937
2 0.61279 0.52867 0.022460000000000035 0.08937999999999996
2 0.64404 0.52867 0.022460000000000035 0.08937999999999996
2 0.6137699999999999 0.70236 0.022460000000000035 0.08938000000000001
2 0.6450199999999999 0.70405 0.022460000000000035 0.08938000000000001
2 0.61572 0.8878600000000001 0.022460000000000035 0.09950000000000003
2 0.64795 0.8887 0.022460000000000035 0.10117999999999994
2 0.71924 0.8878600000000001 0.022459999999999924 0.09950000000000003
2 0.83154 0.88617 0.022460000000000035 0.09949999999999992
2 0.9033199999999999 0.8878600000000001 0.023440000000000016 0.09950000000000003
2 0.93701 0.8887 0.022459999999999924 0.10117999999999994
2 0.67822 0.18212499999999998 0.028320000000000012 0.06409000000000001
2 0.75 0.17875 0.03516000000000008 0.07419999999999999
2 0.79785 0.17875 0.03515999999999997 0.07419999999999999
2 0.868165 0.18044 0.029290000000000038 0.06408
2 0.71777 0.349915 0.039059999999999984 0.09275
2 0.7182649999999999 0.526985 0.04199000000000008 0.09275
2 0.8286100000000001 0.52698 0.040039999999999965 0.08938000000000001
2 0.8291 0.34823 0.041019999999999945 0.08938000000000001
2 0.7192350000000001 0.703205 0.04199000000000008 0.09106999999999998
2 0.83057 0.70489 0.040039999999999965 0.09443999999999997
2 0.90381 0.703205 0.024419999999999997 0.09106999999999998
2 0.935545 0.70489 0.02149000000000001 0.09106000000000003
2 0.93457 0.5244500000000001 0.021479999999999944 0.09106000000000003
2 0.9018550000000001 0.522765 0.024409999999999932 0.09107000000000004
2 0.90137 0.348225 0.023439999999999905 0.09275
2 0.93311 0.34907 0.022459999999999924 0.09106000000000003
3 0.77539 0.91484 0.041020000000000056 0.15345999999999993
3 0.0776375 0.86931 0.05566499999999999 0.17032000000000003
4 0.18164 0.26307 0.04296 0.030359999999999998
4 0.29003500000000004 0.259695 0.07617000000000002 0.04384999999999997
4 0.393555 0.25801 0.07617000000000002 0.04384000000000002
4 0.501955 0.26307 0.04297000000000001 0.030359999999999998
4 0.183105 0.43001500000000004 0.05567 0.04385
4 0.50488 0.42917 0.056640000000000024 0.042159999999999975
4 0.183595 0.599495 0.05273 0.05564999999999998
4 0.29248 0.596125 0.08692000000000003 0.06577
4 0.50488 0.599495 0.056640000000000024 0.05564999999999998
4 0.39453 0.596965 0.08984000000000003 0.06745000000000001
4 0.293455 0.413995 0.09276999999999996 0.07250999999999996
4 0.395505 0.413995 0.09375 0.07250999999999996
5 0.18262 0.202365 0.05077999999999999 0.013490000000000002
5 0.29247999999999996 0.203205 0.08300000000000002 0.011809999999999987
5 0.50342 0.200675 0.04980000000000001 0.010110000000000008
5 0.393555 0.203205 0.08399000000000001 0.011809999999999987
5 0.18164000000000002 0.38870000000000005 0.04882 0.03877999999999998
5 0.18164 0.557335 0.05077999999999999 0.025290000000000035
5 0.2915 0.37437 0.08496000000000001 0.010119999999999962
5 0.50293 0.387015 0.04882000000000003 0.03878999999999999
5 0.39453 0.373525 0.08594000000000002 0.011809999999999987
5 0.50391 0.5581750000000001 0.05077999999999999 0.02361000000000002
5 0.29247999999999996 0.554805 0.08495999999999998 0.01686999999999994
5 0.39404 0.554805 0.08496000000000004 0.01686999999999994
5 0.18213000000000001 0.73777 0.05176 0.03203999999999996
5 0.29198999999999997 0.7411449999999999 0.08593999999999999 0.03541000000000005
5 0.393555 0.7411449999999999 0.08593 0.03541000000000005
5 0.504395 0.73946 0.05370999999999998 0.028659999999999908
5 0.6293949999999999 0.408095 0.07128999999999996 0.030349999999999988
5 0.71973 0.39882 0.056640000000000024 0.008440000000000003
5 0.8310550000000001 0.39798 0.05664999999999998 0.010120000000000018
5 0.63037 0.60455 0.06933999999999996 0.06913999999999998
5 0.720215 0.575885 0.05567 0.011809999999999987
5 0.8291 0.57673 0.05663999999999991 0.016859999999999986
5 0.9213849999999999 0.60287 0.06933 0.06913999999999998
5 0.919435 0.40725500000000003 0.07129000000000008 0.02867000000000003
8 0.57715 0.29764 0.02734000000000003 0.03542000000000001
9 0.34375 0.77403 0.41406000000000004 0.023600000000000065
9 0.77832 0.76644 0.42774 0.03878000000000004
10 0.025390999999999997 0.43929 0.013672 0.5312
3 0.28515999999999997 0.884485 0.05663999999999997 0.16357
