1 0.47765765 0.5216864999999999 0.9468047 0.9469869999999999
2 0.103193 0.32530000000000003 0.05319399999999999 0.10120000000000001
2 0.22233999999999998 0.32048 0.0532 0.10120000000000001
2 0.33830000000000005 0.31806999999999996 0.05531999999999998 0.10120000000000001
2 0.481915 0.31806999999999996 0.053190000000000015 0.10120000000000001
2 0.628725 0.313255 0.05318999999999996 0.10121000000000002
2 0.739365 0.313255 0.05318999999999996 0.10121000000000002
2 0.85319 0.306025 0.055320000000000036 0.10121000000000002
2 0.10531650000000001 0.506025 0.053187 0.10120999999999997
2 0.22766 0.498795 0.05531999999999998 0.10121000000000002
2 0.330855 0.501205 0.053190000000000015 0.10121000000000002
2 0.48617 0.501205 0.05319999999999997 0.10121000000000002
2 0.628725 0.49397499999999994 0.05318999999999996 0.10120999999999997
2 0.74149 0.49397499999999994 0.053200000000000025 0.10120999999999997
2 0.854255 0.49156500000000003 0.05319000000000007 0.10121000000000002
2 0.852125 0.6747 0.05745 0.10602
2 0.737235 0.675905 0.05745 0.10360999999999998
2 0.626595 0.675905 0.05745 0.10360999999999998
2 0.48617 0.678315 0.057439999999999936 0.09878999999999993
2 0.339365 0.67952 0.057449999999999946 0.10119999999999996
2 0.22766 0.678315 0.05531999999999998 0.10360999999999998
2 0.105318 0.678315 0.057443999999999995 0.10843000000000003
2 0.105318 0.8554200000000001 0.057443999999999995 0.11083999999999994
2 0.22766 0.86024 0.05531999999999998 0.11084000000000005
2 0.343615 0.861445 0.05745 0.11325000000000007
2 0.48511 0.861445 0.055319999999999925 0.11325000000000007
2 0.62766 0.863855 0.055320000000000036 0.11324999999999996
2 0.74043 0.86265 0.055320000000000036 0.11084000000000005
2 0.856385 0.8650599999999999 0.05745 0.11083999999999994
2 0.59255 0.136143 0.04468000000000005 0.089154
2 0.64787 0.1337335 0.04467999999999994 0.09397299999999999
4 0.10425699999999999 0.6072299999999999 0.08936599999999999 0.019280000000000075
4 0.223405 0.6072299999999999 0.08937 0.019280000000000075
4 0.3383 0.60241 0.08936 0.019279999999999964
4 0.47872 0.6072299999999999 0.08936 0.019280000000000075
4 0.623405 0.60482 0.08936999999999995 0.019279999999999964
4 0.731915 0.60482 0.08936999999999995 0.019279999999999964
4 0.8510599999999999 0.6 0.08936 0.019279999999999964
4 0.84894 0.78313 0.08936 0.019279999999999964
4 0.7383 0.78313 0.08936 0.019279999999999964
4 0.6276600000000001 0.78554 0.08936 0.019279999999999964
4 0.47872 0.78554 0.08936 0.019279999999999964
4 0.33404 0.786745 0.08936 0.021689999999999987
4 0.22127999999999998 0.78313 0.08935999999999997 0.019279999999999964
4 0.1021285 0.78313 0.089363 0.019279999999999964
5 0.10212600000000001 0.38072 0.080848 0.019279999999999964
5 0.21702500000000002 0.37831000000000004 0.08085 0.01928000000000002
5 0.340425 0.373495 0.08085000000000003 0.01927000000000001
5 0.480855 0.371085 0.08084999999999998 0.01927000000000001
5 0.62766 0.368675 0.08085999999999993 0.019269999999999954
5 0.7425550000000001 0.366265 0.08084999999999998 0.01927000000000001
5 0.8531949999999999 0.366265 0.08084999999999998 0.01927000000000001
5 0.104255 0.5602400000000001 0.08085 0.021680000000000033
5 0.22340500000000002 0.559035 0.08085 0.01927000000000001
5 0.331915 0.55663 0.08084999999999998 0.019280000000000075
5 0.47766 0.55181 0.08298 0.019279999999999964
5 0.62766 0.5494 0.08085999999999993 0.019279999999999964
5 0.7351099999999999 0.5494 0.08297999999999994 0.019279999999999964
5 0.848935 0.5494 0.08085000000000009 0.019279999999999964
5 0.85 0.733735 0.08298000000000005 0.021689999999999987
5 0.7425550000000001 0.7349399999999999 0.08084999999999998 0.019280000000000075
5 0.62766 0.73253 0.08085999999999993 0.019279999999999964
5 0.480855 0.73735 0.08084999999999998 0.019280000000000075
5 0.34680500000000003 0.73735 0.08085000000000003 0.019280000000000075
5 0.22766 0.73735 0.08085999999999999 0.019280000000000075
5 0.10638349999999999 0.73735 0.080853 0.019280000000000075
9 0.477658 0.226505 0.9297839999999999 0.08192999999999998
9 0.478723 0.916865 0.9319139999999999 0.026509999999999923
11 0.48404499999999995 0.407225 0.27021 0.05301
11 0.32021 0.9457800000000001 0.13829999999999998 0.05060000000000009
11 0.29574500000000004 0.975905 0.22979 0.024089999999999945
11 0.12340499999999999 0.96265 0.10212999999999998 0.05059999999999998
