1 0.50223215 0.49951328 0.9955357 0.99707344
2 0.17485 0.25 0.09672 0.08398000000000003
2 0.179315 0.381835 0.09672999999999998 0.08399000000000001
2 0.49851 0.251955 0.09821999999999997 0.08398999999999998
2 0.502235 0.38281 0.09672999999999998 0.08398
2 0.8184549999999999 0.38183500000000004 0.10119 0.08593
2 0.81994 0.25244 0.09523999999999999 0.08496000000000001
2 0.49702 0.51367 0.09523999999999999 0.09766000000000002
2 0.81399 0.51465 0.09523999999999999 0.09765999999999997
2 0.17708000000000002 0.512205 0.09524000000000002 0.09863
2 0.179315 0.6523399999999999 0.10266999999999998 0.10741999999999996
2 0.498515 0.65332 0.10416999999999998 0.10742000000000007
2 0.815475 0.6543 0.10416999999999998 0.10742000000000007
2 0.811755 0.80957 0.10565000000000002 0.11718000000000006
2 0.499255 0.805175 0.10565000000000002 0.11621000000000004
2 0.179315 0.809085 0.10565000000000002 0.11621000000000004
6 0.171131 0.15576500000000001 0.20535799999999998 0.07715000000000001
6 0.82143 0.158695 0.20536 0.07715
6 0.81994 0.421385 0.20536 0.07715
6 0.17262 0.413575 0.20536 0.07715
6 0.500745 0.15674 0.25149 0.07324
6 0.49628 0.418945 0.25148000000000004 0.07227
6 0.49628 0.549805 0.25148000000000004 0.07227000000000006
6 0.497025 0.7001949999999999 0.33333 0.07030999999999998
6 0.17262 0.560055 0.20536 0.07714999999999994
6 0.174106 0.70166 0.211308 0.06934000000000007
6 0.8214250000000001 0.555175 0.19643 0.07128999999999996
6 0.8177099999999999 0.7026349999999999 0.21577999999999997 0.06933
6 0.494794 0.8637699999999999 0.8764919999999999 0.06934000000000007
6 0.499998 0.28711 0.869044 0.07422000000000001
7 0.11384 0.24951 0.022320000000000007 0.08496000000000004
7 0.23884 0.251465 0.02529999999999999 0.08496999999999999
7 0.563245 0.251465 0.025290000000000035 0.08496999999999999
7 0.43899 0.251465 0.026780000000000026 0.08496999999999999
7 0.883185 0.26172 0.02232999999999996 0.06640000000000001
7 0.79613 0.2666 0.04464000000000001 0.05274000000000001
7 0.7596700000000001 0.13037300000000002 0.022320000000000007 0.065434
7 0.433035 0.12793 0.023809999999999998 0.06836
7 0.563245 0.1298815 0.025290000000000035 0.06835700000000001
2 0.82143 0.12060399999999999 0.09523999999999999 0.081052
2 0.501485 0.12158250000000001 0.10119 0.081055
2 0.17783 0.1191425 0.09969999999999998 0.082035
7 0.15625 0.382815 0.041659999999999975 0.07812999999999998
7 0.20387 0.38427999999999995 0.04166 0.0791
7 0.5253 0.38427500000000003 0.047619999999999996 0.07715
7 0.478425 0.38427500000000003 0.046130000000000004 0.07715
7 0.75744 0.38037 0.02083999999999997 0.08495999999999998
7 0.846725 0.382815 0.020830000000000015 0.08202999999999999
7 0.11830500000000001 0.5112300000000001 0.019350000000000006 0.10058
7 0.23512 0.513185 0.020839999999999997 0.10058999999999996
7 0.475445 0.5151399999999999 0.046130000000000004 0.09082000000000001
7 0.521575 0.5151399999999999 0.046130000000000004 0.09082000000000001
7 0.877975 0.513185 0.020830000000000015 0.09863
7 0.11384 0.652345 0.022320000000000007 0.10350999999999999
7 0.24033 0.652345 0.02231999999999998 0.10350999999999999
7 0.430055 0.650875 0.023809999999999998 0.10448999999999997
7 0.56622 0.650875 0.022320000000000007 0.10448999999999997
7 0.8802099999999999 0.6557649999999999 0.022320000000000007 0.10449000000000008
7 0.7552099999999999 0.653805 0.022320000000000007 0.10448999999999997
7 0.884675 0.80957 0.028270000000000017 0.12109999999999999
7 0.741815 0.807615 0.028270000000000017 0.12109000000000003
7 0.580355 0.8042 0.03869 0.11816000000000004
7 0.42411 0.8037099999999999 0.03273999999999999 0.11717999999999995
7 0.11384 0.80957 0.02529999999999999 0.11524000000000001
7 0.20387 0.13379 0.04464000000000001 0.05077999999999999
7 0.155505 0.13379 0.046130000000000004 0.05077999999999999
9 0.504464 0.03222655 0.958332 0.0468749
9 0.5022335 0.180665 0.983633 0.02149000000000001
9 0.5022335 0.311525 0.983633 0.02149000000000001
9 0.5022335 0.44043 0.983633 0.02148
9 0.5037225 0.5761700000000001 0.9836349999999999 0.021480000000000055
9 0.4970262 0.717775 0.9821476 0.021489999999999898
9 0.4977662 0.878905 0.9836276 0.02149000000000001
11 0.499255 0.95068 0.17708999999999997 0.09082000000000001
11 0.184525 0.947755 0.08929000000000001 0.09472999999999998
11 0.814735 0.944335 0.12351000000000001 0.10350999999999999
