1 0.537595 0.5014969 0.80371 0.9880462
2 0.217285 0.22870000000000001 0.07325000000000004 0.18833999999999998
2 0.34424 0.22870000000000001 0.07323999999999997 0.18833999999999998
2 0.47119 0.22571 0.07323999999999997 0.18834
2 0.62549 0.221975 0.07519999999999993 0.18983
2 0.81494 0.21973 0.07519999999999993 0.18834
2 0.220215 0.600895 0.07128999999999996 0.16442999999999997
2 0.34472499999999995 0.6009 0.07227 0.1704
2 0.47168 0.60239 0.07225999999999999 0.1704
2 0.6245149999999999 0.5993999999999999 0.07128999999999996 0.1704
2 0.813475 0.5949199999999999 0.07226999999999995 0.1704
8 0.529295 0.4716 0.72265 0.05231999999999998
8 0.28027 0.595665 0.044920000000000015 0.19581000000000004
8 0.40771500000000005 0.59417 0.04394999999999999 0.19582000000000005
8 0.5473650000000001 0.59417 0.06933 0.19582000000000005
8 0.717775 0.59417 0.09961000000000009 0.18983999999999995
8 0.882325 0.593425 0.05174999999999996 0.19133
8 0.90967 0.66891 0.04590000000000005 0.45292
8 0.1626 0.675635 0.045899999999999996 0.45441
8 0.260745 0.78774 0.16796999999999998 0.19432000000000005
8 0.436035 0.7892399999999999 0.17481000000000002 0.19431999999999994
8 0.6123050000000001 0.79223 0.17579 0.19432000000000005
8 0.79346 0.7892399999999999 0.1826199999999999 0.19431999999999994
9 0.54004 0.0538115 0.78906 0.08071700000000001
