1 0.49532765 0.5029297 0.9826447 0.9941406
2 0.0981325 0.18603999999999998 0.07877500000000001 0.09668000000000002
2 0.257675 0.187985 0.07476999999999998 0.09473000000000001
2 0.099465 0.39209 0.07343 0.10253999999999996
2 0.258345 0.39307000000000003 0.07343 0.10254000000000002
2 0.1008025 0.603025 0.073435 0.10448999999999997
2 0.258345 0.604005 0.07610999999999998 0.10448999999999997
2 0.416555 0.39307000000000003 0.07208999999999999 0.10254000000000002
2 0.572765 0.393555 0.07208999999999999 0.10157
2 0.41589 0.60303 0.0761 0.10253999999999996
2 0.57477 0.603025 0.07610000000000006 0.10448999999999997
2 0.7309749999999999 0.39404 0.07343 0.10253999999999996
2 0.889185 0.39453 0.0694300000000001 0.10155999999999998
2 0.7309749999999999 0.604005 0.07343 0.10448999999999997
2 0.88785 0.60449 0.07476000000000005 0.10351999999999995
2 0.73031 0.8183549999999999 0.07210000000000005 0.10547000000000006
2 0.88785 0.8193349999999999 0.07210000000000005 0.10547000000000006
2 0.41455 0.8183549999999999 0.07075999999999999 0.10547000000000006
2 0.5741 0.818845 0.07209999999999994 0.10645000000000004
2 0.25634 0.818845 0.07209999999999997 0.10645000000000004
3 0.100132 0.878415 0.104136 0.22559000000000007
2 0.416555 0.188475 0.07477 0.09571000000000002
2 0.57477 0.188965 0.07610000000000006 0.09473000000000001
2 0.7316400000000001 0.19043 0.07744000000000006 0.09569999999999998
2 0.89052 0.19043 0.07475999999999994 0.09569999999999998
4 0.090118 0.121095 0.156204 0.03514999999999999
4 0.246995 0.118655 0.15221 0.03026999999999999
4 0.40988 0.12109500000000001 0.1522 0.031250000000000014
4 0.5674250000000001 0.11962999999999999 0.14953000000000005 0.028319999999999998
4 0.72897 0.12109500000000001 0.14686 0.029289999999999997
4 0.89052 0.12012 0.14954 0.02733999999999999
4 0.0881155 0.5341750000000001 0.154869 0.03711000000000009
4 0.40920999999999996 0.53418 0.15887999999999997 0.03516000000000008
4 0.24566 0.53418 0.15753999999999999 0.03516000000000008
4 0.566755 0.53369 0.15353 0.0341800000000001
4 0.7289699999999999 0.53467 0.1522 0.03417999999999999
4 0.8865149999999999 0.53467 0.14953000000000005 0.03417999999999999
4 0.24031999999999998 0.309085 0.15753999999999999 0.07128999999999996
4 0.40254 0.311525 0.15888000000000002 0.07616999999999996
4 0.56275 0.311035 0.15353999999999995 0.07518999999999998
4 0.0814401 0.30566 0.15753979999999998 0.06835999999999998
4 0.72296 0.31055 0.15354 0.07422000000000001
4 0.8851800000000001 0.311525 0.1522 0.07616999999999996
2 0.099468 0.0800785 0.060083999999999985 0.015625
2 0.41589 0.0810545 0.06007999999999997 0.015625
2 0.5761000000000001 0.0820315 0.06008000000000002 0.015625
5 0.0881185 0.250975 0.13084300000000001 0.037110000000000004
5 0.249 0.253415 0.13218 0.036129999999999995
5 0.40654 0.252445 0.13218000000000002 0.03612999999999997
5 0.57009 0.254395 0.13084000000000007 0.03612999999999997
5 0.72697 0.254395 0.13217999999999996 0.03612999999999997
5 0.88852 0.25293 0.13217999999999996 0.037099999999999994
5 0.88585 0.46533 0.12416000000000005 0.043940000000000035
5 0.731645 0.46533 0.12283 0.043940000000000035
5 0.568755 0.46484000000000003 0.12283 0.044920000000000015
5 0.411215 0.46582 0.12283 0.044920000000000015
5 0.253675 0.46387 0.12283 0.04491999999999996
5 0.0967965 0.46191499999999996 0.124167 0.04492999999999997
5 0.094791 0.6762699999999999 0.136178 0.041999999999999926
5 0.251 0.673825 0.13618 0.04296999999999995
5 0.413215 0.674805 0.13485000000000003 0.04296999999999995
5 0.5727599999999999 0.674805 0.13618000000000008 0.04296999999999995
5 0.8885149999999999 0.674805 0.13485000000000003 0.04296999999999995
5 0.728305 0.674805 0.13485000000000003 0.04296999999999995
5 0.40988 0.889645 0.12015999999999999 0.04296999999999995
5 0.5687599999999999 0.88916 0.12015999999999993 0.041999999999999926
5 0.728305 0.891115 0.12148999999999999 0.04198999999999997
5 0.25167 0.893065 0.12149999999999997 0.04198999999999997
5 0.88852 0.890135 0.12149999999999994 0.04198999999999997
4 0.413885 0.746095 0.13351000000000002 0.029289999999999927
4 0.25167 0.74756 0.13218 0.0283199999999999
4 0.5707599999999999 0.7470699999999999 0.13218000000000008 0.029299999999999993
4 0.88585 0.74658 0.13217999999999996 0.028320000000000012
4 0.72697 0.74756 0.13217999999999996 0.0283199999999999
9 0.49199035 0.05761955 0.9679593 0.09766090000000001
9 0.49599289999999996 0.246585 0.9732942 0.02051
9 0.4973305 0.47314500000000004 0.9732989999999999 0.057609999999999995
9 0.49332289999999995 0.697265 0.9679542 0.08399000000000001
9 0.49599550000000003 0.9165000000000001 0.970629 0.022460000000000035
10 0.0487315 0.605465 0.017357000000000004 0.08789000000000002
10 0.14753 0.604495 0.017359999999999987 0.08789000000000002
10 0.20761000000000002 0.604495 0.017360000000000014 0.08789000000000002
10 0.30708 0.6049800000000001 0.01601999999999998 0.08692
10 0.365155 0.6049800000000001 0.017349999999999977 0.08692
10 0.62216 0.605465 0.016020000000000034 0.08789000000000002
10 0.67957 0.605955 0.016019999999999923 0.08691000000000004
10 0.77971 0.607425 0.016019999999999923 0.08789000000000002
10 0.837785 0.606445 0.017349999999999977 0.08789000000000002
10 0.46462000000000003 0.605465 0.01601999999999998 0.08789000000000002
10 0.52403 0.605465 0.017360000000000042 0.08789000000000002
10 0.9372499999999999 0.607425 0.016020000000000034 0.08789000000000002
10 0.93725 0.65381 0.021360000000000046 0.0048799999999999955
10 0.83712 0.65283 0.021360000000000046 0.0048799999999999955
10 0.77904 0.65283 0.022700000000000053 0.0048799999999999955
10 0.67957 0.65283 0.021360000000000046 0.0048799999999999955
10 0.6234999999999999 0.6518550000000001 0.021359999999999935 0.00488999999999995
10 0.5246999999999999 0.6518550000000001 0.021359999999999935 0.00488999999999995
10 0.46529 0.65283 0.022699999999999998 0.0048799999999999955
10 0.365155 0.6518550000000001 0.022689999999999988 0.00488999999999995
10 0.30708 0.6518550000000001 0.02135999999999999 0.00488999999999995
10 0.20828 0.65137 0.02135999999999999 0.005859999999999976
10 0.14753 0.6518550000000001 0.022699999999999998 0.006830000000000003
10 0.048063999999999996 0.65234 0.024032000000000005 0.005859999999999976
10 0.148195 0.5556650000000001 0.024029999999999996 0.009769999999999945
10 0.206945 0.555175 0.024029999999999996 0.010750000000000037
10 0.30574 0.55615 0.024040000000000006 0.010739999999999972
10 0.364485 0.55615 0.024029999999999996 0.010739999999999972
10 0.048063999999999996 0.55615 0.024032000000000005 0.010739999999999972
10 0.463955 0.55664 0.025370000000000004 0.009759999999999991
10 0.523365 0.55615 0.024029999999999996 0.010739999999999972
10 0.622165 0.55664 0.024029999999999996 0.009759999999999991
10 0.679575 0.55615 0.024029999999999996 0.010739999999999972
10 0.779705 0.557615 0.024029999999999996 0.009769999999999945
10 0.938585 0.558595 0.024029999999999996 0.009769999999999945
10 0.835785 0.55713 0.024029999999999996 0.010739999999999972
