1 0.5188425 0.547365 0.959795 0.7314499999999999
2 0.176505 0.61475 0.07161000000000001 0.13573999999999997
2 0.35929500000000003 0.61426 0.07287000000000005 0.13671999999999995
2 0.54146 0.61475 0.07286000000000004 0.13573999999999997
2 0.73681 0.6674800000000001 0.049000000000000044 0.07520000000000004
2 0.8486199999999999 0.6674800000000001 0.049000000000000044 0.07520000000000004
2 0.168345 0.4668 0.03015000000000001 0.011720000000000008
2 0.353645 0.4668 0.031409999999999993 0.011720000000000008
2 0.538945 0.4668 0.03015000000000001 0.011720000000000008
2 0.738065 0.51465 0.02888999999999997 0.009760000000000102
2 0.8511299999999999 0.51465 0.028900000000000037 0.009760000000000102
2 0.73681 0.55811 0.028900000000000037 0.022459999999999924
2 0.8486199999999999 0.55811 0.028900000000000037 0.022459999999999924
2 0.53832 0.1010765 0.013819999999999943 0.01660700000000001
2 0.5559000000000001 0.1010765 0.013820000000000054 0.01660700000000001
2 0.57412 0.1010765 0.012560000000000016 0.01660700000000001
2 0.592965 0.1005865 0.01256999999999997 0.015627000000000002
2 0.6105499999999999 0.1005865 0.012560000000000016 0.015627000000000002
2 0.62877 0.1010765 0.013820000000000054 0.01660700000000001
2 0.646985 0.1005865 0.01256999999999997 0.015627000000000002
2 0.53832 0.120115 0.013819999999999943 0.01562999999999999
2 0.55653 0.120115 0.012560000000000016 0.01562999999999999
2 0.57475 0.120115 0.013819999999999943 0.01562999999999999
2 0.592965 0.120115 0.01256999999999997 0.01562999999999999
2 0.6111800000000001 0.11962999999999999 0.013820000000000054 0.01659999999999999
2 0.62877 0.120115 0.013820000000000054 0.01562999999999999
2 0.64761 0.120115 0.013819999999999943 0.01562999999999999
2 0.53832 0.13916 0.013819999999999943 0.016600000000000004
2 0.55653 0.13916 0.012560000000000016 0.016600000000000004
2 0.57475 0.13916 0.013819999999999943 0.016600000000000004
2 0.59234 0.13916 0.013819999999999943 0.016600000000000004
2 0.6105499999999999 0.13916 0.012560000000000016 0.016600000000000004
2 0.62877 0.13916 0.013820000000000054 0.016600000000000004
2 0.64761 0.13916 0.013819999999999943 0.016600000000000004
2 0.53832 0.15820499999999998 0.013819999999999943 0.015630000000000005
2 0.55653 0.15820499999999998 0.012560000000000016 0.015630000000000005
2 0.57412 0.15820499999999998 0.012560000000000016 0.015630000000000005
2 0.592965 0.157715 0.01256999999999997 0.016610000000000014
2 0.6111800000000001 0.157715 0.013820000000000054 0.016610000000000014
2 0.62877 0.15820499999999998 0.013820000000000054 0.015630000000000005
2 0.64761 0.15820499999999998 0.013819999999999943 0.015630000000000005
2 0.53832 0.17725 0.013819999999999943 0.016600000000000004
2 0.55653 0.17725 0.012560000000000016 0.016600000000000004
2 0.57475 0.17676 0.013819999999999943 0.015620000000000023
2 0.59234 0.17676 0.013819999999999943 0.015620000000000023
2 0.6105499999999999 0.17725 0.012560000000000016 0.016600000000000004
2 0.62877 0.17725 0.013820000000000054 0.016600000000000004
2 0.64761 0.17725 0.013819999999999943 0.016600000000000004
2 0.53832 0.19678 0.013819999999999943 0.016600000000000004
2 0.55653 0.19629000000000002 0.012560000000000016 0.015619999999999995
2 0.57475 0.19629000000000002 0.013819999999999943 0.015619999999999995
2 0.59234 0.19678 0.013819999999999943 0.016600000000000004
2 0.6105499999999999 0.19678 0.012560000000000016 0.016600000000000004
2 0.62877 0.19678 0.013820000000000054 0.016600000000000004
2 0.64761 0.19678 0.013819999999999943 0.016600000000000004
2 0.64761 0.21582 0.013819999999999943 0.015619999999999995
2 0.59234 0.21582 0.013819999999999943 0.015619999999999995
2 0.57475 0.21582 0.013819999999999943 0.015619999999999995
2 0.55653 0.21582 0.012560000000000016 0.015619999999999995
2 0.53832 0.21582 0.013819999999999943 0.015619999999999995
2 0.53832 0.0600585 0.013819999999999943 0.016601000000000005
2 0.53832 0.0810545 0.013819999999999943 0.015625
2 0.5559000000000001 0.0595705 0.013820000000000054 0.015625
2 0.5559000000000001 0.0810545 0.013820000000000054 0.015625
2 0.57349 0.0810545 0.013820000000000054 0.015625
2 0.592965 0.0810545 0.01256999999999997 0.015625
2 0.6105499999999999 0.081543 0.012560000000000016 0.016601999999999992
2 0.62877 0.081543 0.013820000000000054 0.016601999999999992
2 0.646985 0.081543 0.01256999999999997 0.016601999999999992
2 0.64636 0.05859350000000001 0.013820000000000054 0.015625000000000007
2 0.6294 0.05859350000000001 0.012560000000000016 0.015625000000000007
2 0.6111800000000001 0.058105500000000004 0.013820000000000054 0.016601000000000005
2 0.59234 0.058105500000000004 0.013819999999999943 0.016601000000000005
2 0.57412 0.05859350000000001 0.012560000000000016 0.015625000000000007
2 0.646985 0.034668000000000004 0.01256999999999997 0.016602
2 0.62877 0.0351565 0.013820000000000054 0.015625
2 0.6105499999999999 0.034668000000000004 0.012560000000000016 0.016602
2 0.59234 0.034668000000000004 0.013819999999999943 0.016602
2 0.57475 0.034668000000000004 0.013819999999999943 0.016602
2 0.5559000000000001 0.034668000000000004 0.013820000000000054 0.016602
2 0.53769 0.034668000000000004 0.012559999999999905 0.016602
2 0.457915 0.034668000000000004 0.013809999999999989 0.016602
2 0.44033 0.034668000000000004 0.013819999999999999 0.016602
2 0.42147999999999997 0.034668000000000004 0.013819999999999999 0.016602
2 0.40264 0.0351565 0.013819999999999999 0.015625
2 0.38505 0.034668000000000004 0.013819999999999999 0.016602
2 0.36621000000000004 0.034668000000000004 0.013819999999999999 0.016602
2 0.45854 0.05859350000000001 0.012560000000000016 0.015625000000000007
2 0.34862000000000004 0.0341795 0.013819999999999999 0.015625
2 0.44033 0.05859350000000001 0.013819999999999999 0.015625000000000007
2 0.42147999999999997 0.05859350000000001 0.013819999999999999 0.015625000000000007
2 0.40388999999999997 0.05859350000000001 0.013819999999999999 0.015625000000000007
2 0.38505 0.059081999999999996 0.013819999999999999 0.016602
2 0.36746 0.059081999999999996 0.013819999999999999 0.016602
2 0.34862000000000004 0.059081999999999996 0.013819999999999999 0.016602
2 0.457915 0.08105499999999999 0.013809999999999989 0.017577999999999996
2 0.44033 0.0810545 0.013819999999999999 0.015625
2 0.42211 0.0810545 0.012560000000000016 0.015625
2 0.40452 0.0810545 0.012560000000000016 0.015625
2 0.38505 0.0805665 0.013819999999999999 0.016601000000000005
2 0.36746 0.0810545 0.013819999999999999 0.015625
2 0.349245 0.0805665 0.012570000000000026 0.016601000000000005
2 0.457915 0.1010765 0.013809999999999989 0.01660700000000001
2 0.4397 0.1005865 0.01255999999999996 0.015627000000000002
2 0.42211 0.1010765 0.012560000000000016 0.01660700000000001
2 0.403265 0.1005865 0.012570000000000026 0.015627000000000002
2 0.38505 0.1010765 0.013819999999999999 0.01660700000000001
2 0.36746 0.1005865 0.013819999999999999 0.015627000000000002
2 0.34987 0.1010765 0.013819999999999999 0.01660700000000001
2 0.34862000000000004 0.120115 0.013819999999999999 0.01562999999999999
2 0.36746 0.11962999999999999 0.013819999999999999 0.01659999999999999
2 0.38568 0.120115 0.01255999999999996 0.01562999999999999
2 0.40388999999999997 0.120115 0.013819999999999999 0.01562999999999999
2 0.42211 0.120115 0.012560000000000016 0.01562999999999999
2 0.44033 0.120115 0.013819999999999999 0.01562999999999999
2 0.45854 0.120115 0.012560000000000016 0.01562999999999999
2 0.349245 0.13965 0.012570000000000026 0.015619999999999995
2 0.36746 0.13965 0.013819999999999999 0.015619999999999995
2 0.38631000000000004 0.13965 0.013819999999999999 0.015619999999999995
2 0.40388999999999997 0.13965 0.013819999999999999 0.015619999999999995
2 0.42211 0.13965 0.012560000000000016 0.015619999999999995
2 0.44033 0.13916 0.013819999999999999 0.016600000000000004
2 0.45854 0.13965 0.012560000000000016 0.015619999999999995
2 0.34987 0.15820499999999998 0.013819999999999999 0.015630000000000005
2 0.36809000000000003 0.15869 0.01255999999999996 0.016600000000000004
2 0.38568 0.15820499999999998 0.01255999999999996 0.015630000000000005
2 0.40388999999999997 0.15820499999999998 0.013819999999999999 0.015630000000000005
2 0.42211 0.15869 0.012560000000000016 0.016600000000000004
2 0.44033 0.15869 0.013819999999999999 0.016600000000000004
2 0.45854 0.15820499999999998 0.012560000000000016 0.015630000000000005
2 0.34987 0.17773499999999998 0.013819999999999999 0.015630000000000005
2 0.36746 0.17773499999999998 0.013819999999999999 0.015630000000000005
2 0.38568 0.17773499999999998 0.01255999999999996 0.015630000000000005
2 0.40388999999999997 0.17773499999999998 0.013819999999999999 0.015630000000000005
2 0.42274 0.17725 0.013819999999999999 0.016600000000000004
2 0.44033 0.17725 0.013819999999999999 0.016600000000000004
2 0.457915 0.17773499999999998 0.013809999999999989 0.015630000000000005
2 0.34987 0.19678 0.013819999999999999 0.016600000000000004
2 0.36809000000000003 0.19629000000000002 0.01255999999999996 0.015619999999999995
2 0.38631000000000004 0.19678 0.013819999999999999 0.016600000000000004
2 0.40388999999999997 0.19678 0.013819999999999999 0.016600000000000004
2 0.42211 0.19678 0.012560000000000016 0.016600000000000004
2 0.44033 0.19726500000000002 0.013819999999999999 0.015630000000000005
2 0.45854 0.19678 0.012560000000000016 0.016600000000000004
2 0.34987 0.21582 0.013819999999999999 0.015619999999999995
2 0.36746 0.21582 0.013819999999999999 0.015619999999999995
2 0.38568 0.21582 0.01255999999999996 0.015619999999999995
2 0.40452 0.21582 0.012560000000000016 0.015619999999999995
2 0.42211 0.21582 0.012560000000000016 0.015619999999999995
2 0.44033 0.21582 0.013819999999999999 0.015619999999999995
2 0.45854 0.21582 0.012560000000000016 0.015619999999999995
2 0.5 0.067383 0.02262000000000003 0.023438000000000007
2 0.500625 0.138185 0.023870000000000002 0.047850000000000004
2 0.5 0.19970500000000002 0.02262000000000003 0.07519
3 0.1696 0.825685 0.07538 0.13379000000000008
3 0.35176 0.825685 0.07538 0.13379000000000008
3 0.53832 0.822755 0.07411999999999996 0.13379000000000008
2 0.7386950000000001 0.7700199999999999 0.025129999999999986 0.022460000000000035
2 0.85239 0.76953 0.02638000000000007 0.023440000000000016
2 0.7386950000000001 0.8291 0.025129999999999986 0.03320000000000001
2 0.85239 0.8291 0.02638000000000007 0.03320000000000001
2 0.927135 0.33301000000000003 0.03769 0.027339999999999975
2 0.771355 0.33203 0.03769 0.02734000000000003
4 0.737435 0.591795 0.09297 0.04100999999999999
4 0.849245 0.589355 0.09297 0.04198999999999997
6 0.5395749999999999 0.4043 0.16457 0.03320000000000001
6 0.356155 0.4043 0.16959000000000002 0.03320000000000001
6 0.17022500000000002 0.40332 0.16457 0.03515999999999997
6 0.8404499999999999 0.46191499999999996 0.29647999999999997 0.03321000000000002
8 0.41332 0.33203 0.33166000000000007 0.056640000000000024
8 0.62123 0.33545 0.03392000000000006 0.05175999999999997
8 0.19786 0.333985 0.033920000000000006 0.05079
8 0.694725 0.33154 0.052769999999999984 0.05176000000000003
8 0.77198 0.33057000000000003 0.05401999999999996 0.05175999999999997
8 0.84987 0.33154 0.05401999999999996 0.05176000000000003
8 0.92651 0.33203 0.05402000000000007 0.05274000000000001
8 0.20603 0.20507999999999998 0.055279999999999996 0.04491999999999999
8 0.61809 0.206545 0.055279999999999996 0.04394999999999999
8 0.5402 0.523435 0.10301999999999994 0.04882999999999993
8 0.35804 0.523925 0.10302 0.04981000000000002
8 0.173365 0.526365 0.10300999999999999 0.04883000000000004
8 0.08102999999999999 0.58594 0.026382000000000003 0.17188000000000003
8 0.26696 0.58789 0.026380000000000015 0.17188000000000003
8 0.447865 0.586915 0.026390000000000025 0.17186999999999997
8 0.63254 0.586915 0.02638000000000007 0.17186999999999997
8 0.7361800000000001 0.563475 0.08794000000000002 0.0410100000000001
8 0.84799 0.564455 0.08794000000000002 0.04100999999999999
8 0.47550000000000003 0.375 0.033920000000000006 0.02734000000000003
8 0.42147999999999997 0.374025 0.033920000000000006 0.027349999999999985
8 0.29334000000000005 0.375 0.033920000000000006 0.02734000000000003
8 0.23807 0.374025 0.03391999999999998 0.027349999999999985
8 0.906405 0.433105 0.03140999999999994 0.026370000000000005
8 0.7945949999999999 0.43261499999999997 0.03141000000000005 0.025389999999999968
9 0.56344 0.27002 0.85804 0.07127999999999998
9 0.371233 0.458985 0.652014 0.08984999999999999
9 0.82412 0.51367 0.31658 0.06835999999999992
9 0.367463 0.71289 0.644474 0.03515999999999997
9 0.83229 0.728515 0.31784 0.027349999999999985
10 0.167715 0.325195 0.011309999999999987 0.06054999999999999
10 0.225505 0.325195 0.011310000000000014 0.06054999999999999
10 0.23618 0.326175 0.007539999999999991 0.06054999999999999
10 0.589825 0.325195 0.011310000000000042 0.06054999999999999
10 0.6488700000000001 0.326175 0.011299999999999977 0.06054999999999999
10 0.7342949999999999 0.32715 0.011310000000000042 0.06054000000000004
10 0.8121849999999999 0.328125 0.011310000000000042 0.06054999999999999
10 0.890075 0.328125 0.011310000000000042 0.06054999999999999
10 0.967965 0.328125 0.011310000000000042 0.06054999999999999
10 0.1048975 0.593265 0.023864999999999997 0.15722999999999998
10 0.0508795 0.594725 0.021357 0.15625
10 0.23555500000000001 0.594235 0.023869999999999975 0.15722999999999998
10 0.289575 0.593265 0.023870000000000002 0.15722999999999998
10 0.42022499999999996 0.593265 0.023870000000000002 0.15722999999999998
10 0.47550499999999996 0.595215 0.023870000000000002 0.1572300000000001
10 0.604895 0.595215 0.023869999999999947 0.1572300000000001
10 0.6589149999999999 0.595215 0.023869999999999947 0.1572300000000001
10 0.681535 0.631345 0.016329999999999956 0.14550999999999992
10 0.7946 0.631345 0.021360000000000046 0.14550999999999992
10 0.907035 0.631345 0.02010999999999996 0.14550999999999992
10 0.77764 0.66211 0.012559999999999905 0.08397999999999994
10 0.697235 0.66211 0.012570000000000081 0.08397999999999994
10 0.8109299999999999 0.66211 0.011299999999999977 0.08397999999999994
10 0.8894500000000001 0.663085 0.012560000000000016 0.08399000000000001
10 0.92274 0.66211 0.011300000000000088 0.08397999999999994
10 0.16771 0.359375 0.013819999999999999 0.009769999999999945
10 0.2255 0.36035 0.013819999999999999 0.009759999999999991
10 0.23681000000000002 0.36133 0.008800000000000002 0.009759999999999991
10 0.589825 0.36035 0.016330000000000067 0.009759999999999991
10 0.649495 0.36035 0.017589999999999995 0.009759999999999991
10 0.733665 0.362305 0.017589999999999995 0.009770000000000001
10 0.660805 0.361325 0.007530000000000037 0.007809999999999984
10 0.6595500000000001 0.32715 0.007539999999999991 0.06054000000000004
10 0.8121849999999999 0.36328 0.016330000000000067 0.009759999999999991
10 0.890075 0.36328 0.016330000000000067 0.009759999999999991
10 0.968595 0.36328 0.017589999999999995 0.009759999999999991
10 0.104271 0.688965 0.027637999999999996 0.03416999999999992
10 0.12814 0.691405 0.015079999999999996 0.029289999999999927
10 0.0515075 0.68994 0.022612999999999994 0.0341800000000001
10 0.12626 0.631345 0.013820000000000013 0.08887
10 0.21859 0.631345 0.012559999999999988 0.08887
10 0.30967 0.631345 0.013819999999999999 0.08887
10 0.403265 0.63037 0.012570000000000026 0.08885999999999994
10 0.65892 0.688965 0.028900000000000037 0.030269999999999908
10 0.697865 0.7143550000000001 0.016330000000000067 0.018549999999999955
10 0.795225 0.714355 0.02261000000000002 0.020510000000000028
10 0.7763800000000001 0.713865 0.012560000000000016 0.019530000000000047
10 0.8134399999999999 0.713865 0.013820000000000054 0.019530000000000047
10 0.90829 0.713865 0.022619999999999973 0.019530000000000047
10 0.889445 0.71387 0.015070000000000028 0.01757999999999993
10 0.104901 0.50342 0.028897999999999993 0.022460000000000035
10 0.23555500000000001 0.503905 0.02889 0.02342999999999995
10 0.289575 0.50342 0.028890000000000027 0.022460000000000035
10 0.0521355 0.50439 0.023869 0.02245999999999998
10 0.422115 0.50439 0.03015000000000001 0.02245999999999998
10 0.475505 0.50537 0.02888999999999997 0.022459999999999924
10 0.6049 0.50439 0.028899999999999926 0.02245999999999998
10 0.659545 0.50439 0.03015000000000001 0.02245999999999998
10 0.7952250000000001 0.546875 0.03015000000000001 0.023430000000000062
10 0.9064049999999999 0.5463899999999999 0.02888999999999997 0.022460000000000035
10 0.685305 0.5463899999999999 0.023869999999999947 0.022460000000000035
10 0.6978599999999999 0.61475 0.013820000000000054 0.010739999999999972
10 0.77701 0.61475 0.013819999999999943 0.010739999999999972
10 0.8115600000000001 0.61475 0.015080000000000093 0.010739999999999972
10 0.8888199999999999 0.61572 0.013820000000000054 0.010740000000000083
10 0.924625 0.61377 0.015070000000000028 0.010739999999999972
10 0.225505 0.29052500000000003 0.016329999999999983 0.00879000000000002
10 0.167715 0.29052500000000003 0.01633000000000001 0.00879000000000002
10 0.23681000000000002 0.291505 0.008800000000000002 0.00879000000000002
10 0.6488700000000001 0.291015 0.01633999999999991 0.009770000000000001
10 0.734295 0.292485 0.016329999999999956 0.008789999999999965
10 0.8121849999999999 0.293455 0.016330000000000067 0.00879000000000002
10 0.890075 0.293455 0.016330000000000067 0.00879000000000002
10 0.9685950000000001 0.293455 0.015070000000000028 0.00879000000000002
10 0.59108 0.29052500000000003 0.01633999999999991 0.00879000000000002
10 0.5804 0.292485 0.007539999999999991 0.008789999999999965
10 0.5810299999999999 0.328125 0.00880000000000003 0.06054999999999999
10 0.579145 0.362305 0.007530000000000037 0.007809999999999984
10 0.6595500000000001 0.292485 0.007539999999999991 0.008789999999999965
10 0.23429499999999998 0.6875 0.02889 0.029300000000000104
10 0.214825 0.688965 0.010050000000000003 0.026370000000000005
7 0.538315 0.037109500000000004 0.011309999999999931 0.019531
7 0.55653 0.037109500000000004 0.012560000000000016 0.019531
7 0.57412 0.037109500000000004 0.012560000000000016 0.019531
7 0.5923350000000001 0.037109500000000004 0.011310000000000042 0.019531
7 0.6105499999999999 0.036621 0.012560000000000016 0.020508
7 0.62877 0.037598 0.011299999999999977 0.020508
7 0.646985 0.037109500000000004 0.01256999999999997 0.019531
7 0.349245 0.036621 0.012570000000000026 0.020508
7 0.366835 0.037598 0.012570000000000026 0.020508
7 0.38568 0.037598 0.01255999999999996 0.020508
7 0.403265 0.037598 0.012570000000000026 0.020508
7 0.42211 0.037109500000000004 0.012560000000000016 0.019531
7 0.44032499999999997 0.037598 0.011309999999999987 0.020508
7 0.45791499999999996 0.037109500000000004 0.011309999999999987 0.019531
7 0.349245 0.0615235 0.012570000000000026 0.019531000000000007
7 0.366835 0.0615235 0.012570000000000026 0.019531000000000007
7 0.38568 0.0615235 0.01255999999999996 0.019531000000000007
7 0.403265 0.0615235 0.012570000000000026 0.019531000000000007
7 0.421485 0.0615235 0.011310000000000042 0.019531000000000007
7 0.44032499999999997 0.061035000000000006 0.011309999999999987 0.020508000000000005
7 0.45854 0.0615235 0.012560000000000016 0.019531000000000007
7 0.45854 0.0805665 0.012560000000000016 0.014648999999999995
7 0.44032499999999997 0.0805665 0.011309999999999987 0.014648999999999995
7 0.42211 0.0805665 0.012560000000000016 0.014648999999999995
7 0.40452 0.0805665 0.012560000000000016 0.014648999999999995
7 0.36746500000000004 0.0805665 0.011309999999999987 0.014648999999999995
7 0.38568 0.0805665 0.01255999999999996 0.014648999999999995
7 0.349245 0.0805665 0.012570000000000026 0.014648999999999995
7 0.538945 0.0810545 0.01256999999999997 0.015625
7 0.55653 0.0810545 0.012560000000000016 0.015625
7 0.57412 0.0805665 0.012560000000000016 0.014648999999999995
7 0.592965 0.081543 0.01256999999999997 0.014648000000000008
7 0.6105499999999999 0.0810545 0.012560000000000016 0.015625
7 0.62877 0.0810545 0.011299999999999977 0.015625
7 0.646985 0.081543 0.01256999999999997 0.014648000000000008
7 0.646985 0.061035000000000006 0.01256999999999997 0.020508000000000005
7 0.62877 0.061035000000000006 0.011299999999999977 0.020508000000000005
7 0.6105499999999999 0.061035000000000006 0.012560000000000016 0.020508000000000005
7 0.592965 0.062012 0.01256999999999997 0.020508
7 0.57412 0.0615235 0.012560000000000016 0.019531000000000007
7 0.555905 0.0625 0.011309999999999931 0.019531999999999994
7 0.538315 0.0625 0.011309999999999931 0.019531999999999994
