1 0.50137895 0.50146485 0.9944820999999999 0.9970703
2 0.075862 0.0493165 0.033103999999999995 0.043945000000000005
2 0.128275 0.046386500000000004 0.04413 0.043945
2 0.311725 0.0454105 0.04413 0.043945
2 0.49793 0.0454105 0.04414000000000001 0.043945
2 0.68345 0.0444335 0.04275999999999991 0.04394500000000001
2 0.870345 0.0458985 0.04413 0.04296899999999999
2 0.18069000000000002 0.0458985 0.03309999999999999 0.04296899999999999
2 0.25931 0.045410000000000006 0.03309999999999999 0.041992
2 0.36552 0.0458985 0.03310000000000002 0.04296899999999999
2 0.44345 0.044434 0.03171999999999997 0.041992
2 0.5510349999999999 0.043456999999999996 0.031729999999999925 0.041992
2 0.628965 0.043456999999999996 0.03310999999999997 0.041992
2 0.73655 0.0458985 0.03310000000000002 0.04296899999999999
2 0.81517 0.045410000000000006 0.03310000000000002 0.041992
2 0.91862 0.046387 0.03309999999999991 0.041992
2 0.913795 0.14307 0.031730000000000036 0.045899999999999996
2 0.81379 0.140625 0.03310000000000002 0.04493000000000001
2 0.86345 0.13916 0.04138000000000008 0.047860000000000014
2 0.731035 0.13867 0.03310999999999997 0.04492
2 0.6303449999999999 0.13867 0.030349999999999988 0.04492
2 0.55172 0.13916 0.04137999999999997 0.04590000000000001
2 0.36207 0.13867 0.04276000000000002 0.04492
2 0.18069000000000002 0.14209 0.04138 0.045899999999999996
2 0.44207 0.137695 0.028959999999999986 0.04493
2 0.25586000000000003 0.13965 0.028960000000000014 0.04492
2 0.0765515 0.14307 0.028965000000000005 0.045899999999999996
2 0.67655 0.137695 0.040000000000000036 0.04883
2 0.49171999999999993 0.13623 0.03999999999999998 0.04786
2 0.30759000000000003 0.140135 0.04138000000000003 0.04785000000000002
2 0.1269 0.13964500000000002 0.04138 0.04883000000000001
2 0.8682749999999999 0.219235 0.03449000000000002 0.047849999999999976
2 0.92483 0.2207 0.034479999999999955 0.04491999999999999
2 0.82207 0.21826 0.030340000000000034 0.04394000000000001
2 0.633105 0.21631 0.030349999999999988 0.04393999999999998
2 0.44414 0.21533000000000002 0.030339999999999978 0.04394000000000001
2 0.25586 0.21631 0.031720000000000026 0.04393999999999998
2 0.0751725 0.22070499999999998 0.037241 0.04296999999999998
2 0.68414 0.21631 0.04413999999999996 0.045899999999999996
2 0.74 0.21631 0.03171999999999997 0.04393999999999998
2 0.551725 0.21533000000000002 0.03310999999999997 0.04394000000000001
2 0.49724 0.21533 0.045520000000000005 0.045899999999999996
2 0.31103499999999995 0.21631 0.045509999999999995 0.045899999999999996
2 0.12621 0.217285 0.04551999999999999 0.045889999999999986
2 0.18069 0.21826 0.03586 0.04394000000000001
2 0.36552 0.21484 0.03586 0.044920000000000015
2 0.075172 0.302245 0.031724 0.05567
2 0.075172 0.38916 0.031724 0.05566000000000004
2 0.07241399999999999 0.476075 0.031723999999999995 0.05566999999999994
2 0.073793 0.5625 0.031723999999999995 0.05468000000000006
2 0.07241399999999999 0.65039 0.031723999999999995 0.05468000000000006
2 0.18137999999999999 0.30029 0.03172 0.05566000000000004
2 0.18137999999999999 0.38721 0.03172 0.05566000000000004
2 0.18 0.47509999999999997 0.03172 0.05565999999999999
2 0.18 0.561035 0.03172 0.05567
2 0.18137999999999999 0.65283 0.03172 0.05566000000000004
2 0.26138 0.301755 0.03172 0.054690000000000016
2 0.37172499999999997 0.30127000000000004 0.03172999999999998 0.05565999999999999
2 0.367585 0.388675 0.031730000000000036 0.054690000000000016
2 0.26 0.38721 0.03172 0.05566000000000004
2 0.25931 0.47558500000000004 0.030340000000000006 0.05468999999999996
2 0.37172499999999997 0.47558500000000004 0.03172999999999998 0.05468999999999996
2 0.372415 0.563965 0.030349999999999988 0.05567
2 0.26 0.56201 0.03172 0.05566000000000004
2 0.26276 0.65234 0.03448000000000004 0.056640000000000024
2 0.37241 0.65137 0.03586 0.056640000000000024
2 0.450345 0.30029 0.03449000000000002 0.057620000000000005
2 0.56069 0.30029 0.034480000000000066 0.057620000000000005
2 0.451725 0.38672 0.03449000000000002 0.056640000000000024
2 0.5620700000000001 0.38672 0.034479999999999955 0.056640000000000024
2 0.451725 0.47509999999999997 0.03449000000000002 0.05761999999999995
2 0.56345 0.476075 0.034480000000000066 0.057609999999999995
2 0.45448 0.56348 0.034479999999999955 0.056640000000000024
2 0.5648299999999999 0.56641 0.034479999999999955 0.056640000000000024
2 0.4531 0.65332 0.034479999999999955 0.056640000000000024
2 0.5648299999999999 0.65283 0.034479999999999955 0.057620000000000005
2 0.56345 0.7456050000000001 0.034480000000000066 0.061529999999999974
2 0.45448 0.74414 0.03171999999999997 0.06054000000000004
2 0.37517 0.74463 0.03586 0.06152000000000002
2 0.26345 0.7431650000000001 0.03586000000000003 0.06054999999999999
2 0.18069 0.742675 0.03586 0.061529999999999974
2 0.075862 0.74072 0.035862 0.06152000000000002
2 0.64138 0.30127 0.03586 0.06152000000000002
2 0.749655 0.302245 0.037250000000000005 0.05567
2 0.82759 0.30273 0.03586 0.056640000000000024
2 0.9351700000000001 0.30371000000000004 0.03585999999999989 0.05663999999999997
2 0.64276 0.38721 0.03586 0.05566000000000004
2 0.75379 0.38867 0.03724000000000005 0.056640000000000024
2 0.83241 0.390625 0.03723999999999994 0.05664999999999998
2 0.93793 0.391115 0.03586 0.05567
2 0.64483 0.476075 0.03723999999999994 0.05566999999999994
2 0.7531 0.47705 0.03586 0.05565999999999999
2 0.8331 0.47802999999999995 0.03586 0.05565999999999999
2 0.93793 0.47948999999999997 0.03586 0.05663999999999997
2 0.94069 0.56738 0.03586 0.056640000000000024
2 0.83448 0.5668949999999999 0.03586 0.05567
2 0.7565500000000001 0.56543 0.03724000000000005 0.056640000000000024
2 0.64483 0.56494 0.03723999999999994 0.05566000000000004
2 0.6441399999999999 0.6542950000000001 0.03310000000000002 0.05859000000000003
2 0.7524150000000001 0.655275 0.031729999999999925 0.05859000000000003
2 0.8331 0.654785 0.03586 0.05957000000000001
2 0.93793 0.655275 0.03586 0.05859000000000003
2 0.6475850000000001 0.745115 0.03449000000000002 0.05859000000000003
2 0.751035 0.745115 0.03448999999999991 0.05859000000000003
2 0.830345 0.74414 0.03587000000000007 0.058599999999999985
2 0.9351700000000001 0.7421850000000001 0.03585999999999989 0.05859000000000003
2 0.12828 0.301265 0.03862 0.053710000000000035
2 0.12621 0.387205 0.04000000000000001 0.05370999999999998
2 0.31448 0.299805 0.04138000000000003 0.054690000000000016
2 0.31379 0.38671999999999995 0.03999999999999998 0.054680000000000006
2 0.12552000000000002 0.476565 0.04138 0.05468999999999996
2 0.31655 0.47363500000000003 0.040000000000000036 0.05468999999999996
2 0.1269 0.563475 0.04138 0.054690000000000016
2 0.31448 0.5625 0.04138000000000003 0.05468000000000006
2 0.1269 0.65039 0.04138 0.05468000000000006
2 0.31586000000000003 0.65332 0.04138000000000003 0.05468000000000006
2 0.12828 0.740235 0.041379999999999986 0.05859000000000003
2 0.31862 0.743655 0.04138000000000003 0.05957000000000001
2 0.5069 0.74463 0.042759999999999965 0.06152000000000002
2 0.50345 0.299315 0.03861999999999999 0.053710000000000035
2 0.50552 0.388185 0.03999999999999998 0.053710000000000035
2 0.50759 0.476565 0.03862000000000004 0.05273
2 0.5089699999999999 0.565915 0.03861999999999999 0.053710000000000035
2 0.5089699999999999 0.654785 0.03861999999999999 0.053710000000000035
2 0.6979299999999999 0.6557649999999999 0.03861999999999999 0.053710000000000035
2 0.6979299999999999 0.567385 0.03861999999999999 0.05859000000000003
2 0.69655 0.478515 0.0386200000000001 0.058589999999999975
2 0.6979299999999999 0.387695 0.03861999999999999 0.05859000000000003
2 0.69241 0.301755 0.03861999999999999 0.05859000000000003
2 0.88207 0.30371 0.040000000000000036 0.058599999999999985
2 0.8841399999999999 0.391115 0.03861999999999999 0.05957000000000001
2 0.8869 0.481445 0.03861999999999999 0.058589999999999975
2 0.8841399999999999 0.56836 0.03861999999999999 0.058599999999999985
2 0.8841399999999999 0.6542950000000001 0.03861999999999999 0.05859000000000003
2 0.8834500000000001 0.7446250000000001 0.039999999999999925 0.05957000000000001
2 0.69862 0.746095 0.040000000000000036 0.05859000000000003
2 0.132414 0.8442350000000001 0.137932 0.07128999999999996
2 0.314485 0.84375 0.13793000000000002 0.07225999999999999
2 0.504135 0.847655 0.14206999999999997 0.07226999999999995
2 0.6937949999999999 0.845215 0.14344999999999997 0.06738999999999995
2 0.8703449999999999 0.842285 0.12964999999999993 0.06738999999999995
3 0.135175 0.972655 0.06621000000000002 0.052730000000000055
4 0.5048250000000001 0.180175 0.09103000000000006 0.05567
4 0.31586000000000003 0.18115 0.09103999999999995 0.05565999999999999
4 0.129654 0.183105 0.09103199999999999 0.05567
4 0.689655 0.18213000000000001 0.09102999999999994 0.055660000000000015
4 0.88138 0.18506 0.0910399999999999 0.05565999999999999
8 0.130345 0.096194 0.06207 0.026372000000000007
8 0.31379500000000005 0.093264 0.062070000000000014 0.026372000000000007
8 0.5 0.0913075 0.062060000000000004 0.026365
8 0.688275 0.0908225 0.06345 0.025395
8 0.873105 0.0942375 0.06345 0.026365
8 0.78276 0.081057 0.045520000000000005 0.044926
8 0.9689650000000001 0.08691650000000001 0.04551000000000005 0.04492700000000001
8 0.59793 0.0830085 0.045520000000000005 0.044923
8 0.407585 0.08202999999999999 0.045509999999999995 0.04492
8 0.22414 0.08496000000000001 0.045520000000000005 0.04492
8 0.0406895 0.08838 0.045517 0.045899999999999996
8 0.222065 0.02197245 0.01654999999999998 0.030273100000000004
8 0.40551499999999996 0.0200194 0.01655000000000001 0.0302732
8 0.593105 0.0200194 0.016550000000000065 0.0302732
8 0.77931 0.02294925 0.01656000000000002 0.030273500000000002
8 0.965515 0.025879 0.016550000000000065 0.030273999999999995
8 0.9848250000000001 0.0249023 0.016549999999999954 0.0302734
8 0.0372415 0.02392555 0.016551000000000003 0.0302729
8 0.02 0.02343725 0.015172 0.0312495
8 0.13034600000000002 0.0146486 0.06758800000000001 0.021484800000000002
8 0.31516999999999995 0.013671850000000001 0.0731 0.0214843
8 0.5 0.013671850000000001 0.0731 0.0214843
8 0.68483 0.0146486 0.07310000000000005 0.021484800000000002
8 0.68483 0.0146486 0.07310000000000005 0.021484800000000002
8 0.868275 0.013671850000000001 0.07311000000000001 0.0214843
9 0.5041370000000001 0.26122999999999996 0.986206 0.04199999999999998
9 0.4999983 0.697755 0.9862034 0.04198999999999997
9 0.50137795 0.794435 0.9862041 0.04198999999999997
8 0.22552 0.81787 0.03999999999999998 0.022459999999999924
8 0.41241 0.8208 0.03861999999999999 0.022460000000000035
8 0.03724145 0.8154300000000001 0.0579311 0.023440000000000016
8 0.9696549999999999 0.8154300000000001 0.057929999999999926 0.023440000000000016
8 0.60483 0.81982 0.040000000000000036 0.022459999999999924
8 0.79103 0.81982 0.040000000000000036 0.022459999999999924
11 0.32138 0.9477500000000001 0.13517999999999997 0.09667999999999999
11 0.504825 0.94971 0.13516999999999996 0.09667999999999999
11 0.869655 0.944335 0.12551 0.09375
11 0.686895 0.951175 0.13517 0.08789000000000002
11 0.970345 0.9458 0.03449000000000002 0.016599999999999948
