1 0.4999985 0.50336135 0.925923 0.9932773
2 0.5888899999999999 0.119325 0.033340000000000036 0.03361
2 0.54815 0.22605000000000003 0.03703999999999996 0.05882000000000001
2 0.44537 0.42185 0.07591999999999999 0.11092000000000002
2 0.6490750000000001 0.42269 0.07592999999999994 0.10924
2 0.44259000000000004 0.62185 0.07778000000000002 0.11763999999999997
2 0.6463 0.62353 0.07777999999999996 0.11763999999999997
2 0.44259 0.839495 0.08148 0.12605
2 0.6472249999999999 0.839495 0.07962999999999998 0.12605
2 0.88796 0.7411749999999999 0.07221999999999995 0.10757000000000005
2 0.887035 0.5537799999999999 0.06667000000000001 0.09916000000000003
2 0.88704 0.412605 0.06296000000000002 0.05210999999999999
2 0.20926 0.464705 0.06666 0.13276999999999994
2 0.21204 0.6605000000000001 0.07222 0.14790000000000003
2 0.20648 0.8563000000000001 0.07222 0.15966000000000002
3 0.89167 0.931095 0.08704 0.13108999999999993
4 0.88426 0.8462149999999999 0.15370000000000006 0.025210000000000066
4 0.44166500000000003 0.5378149999999999 0.13519000000000003 0.02352999999999994
4 0.6490750000000001 0.5378149999999999 0.13519000000000003 0.02352999999999994
4 0.549075 0.166385 0.07962999999999998 0.026889999999999997
5 0.44166500000000003 0.48655499999999996 0.12407000000000001 0.03192999999999996
5 0.6472249999999999 0.488235 0.12407000000000001 0.03192999999999996
5 0.44074 0.686555 0.12592000000000003 0.021850000000000036
5 0.64815 0.686555 0.12592000000000003 0.021850000000000036
5 0.6463 0.916805 0.11851999999999996 0.035290000000000044
5 0.43889 0.916805 0.11851999999999996 0.035290000000000044
6 0.17963050000000003 0.49748000000000003 0.277779 0.09076000000000001
6 0.17962699999999998 0.70672 0.270366 0.08908000000000005
6 0.1759255 0.9218500000000001 0.27036899999999997 0.08907999999999994
6 0.430555 0.09915850000000001 0.26481 0.06386300000000002
6 0.62778 0.085716 0.1407400000000001 0.110928
6 0.783335 0.144538 0.1703699999999999 0.10756399999999999
7 0.37778 0.42269 0.044440000000000035 0.11931999999999998
7 0.50741 0.42100499999999996 0.044440000000000035 0.11932999999999999
7 0.58426 0.42269 0.04630000000000001 0.11596000000000001
7 0.7101850000000001 0.42185 0.04629000000000005 0.11763999999999997
7 0.71204 0.621845 0.04630000000000001 0.12436999999999998
7 0.58611 0.62521 0.04630000000000001 0.12435999999999992
7 0.50278 0.623525 0.04630000000000001 0.12437000000000009
7 0.38241 0.623525 0.04629999999999995 0.12437000000000009
7 0.71389 0.840335 0.04630000000000001 0.13109000000000004
7 0.5833349999999999 0.8386549999999999 0.048150000000000026 0.13109000000000004
7 0.50648 0.8386549999999999 0.04630000000000006 0.13109000000000004
7 0.37870499999999996 0.840335 0.04629 0.13109000000000004
7 0.155555 0.46386499999999997 0.03703000000000001 0.13781
7 0.26295999999999997 0.464705 0.03704000000000002 0.13612999999999997
7 0.26389 0.65798 0.03147999999999998 0.15294000000000008
7 0.1537 0.65798 0.04074 0.15294000000000008
7 0.26111 0.856305 0.033340000000000036 0.16639000000000004
7 0.15185 0.860505 0.04074 0.17479
9 0.4962955 0.32941 0.911109 0.09748000000000001
9 0.442594 0.966385 0.788892 0.02688999999999997
