1 0.5488999999999999 0.50000175 0.84858 0.9966365
2 0.26972 0.34175 0.08202000000000001 0.14142
2 0.83754 0.340065 0.08202000000000009 0.14141000000000004
2 0.26972 0.56734 0.08202000000000001 0.14142
2 0.83912 0.563975 0.08201999999999998 0.14141000000000004
2 0.27918 0.7920849999999999 0.08201999999999998 0.13973000000000002
2 0.8430599999999999 0.78788 0.07413999999999998 0.13803999999999994
2 0.512615 0.351855 0.06308999999999998 0.15825
2 0.5977950000000001 0.353535 0.06308999999999998 0.16835
2 0.513405 0.57997 0.061509999999999954 0.1633
2 0.5962149999999999 0.56734 0.05992999999999993 0.14142
2 0.6111949999999999 0.798825 0.05205000000000004 0.11952999999999991
2 0.269715 0.106903 0.06308999999999998 0.10269400000000001
2 0.840695 0.11110999999999999 0.05993000000000004 0.09763999999999999
2 0.535485 0.11027 0.029970000000000052 0.09596
2 0.58675 0.11026799999999999 0.03469999999999995 0.099324
4 0.25788500000000003 0.24411 0.15931 0.04713999999999996
4 0.828865 0.24411 0.15930999999999995 0.04713999999999996
4 0.26104 0.458755 0.14983999999999997 0.05892999999999998
4 0.828075 0.45538999999999996 0.1482699999999999 0.05892000000000003
5 0.26183 0.420875 0.12934 0.02356999999999998
5 0.83912 0.415825 0.12934 0.02356999999999998
5 0.828865 0.650675 0.13090999999999997 0.04544999999999999
5 0.263405 0.652355 0.13249 0.04544999999999999
5 0.275235 0.88047 0.10883000000000001 0.04713999999999996
5 0.841485 0.88047 0.10882999999999998 0.04713999999999996
6 0.515775 0.44865499999999997 0.30599 0.17676999999999998
6 0.519715 0.65404 0.31073 0.11280000000000001
7 0.840695 0.0791245 0.053629999999999955 0.030302999999999997
9 0.551265 0.20706999999999998 0.8312299999999999 0.07408000000000001
9 0.54811 0.645625 0.8280799999999999 0.04208999999999996
