2 0.82665 0.85547 0.11236000000000002 0.08594000000000002
2 0.53451 0.857425 0.13804 0.08789000000000002
2 0.21669 0.69824 0.13804000000000002 0.10351999999999995
2 0.21910000000000002 0.524905 0.13964000000000001 0.09276999999999996
2 0.22070499999999998 0.35058500000000004 0.13965000000000002 0.08202999999999999
2 0.21989999999999998 0.18555 0.13804000000000002 0.08008000000000001
2 0.498395 0.177735 0.05938999999999994 0.06054999999999999
2 0.57785 0.17724499999999999 0.05777999999999994 0.06153
2 0.5585899999999999 0.3125 0.08667999999999998 0.08984000000000003
2 0.83066 0.35205 0.11076000000000008 0.08692
2 0.83066 0.18652000000000002 0.11076000000000008 0.08008000000000001
2 0.82986 0.688965 0.11236000000000002 0.08690999999999993
2 0.83066 0.5200199999999999 0.11076000000000008 0.08692
2 0.55698 0.6738299999999999 0.08667999999999998 0.09179999999999999
2 0.55698 0.492675 0.08667999999999998 0.09276999999999996
1 0.514444 0.5029297 0.967892 0.9941406
4 0.83467 0.43799 0.17656000000000005 0.057620000000000005
5 0.21990500000000002 0.23876999999999998 0.15089 0.03417999999999999
5 0.82986 0.241215 0.11878 0.03125
5 0.8338650000000001 0.404785 0.17174999999999996 0.024410000000000043
5 0.8282499999999999 0.90234 0.13804000000000005 0.011719999999999953
5 0.53772 0.9042950000000001 0.17013999999999996 0.01366999999999996
6 0.29534499999999997 0.37793 0.36596999999999996 0.04102
6 0.292135 0.561035 0.36919 0.043950000000000045
6 0.5626 0.55957 0.15569999999999995 0.041020000000000056
6 0.8330649999999999 0.5825199999999999 0.15089000000000008 0.03808
6 0.8290550000000001 0.748535 0.12680999999999998 0.03223000000000009
6 0.56019 0.737305 0.10594000000000003 0.035150000000000015
6 0.292135 0.73926 0.36919 0.039059999999999984
6 0.10273099999999999 0.043456999999999996 0.035318 0.034179999999999995
6 0.34189499999999995 0.0424805 0.03531000000000001 0.034179
6 0.5441400000000001 0.043945 0.28572000000000003 0.031249999999999997
6 0.79053 0.0424805 0.13964 0.034179
8 0.22150999999999998 0.043457499999999996 0.19261999999999999 0.022461000000000002
8 0.93178 0.042969 0.1300199999999999 0.021484000000000003
8 0.5585899999999999 0.24072 0.11878 0.022460000000000008
8 0.448635 0.26416 0.05296999999999996 0.05176000000000003
5 0.55939 0.371585 0.11395999999999995 0.03222999999999998
8 0.5585899999999999 0.418455 0.11878 0.01855000000000001
8 0.44382 0.438965 0.04011999999999999 0.03808999999999996
8 0.21910000000000002 0.453125 0.13964000000000001 0.017569999999999975
8 0.558585 0.59912 0.12199000000000004 0.016599999999999948
8 0.44301999999999997 0.61182 0.02567999999999998 0.022460000000000035
8 0.21509 0.6210899999999999 0.14446000000000003 0.01758000000000004
9 0.517654 0.0947255 0.955052 0.07616900000000001
9 0.516049 0.26366999999999996 0.958262 0.08398
9 0.516049 0.588865 0.958262 0.054690000000000016
9 0.5168515 0.754885 0.956657 0.054690000000000016
10 0.05939 0.17529 0.048154 0.09667999999999999
10 0.380415 0.17382999999999998 0.048150000000000026 0.09766
10 0.702245 0.17676 0.04655000000000009 0.09766000000000002
10 0.960675 0.17432 0.04654999999999998 0.09667999999999999
10 0.0569825 0.44628500000000004 0.04654899999999999 0.23632999999999998
10 0.7014450000000001 0.447265 0.048150000000000026 0.23632999999999998
10 0.95987 0.445315 0.04815999999999998 0.23632999999999998
10 0.05618 0.68164 0.044944 0.10352000000000006
10 0.3748 0.688475 0.04333999999999999 0.1035100000000001
10 0.69984 0.680665 0.04493999999999998 0.10350999999999999
10 0.9590650000000001 0.680665 0.04654999999999998 0.10350999999999999
10 0.054575 0.751465 0.048154 0.036129999999999995
10 0.7014450000000001 0.75 0.048150000000000026 0.03516000000000008
10 0.95987 0.750485 0.04815999999999998 0.036129999999999995
10 0.0585875 0.24365 0.052968999999999995 0.04004000000000002
10 0.38042 0.24268 0.05136000000000002 0.04003999999999999
10 0.9614750000000001 0.24268 0.05137000000000003 0.04003999999999999
10 0.70305 0.244145 0.05135999999999996 0.037109999999999976
10 0.0626005 0.1025375 0.060995 0.04882500000000001
10 0.380415 0.101074 0.06098999999999999 0.047852000000000006
10 0.704655 0.103026 0.06098999999999999 0.047848
10 0.95987 0.10058600000000001 0.06099999999999994 0.048827999999999996
10 0.960675 0.299315 0.05938999999999994 0.05567
10 0.702245 0.30078000000000005 0.059390000000000054 0.054680000000000006
10 0.37961500000000004 0.30029 0.05939 0.05566000000000004
10 0.061798000000000006 0.30029 0.059390000000000005 0.05566000000000004
10 0.37801 0.34277 0.046540000000000026 0.029299999999999993
10 0.056982500000000005 0.620115 0.049759000000000005 0.019530000000000047
10 0.37399499999999997 0.62451 0.05136999999999997 0.022459999999999924
10 0.95987 0.61768 0.05136000000000007 0.022459999999999924
10 0.69984 0.6191450000000001 0.05136000000000007 0.019529999999999936
11 0.21348499999999998 0.8818349999999999 0.14125 0.13476999999999995
11 0.0826625 0.914555 0.049754999999999994 0.05957000000000001
11 0.31942499999999996 0.916015 0.04172999999999999 0.044930000000000025
11 0.0658105 0.9731449999999999 0.038522999999999995 0.04981000000000002
2 0.536115 0.967285 0.07062999999999997 0.04003000000000001
2 0.83226 0.965335 0.06902000000000008 0.036130000000000106
10 0.0569825 0.583005 0.052969 0.037109999999999976
10 0.70305 0.583495 0.05135999999999996 0.036129999999999995
10 0.9614750000000001 0.581545 0.05137000000000003 0.036129999999999995
