2 0.895505 0.7899400000000001 0.04882999999999993 0.09560000000000002
2 0.7700199999999999 0.78931 0.049799999999999955 0.09433999999999998
1 0.57324 0.6037750000000001 0.8418 0.71447
4 0.262205 0.48868 0.09863000000000002 0.05912000000000006
4 0.388185 0.485535 0.09863 0.052830000000000044
2 0.265625 0.58365 0.05079 0.11572000000000005
2 0.3916 0.58302 0.05078000000000005 0.11446
2 0.518555 0.58365 0.05079000000000006 0.11572000000000005
2 0.646485 0.58365 0.05079 0.11572000000000005
4 0.5166 0.48679500000000003 0.09765999999999997 0.052830000000000044
4 0.644045 0.48302 0.09472999999999998 0.047800000000000065
4 0.7700199999999999 0.48302 0.09277999999999997 0.047800000000000065
4 0.8984399999999999 0.48553500000000005 0.09570000000000001 0.047790000000000055
2 0.771 0.58302 0.05176000000000003 0.11446
2 0.8974599999999999 0.58302 0.050779999999999936 0.11446
2 0.771485 0.38112999999999997 0.05079 0.10313999999999995
2 0.89844 0.380505 0.05078000000000005 0.10188999999999998
2 0.518555 0.381135 0.05079000000000006 0.10063
2 0.646485 0.37987499999999996 0.05079 0.10315000000000002
2 0.26465 0.380505 0.05078000000000002 0.10188999999999998
2 0.390135 0.380505 0.04981000000000002 0.10188999999999998
2 0.5200199999999999 0.78868 0.049799999999999955 0.09560000000000002
2 0.646485 0.78931 0.04883000000000004 0.09433999999999998
2 0.074219 0.10628699999999999 0.031249999999999993 0.099366
2 0.1152345 0.1471715 0.031251 0.09811699999999998
2 0.073242 0.26981 0.035156 0.10187999999999997
2 0.121095 0.301255 0.03514999999999999 0.10189000000000004
2 0.120115 0.46478 0.03125 0.09686000000000006
2 0.076172 0.44654 0.03125000000000001 0.09811999999999999
2 0.11914 0.63019 0.03319999999999999 0.09308000000000005
2 0.518555 0.93082 0.04100999999999999 0.047800000000000065
2 0.7783199999999999 0.9295599999999999 0.019540000000000002 0.040260000000000074
5 0.26416 0.436475 0.08885999999999997 0.017610000000000015
5 0.390135 0.436475 0.08887 0.017610000000000015
5 0.516115 0.438995 0.08887 0.01760999999999996
5 0.645995 0.437735 0.08887 0.017610000000000015
5 0.769045 0.438995 0.08887 0.01760999999999996
5 0.898435 0.436475 0.08789000000000002 0.017610000000000015
5 0.90088 0.6477949999999999 0.08885999999999994 0.017610000000000015
5 0.769045 0.6465449999999999 0.08887 0.017610000000000015
5 0.646485 0.645285 0.08789000000000002 0.017609999999999904
5 0.515625 0.6477949999999999 0.08789000000000002 0.017610000000000015
5 0.262695 0.6465449999999999 0.08789000000000002 0.017610000000000015
5 0.388675 0.6465449999999999 0.08789000000000002 0.017610000000000015
5 0.517575 0.8408800000000001 0.08203000000000005 0.01636000000000004
5 0.646485 0.8408800000000001 0.08203000000000005 0.01636000000000004
5 0.769045 0.84214 0.08301000000000003 0.013840000000000074
5 0.8974599999999999 0.844655 0.08398000000000005 0.013830000000000009
8 0.576175 0.81069 0.04296999999999995 0.056599999999999984
8 0.703125 0.80566 0.04296999999999995 0.056599999999999984
9 0.5742149999999999 0.28364500000000004 0.82617 0.06414999999999998
9 0.7275400000000001 0.69937 0.52148 0.03521999999999992
11 0.31592 0.7522 0.16504000000000002 0.027680000000000038
11 0.283205 0.8559749999999999 0.07030999999999998 0.16227000000000003
11 0.36084 0.854715 0.06933999999999996 0.16226999999999991
11 0.580565 0.9031450000000001 0.06933 0.09811000000000003
11 0.7075199999999999 0.9 0.06934000000000007 0.09938000000000002
11 0.21093499999999998 0.891825 0.05859 0.07799
11 0.89502 0.909435 0.05371999999999999 0.09559000000000006
11 0.89404 0.8534550000000001 0.04589999999999994 0.02893000000000001
11 0.8496049999999999 0.8786149999999999 0.025389999999999913 0.03898999999999997
11 0.8208 0.92201 0.028320000000000012 0.05786000000000002
