1 0.5023585 0.50048985 0.995283 0.9951203
2 0.505505 0.20654 0.14623000000000003 0.12988
2 0.21933999999999998 0.20751999999999998 0.14622 0.12987999999999997
2 0.790095 0.20751999999999998 0.14623000000000008 0.12987999999999997
2 0.806605 0.41748 0.14464999999999995 0.12988
2 0.503145 0.41455 0.14465000000000006 0.12988000000000005
2 0.224055 0.419435 0.14623 0.12988999999999995
2 0.215405 0.663085 0.15408999999999998 0.15234999999999999
2 0.5070749999999999 0.6640600000000001 0.15251000000000003 0.15234000000000003
2 0.796385 0.6640600000000001 0.15250999999999992 0.15234000000000003
3 0.1187105 0.916015 0.114779 0.15625
8 0.363995 0.0708015 0.07074999999999998 0.08105699999999999
8 0.64544 0.0708015 0.07075999999999993 0.08105699999999999
8 0.939465 0.0708015 0.07075000000000009 0.08105699999999999
8 0.0455975 0.06885000000000001 0.069183 0.08106000000000001
8 0.14151 0.048827999999999996 0.05346000000000001 0.041016
8 0.24057 0.0473635 0.05345999999999998 0.040039
8 0.45282999999999995 0.0473635 0.05346000000000001 0.040039
8 0.5534600000000001 0.050292500000000004 0.05345999999999995 0.040039
8 0.75629 0.0473635 0.05346000000000006 0.040039
8 0.83805 0.048827999999999996 0.05345999999999995 0.041016
9 0.5007858 0.057129549999999994 0.9858484 0.0966809
11 0.5000005 0.791015 0.971699 0.12890999999999997
11 0.577045 0.92334 0.70441 0.12988
