1 0.49544744999999996 0.4930355 0.9848251 0.974929
2 0.14188499999999998 0.158775 0.07738999999999999 0.08912999999999999
2 0.29666499999999996 0.16156 0.07739000000000001 0.08914000000000001
2 0.29666499999999996 0.33844 0.07739000000000001 0.08635999999999999
2 0.143395 0.33844 0.07739 0.08635999999999999
2 0.295145 0.52507 0.07739000000000001 0.08636000000000005
2 0.1365685 0.52507 0.07890300000000001 0.08636000000000005
2 0.601665 0.16573500000000002 0.07739000000000007 0.08635000000000001
2 0.756445 0.16434500000000002 0.07738999999999996 0.08913000000000001
2 0.6031850000000001 0.34262 0.07738999999999996 0.08914
2 0.759485 0.34540499999999996 0.07738999999999996 0.08912999999999999
2 0.600155 0.52925 0.07739000000000007 0.08914
2 0.756445 0.52925 0.07738999999999996 0.08914
2 0.756445 0.710305 0.07738999999999996 0.08913000000000004
2 0.603185 0.71309 0.08043 0.08914
2 0.29211 0.711695 0.08041999999999999 0.08635000000000004
2 0.1365685 0.710305 0.07890300000000001 0.08913000000000004
2 0.9028849999999999 0.20334 0.07890999999999992 0.10027999999999998
2 0.90288 0.35376 0.08498000000000006 0.06128
2 0.9044 0.533425 0.08498000000000006 0.06406999999999996
2 0.9059200000000001 0.715875 0.08194000000000001 0.08357000000000003
2 0.04400615 0.17131000000000002 0.07283769999999999 0.052919999999999995
2 0.0432474 0.34958 0.0743552 0.05291999999999997
2 0.045523350000000004 0.537605 0.0728373 0.055709999999999926
2 0.044764849999999995 0.70334 0.0713203 0.09192
2 0.473445 0.172705 0.039449999999999985 0.06685000000000002
2 0.471165 0.35514999999999997 0.04096999999999995 0.06963999999999998
2 0.471925 0.532035 0.039449999999999985 0.06684999999999997
2 0.472685 0.71309 0.040970000000000006 0.07800000000000007
2 0.40061 0.16713 0.03642000000000001 0.06128
2 0.39605500000000005 0.35237 0.03641 0.058499999999999996
2 0.3953 0.53064 0.03489999999999999 0.058499999999999996
2 0.39605500000000005 0.728415 0.03641 0.07521
2 0.38088 0.8690800000000001 0.039459999999999995 0.05013999999999996
2 0.5364150000000001 0.7200599999999999 0.016689999999999983 0.08077999999999996
2 0.537175 0.530645 0.015170000000000017 0.07521000000000005
2 0.53566 0.34819 0.015179999999999971 0.06686000000000003
2 0.534145 0.16713499999999998 0.01821000000000006 0.05571000000000001
3 0.8990849999999999 0.908075 0.08953 0.12812999999999997
6 0.443855 0.23259000000000002 0.22307000000000005 0.09192000000000003
6 0.443855 0.41922 0.22307000000000005 0.09192
6 0.44537 0.60446 0.22305999999999993 0.08914
6 0.442335 0.78969 0.22307 0.09192
6 0.89454 0.42618500000000004 0.18057999999999996 0.11698999999999998
6 0.89454 0.612815 0.18057999999999996 0.11698999999999993
6 0.8930199999999999 0.791085 0.18664000000000003 0.07799
6 0.8915 0.250695 0.18058000000000007 0.11699000000000001
6 0.0523519 0.22980499999999998 0.0925642 0.08635000000000001
6 0.048558250000000004 0.41364500000000004 0.0940815 0.08634999999999998
6 0.0470412 0.597495 0.0849776 0.08634999999999993
6 0.0477999 0.786905 0.0834602 0.07521
7 0.757965 0.14623999999999998 0.07434999999999992 0.047359999999999985
7 0.602425 0.679665 0.07891000000000004 0.022290000000000032
7 0.9044000000000001 0.512535 0.08194000000000001 0.016710000000000003
7 0.90516 0.715875 0.08042000000000005 0.07799
7 0.292865 0.710305 0.07586999999999999 0.08357000000000003
7 0.136572 0.710305 0.075876 0.08357000000000003
9 0.495446 0.04039 0.969648 0.058496000000000006
11 0.75797 0.796655 0.04703999999999997 0.04457
