1 0.49706249999999996 0.50236965 0.923675 0.9952607
2 0.27104 0.1303315 0.14286 0.156397
2 0.72994 0.1255915 0.14090000000000003 0.14691700000000002
2 0.17417 0.714455 0.1683 0.13981
2 0.1731915 0.413505 0.170257 0.14455
2 0.81507 0.40402499999999997 0.16634000000000004 0.13981000000000005
2 0.81996 0.70853 0.16437999999999997 0.14217999999999997
2 0.49315 0.689575 0.035219999999999974 0.09479000000000004
2 0.49412999999999996 0.388625 0.037179999999999935 0.09479000000000004
5 0.1702535 0.790285 0.195693 0.026070000000000038
5 0.176124 0.49288999999999994 0.19569199999999998 0.028439999999999965
5 0.49021499999999996 0.74052 0.06456999999999996 0.021320000000000006
6 0.800395 0.501185 0.31311 0.12559000000000003
7 0.179062 0.41706 0.158516 0.13269999999999998
7 0.8160449999999999 0.40758 0.16047 0.12322
9 0.4990215 0.263035 0.911937 0.10427
11 0.49022 0.87322 0.48727999999999994 0.07820000000000005
2 0.5137 0.133888 0.037180000000000046 0.07346399999999999
