1 0.516867 0.50076925 0.962306 0.9984615
2 0.406745 0.48614999999999997 0.12301000000000001 0.14153999999999994
2 0.74603 0.48307999999999995 0.12302000000000002 0.14153999999999994
2 0.742065 0.7230749999999999 0.11111000000000004 0.14461000000000002
2 0.401785 0.725385 0.11707000000000001 0.13693
2 0.1190465 0.725385 0.071427 0.11538999999999999
2 0.12301600000000001 0.48923 0.071428 0.11692000000000002
2 0.12103 0.26615500000000003 0.05952 0.07385000000000003
2 0.575395 0.24923 0.09921000000000002 0.09845999999999999
4 0.39881 0.633075 0.17857999999999996 0.0476899999999999
4 0.7400800000000001 0.631535 0.17858000000000007 0.04769000000000001
5 0.3998 0.5676950000000001 0.17262 0.030770000000000075
5 0.73909 0.561535 0.17262 0.030769999999999964
5 0.7371 0.8 0.17262 0.03076000000000001
5 0.39583 0.806155 0.17262 0.030770000000000075
6 0.1220245 0.583845 0.148811 0.11538999999999999
6 0.1180555 0.336155 0.148809 0.11538999999999999
6 0.1130975 0.854615 0.134925 0.16152999999999995
7 0.122024 0.259235 0.053571999999999995 0.05076999999999998
7 0.5754 0.24923 0.09523999999999999 0.09229999999999997
7 0.7400800000000001 0.94154 0.13492000000000004 0.09538000000000002
2 0.738095 0.94154 0.14285000000000003 0.10154000000000007
9 0.599205 0.33538 0.7738100000000001 0.08000000000000002
9 0.594245 0.86077 0.7996099999999999 0.04154000000000002
11 0.35516000000000003 0.9561550000000001 0.23810000000000003 0.08460999999999996
6 0.55754 0.113079 0.30952 0.063082
8 0.13491999999999998 0.034615200000000006 0.05157999999999999 0.05999960000000001
8 0.05555600000000001 0.20385 0.031746 0.06
8 0.19345 0.144616 0.08531999999999998 0.092308
4 0.57639 0.163075 0.27182000000000006 0.10769000000000001
