1 0.500675 0.49951328 0.99593 0.99707344
2 0.9132800000000001 0.356445 0.037939999999999974 0.05859000000000003
2 0.0799455 0.35497999999999996 0.040649 0.05565999999999999
2 0.911925 0.699705 0.062329999999999997 0.08691000000000004
2 0.91328 0.547365 0.06503999999999999 0.07519000000000009
2 0.085368 0.694335 0.06504399999999999 0.08789000000000002
2 0.0826555 0.5463899999999999 0.062329 0.07324000000000008
2 0.49390500000000004 0.333985 0.06369000000000002 0.09571000000000002
4 0.6443099999999999 0.63086 0.11517999999999995 0.06054000000000004
4 0.498645 0.6293949999999999 0.11111000000000004 0.061529999999999974
4 0.35095 0.6303749999999999 0.11381999999999998 0.05957000000000001
2 0.640245 0.69971 0.05554999999999999 0.07324000000000008
2 0.49661500000000003 0.69922 0.058270000000000044 0.07225999999999999
2 0.35433499999999996 0.698735 0.05826999999999999 0.07129000000000008
2 0.64092 0.5581050000000001 0.059620000000000006 0.07324999999999993
2 0.49526000000000003 0.557615 0.060980000000000034 0.07226999999999995
2 0.35297999999999996 0.5581050000000001 0.06097999999999998 0.07324999999999993
4 0.9126000000000001 0.625 0.12872000000000006 0.06445999999999996
4 0.07859000000000001 0.61914 0.13008 0.06054000000000004
4 0.0819775 0.49219 0.112465 0.03905999999999993
4 0.91531 0.49121499999999996 0.11246 0.03710999999999992
4 0.07384750000000001 0.29736 0.10162500000000001 0.057620000000000005
4 0.919375 0.29639 0.10163 0.057620000000000005
4 0.495935 0.194825 0.19783 0.07324999999999998
5 0.0792675 0.59131 0.11246500000000001 0.022459999999999924
5 0.91463 0.59424 0.11381999999999992 0.022459999999999924
5 0.6416 0.598635 0.08808000000000005 0.015630000000000033
5 0.49932 0.600585 0.08807999999999994 0.015630000000000033
5 0.352305 0.599125 0.08943000000000001 0.014650000000000052
5 0.08333499999999999 0.75586 0.11789 0.039059999999999984
5 0.91057 0.76074 0.11924000000000001 0.039059999999999984
5 0.501355 0.949705 0.09756999999999999 0.018550000000000066
2 0.5 0.90137 0.062340000000000007 0.08007999999999993
2 0.353655 0.90137 0.062329999999999997 0.08007999999999993
2 0.644985 0.90039 0.062329999999999997 0.08008000000000004
2 0.089433 0.8994150000000001 0.062334 0.08006999999999997
6 0.49457999999999996 0.75879 0.4851 0.04688000000000003
8 0.767615 0.6792 0.05013000000000001 0.11229999999999996
8 0.22357500000000002 0.6821299999999999 0.05149000000000001 0.10058
8 0.493225 0.083007 0.13009000000000004 0.060546
8 0.44715 0.171875 0.059620000000000006 0.07030999999999998
8 0.54065 0.177735 0.059620000000000006 0.07030999999999998
8 0.34282 0.183595 0.054200000000000026 0.07813
8 0.6443099999999999 0.18408000000000002 0.05013999999999996 0.08106
8 0.22629 0.342285 0.04336000000000001 0.09472999999999998
8 0.75881 0.34424 0.043360000000000065 0.09472000000000003
8 0.22899999999999998 0.47802500000000003 0.0542 0.030269999999999964
8 0.76423 0.479495 0.054200000000000026 0.03125
8 0.23103 0.855955 0.052840000000000026 0.07715000000000005
8 0.765585 0.859375 0.051489999999999925 0.07813000000000003
8 0.33875 0.25244 0.059620000000000006 0.01856000000000002
8 0.65041 0.25195 0.059620000000000006 0.01758000000000004
9 0.50135505 0.424805 0.9864499 0.09765000000000001
9 0.50270755 0.8037099999999999 0.9864449 0.050779999999999936
10 0.275065 0.611325 0.024390000000000023 0.18358999999999992
10 0.424115 0.6147450000000001 0.024389999999999967 0.18652999999999997
10 0.570465 0.6147450000000001 0.024389999999999912 0.18847000000000003
10 0.7195149999999999 0.61328 0.024390000000000023 0.18553999999999993
10 0.42140500000000003 0.325685 0.018969999999999987 0.10448999999999997
10 0.569105 0.327145 0.018970000000000042 0.10547000000000001
10 0.42005499999999996 0.391115 0.04065000000000002 0.026370000000000005
10 0.567755 0.393555 0.040650000000000075 0.027349999999999985
10 0.42073000000000005 0.268065 0.023040000000000005 0.008789999999999965
10 0.56843 0.270015 0.02303999999999995 0.008789999999999965
10 0.27371 0.509765 0.04336000000000001 0.019530000000000047
10 0.422085 0.511715 0.04200999999999999 0.019530000000000047
10 0.57114 0.510745 0.04200000000000004 0.019530000000000047
10 0.72087 0.510745 0.043360000000000065 0.019530000000000047
10 0.27439 0.719235 0.04199999999999998 0.03222999999999998
10 0.424115 0.72217 0.04065000000000002 0.028320000000000012
10 0.570465 0.72461 0.040650000000000075 0.029299999999999993
10 0.721545 0.71973 0.03929000000000005 0.029299999999999993
