2 0.18499500000000002 0.229495 0.10652999999999999 0.08202999999999996
2 0.388885 0.23144499999999998 0.10653000000000001 0.08202999999999999
2 0.592785 0.23242 0.10653000000000001 0.08007999999999998
2 0.793245 0.23096 0.11111000000000004 0.07909999999999998
2 0.194155 0.419925 0.11110999999999999 0.11133000000000004
2 0.40206 0.418945 0.11225999999999997 0.11132999999999998
2 0.613405 0.41846 0.11111000000000004 0.10840000000000005
2 0.823025 0.418945 0.11341000000000001 0.11132999999999998
2 0.19587500000000002 0.619625 0.11224999999999999 0.11034999999999995
2 0.404355 0.62012 0.10997000000000001 0.10742000000000007
2 0.61226 0.620605 0.10882000000000003 0.10838999999999999
2 0.823025 0.621585 0.11111000000000004 0.11035000000000006
1 0.50057275 0.50146485 0.9988545 0.9970703
2 0.786945 0.01757835 0.06872999999999996 0.0292973
2 0.5853349999999999 0.0185546 0.06873000000000007 0.029296800000000005
2 0.191295 0.875 0.16037 0.19921999999999995
2 0.390605 0.87402 0.16037 0.19921999999999995
2 0.5933550000000001 0.87402 0.16037 0.19921999999999995
2 0.79038 0.873535 0.15578000000000003 0.19824999999999993
2 0.9364250000000001 0.89307 0.049249999999999905 0.15918
2 0.0481095 0.8950199999999999 0.045819 0.15918
4 0.184425 0.186035 0.11454999999999999 0.04199
4 0.38831499999999997 0.186035 0.11454999999999999 0.04199
4 0.58992 0.187985 0.11454000000000009 0.04199
4 0.79725 0.187015 0.11453999999999998 0.04199
6 0.19301500000000002 0.30078000000000005 0.12257000000000001 0.04102
6 0.403205 0.30078000000000005 0.12370999999999999 0.04102
6 0.611685 0.30127000000000004 0.12370999999999999 0.04199999999999998
8 0.044101 0.20215 0.08362 0.1543
8 0.93929 0.20215 0.08248 0.1543
8 0.28923 0.205565 0.04237999999999997 0.04394999999999999
8 0.49255499999999997 0.20459 0.04353000000000001 0.04394000000000001
8 0.6941550000000001 0.206545 0.04352999999999996 0.04394999999999999
2 0.38717 0.061523499999999995 0.04124 0.027343
2 0.584765 0.06347649999999999 0.03781000000000001 0.027342999999999992
2 0.78522 0.0629885 0.037799999999999945 0.026367
8 0.195305 0.5200199999999999 0.035509999999999986 0.028320000000000012
8 0.40607499999999996 0.52197 0.035509999999999986 0.028320000000000012
8 0.615695 0.521485 0.03550999999999993 0.027349999999999985
8 0.82474 0.52295 0.03436000000000006 0.028320000000000012
6 0.8236 0.299805 0.12142000000000008 0.04100999999999999
9 0.49942915000000004 0.0849595 0.9828217 0.033200999999999994
9 0.4994287 0.0385745 0.9874025999999999 0.026366999999999998
9 0.5057269999999999 0.279295 0.967926 0.027349999999999985
9 0.49656500000000003 0.736815 0.96793 0.043949999999999934
