2 0.229165 0.47363 0.08333000000000002 0.09180000000000005
2 0.41862 0.47412 0.08463999999999999 0.09082000000000007
2 0.23046499999999998 0.666015 0.09374999999999997 0.11133000000000004
2 0.42057500000000003 0.666015 0.09634999999999999 0.11133000000000004
2 0.61198 0.666015 0.09636 0.11133000000000004
2 0.804035 0.666015 0.09504999999999997 0.11133000000000004
2 0.7988299999999999 0.47265499999999994 0.08463999999999994 0.09178999999999998
2 0.608725 0.47363 0.08462999999999998 0.08983999999999998
3 0.617185 0.9057649999999999 0.10677000000000003 0.13378999999999996
3 0.23112 0.89697 0.08464000000000002 0.13574000000000008
2 0.426435 0.8862300000000001 0.11588999999999999 0.10643999999999998
2 0.81185 0.887205 0.12109999999999999 0.10448999999999997
1 0.48502605 0.654295 0.9674479 0.6386700000000001
2 0.042317600000000004 0.47461 0.0794268 0.09180000000000005
9 0.47916709999999996 0.37744 0.9531258 0.0791
9 0.47851604999999997 0.529785 0.9544279 0.028330000000000077
9 0.4843752 0.75928 0.9557296 0.028320000000000012
11 0.436195 0.8261700000000001 0.054690000000000016 0.04491999999999996
11 0.8229150000000001 0.82471 0.054690000000000016 0.04589999999999994
11 0.147785 0.8862300000000001 0.04037000000000002 0.041999999999999926
11 0.31901 0.88916 0.041659999999999975 0.03808
