2 0.21159 0.19335999999999998 0.04558000000000001 0.06836
2 0.321615 0.19385 0.04687000000000002 0.06934000000000001
2 0.21419 0.33545 0.04818 0.07324000000000003
2 0.322915 0.33545 0.04686999999999997 0.07324000000000003
2 0.21419 0.47753999999999996 0.04818 0.07811999999999997
2 0.322915 0.47851499999999997 0.04686999999999997 0.08006999999999997
2 0.21419 0.62451 0.04818 0.07909999999999995
2 0.322915 0.62451 0.04686999999999997 0.07909999999999995
2 0.236325 0.78467 0.04557 0.08106000000000002
2 0.301435 0.78467 0.04557 0.08106000000000002
4 0.21289 0.424315 0.08983999999999998 0.020510000000000028
4 0.322265 0.424315 0.08985000000000004 0.018549999999999955
2 0.26888 0.9370149999999999 0.11327999999999996 0.07128999999999996
3 0.47721500000000006 0.897945 0.10547000000000001 0.19629000000000008
2 0.49934500000000004 0.6074200000000001 0.10547000000000001 0.08398000000000005
2 0.498695 0.45116999999999996 0.10417000000000004 0.08398
2 0.45377500000000004 0.331545 0.04816999999999999 0.06542999999999999
2 0.51823 0.331545 0.04687999999999998 0.06542999999999999
2 0.48502999999999996 0.194825 0.11327999999999999 0.06933
2 0.64974 0.19434 0.04688000000000003 0.06836
2 0.757815 0.194825 0.04686999999999997 0.06739
2 0.64974 0.335935 0.04688000000000003 0.07227
2 0.758465 0.335935 0.048169999999999935 0.07030999999999998
2 0.6510400000000001 0.47851499999999997 0.04687999999999992 0.08006999999999997
2 0.759765 0.47803 0.048170000000000046 0.07910000000000006
2 0.6516949999999999 0.62451 0.04557 0.07909999999999995
2 0.7604150000000001 0.6230450000000001 0.04687000000000008 0.07812999999999992
4 0.65169 0.424315 0.08983999999999992 0.018549999999999955
4 0.76172 0.425295 0.08853999999999995 0.01855000000000001
4 0.65169 0.561035 0.08983999999999992 0.016609999999999903
4 0.76172 0.561525 0.08853999999999995 0.01562999999999992
2 0.677735 0.78369 0.048170000000000046 0.08105999999999991
2 0.74349 0.78369 0.04688000000000003 0.08105999999999991
2 0.71419 0.93652 0.11328000000000005 0.06835999999999998
1 0.491535 0.535646 0.67057 0.924808
5 0.21159 0.234865 0.06119999999999998 0.02051
5 0.322265 0.236325 0.06119000000000002 0.019529999999999992
5 0.64974 0.237305 0.059900000000000064 0.01953000000000002
5 0.759765 0.237305 0.06118999999999997 0.01953000000000002
5 0.48698 0.237795 0.12760000000000005 0.01855000000000001
2 0.046224 0.273925 0.045572 0.07715
2 0.884115 0.24023500000000003 0.049470000000000014 0.07031000000000001
2 0.8854150000000001 0.378905 0.04687000000000008 0.07030999999999998
2 0.8860699999999999 0.52783 0.04818 0.08105999999999997
4 0.32422 0.56006 0.09636 0.01855999999999991
4 0.216145 0.561035 0.09634999999999999 0.018549999999999955
5 0.21419 0.5341750000000001 0.08723999999999998 0.03711000000000009
5 0.32487 0.534665 0.08723999999999998 0.03809000000000007
5 0.76107 0.535155 0.08723999999999998 0.03711000000000009
5 0.65039 0.534665 0.08723999999999998 0.03809000000000007
5 0.21419 0.6738299999999999 0.08723999999999998 0.023440000000000016
5 0.32422 0.674805 0.08594000000000002 0.023430000000000062
5 0.76237 0.6738299999999999 0.08723999999999998 0.023440000000000016
5 0.652995 0.6738299999999999 0.08722999999999992 0.023440000000000016
5 0.044922 0.317875 0.06901 0.014649999999999996
4 0.046875 0.22217 0.07291600000000001 0.028320000000000012
4 0.8893249999999999 0.45752000000000004 0.09635000000000005 0.05175999999999997
4 0.88737 0.31299 0.09766000000000008 0.04980000000000001
4 0.884765 0.1875 0.09504999999999997 0.039059999999999984
5 0.88607 0.57324 0.08723999999999998 0.015619999999999967
5 0.5 0.52197 0.125 0.061520000000000075
5 0.49934500000000004 0.665525 0.11849000000000004 0.036129999999999995
6 0.49804499999999996 0.344725 0.17839 0.04100999999999999
8 0.47721499999999994 0.808595 0.16014999999999996 0.07226999999999995
9 0.49478999999999995 0.70801 0.65886 0.02734000000000003
9 0.492185 0.853025 0.6588499999999999 0.026370000000000005
11 0.585935 0.907715 0.028650000000000064 0.04199000000000008
