1 0.5022758 0.49462655 0.9863284 0.9853468999999999
2 0.126425 0.21875 0.05011 0.08398000000000003
2 0.19704 0.21679500000000002 0.05012 0.08399000000000001
2 0.394645 0.225095 0.07175000000000004 0.08301
2 0.505695 0.22509500000000002 0.05011000000000004 0.08105000000000001
2 0.571755 0.22509500000000002 0.05010999999999999 0.08105000000000001
2 0.6822349999999999 0.225585 0.05010999999999999 0.08202999999999999
2 0.74943 0.22704999999999997 0.05012000000000005 0.08106
2 0.85763 0.226075 0.05011999999999994 0.08105000000000001
2 0.9271050000000001 0.225585 0.05010999999999999 0.08202999999999999
2 0.39407499999999995 0.387205 0.07061 0.08300999999999997
2 0.503415 0.38916 0.05010999999999999 0.08496000000000004
2 0.5706150000000001 0.38866999999999996 0.05010999999999999 0.08398
2 0.68337 0.388185 0.05012000000000005 0.08301000000000003
2 0.74943 0.388185 0.05012000000000005 0.08301000000000003
2 0.8610450000000001 0.388185 0.05010999999999999 0.08301000000000003
2 0.9242600000000001 0.38916 0.05125999999999997 0.08299999999999996
2 0.393505 0.549315 0.07174999999999998 0.08301000000000003
2 0.505695 0.548825 0.05011000000000004 0.08203000000000005
2 0.5706150000000001 0.549315 0.05010999999999999 0.08105000000000007
2 0.6822349999999999 0.549315 0.05010999999999999 0.08301000000000003
2 0.74829 0.550295 0.05011999999999994 0.08105000000000007
2 0.8582000000000001 0.549805 0.05125999999999997 0.08203000000000005
2 0.92597 0.550785 0.05012000000000005 0.08203000000000005
2 0.16344 0.38427500000000003 0.08313999999999999 0.08300999999999997
2 0.16172999999999998 0.54785 0.08199999999999999 0.08398000000000005
2 0.18280000000000002 0.722655 0.09225999999999998 0.08399000000000001
2 0.40376 0.721195 0.06720000000000004 0.08301000000000003
2 0.5165150000000001 0.720215 0.04440999999999995 0.08300999999999992
2 0.57574 0.720215 0.046699999999999964 0.08300999999999992
2 0.6913400000000001 0.720215 0.045559999999999934 0.08300999999999992
2 0.74886 0.720215 0.046699999999999964 0.08300999999999992
2 0.92654 0.7192350000000001 0.046699999999999964 0.08300999999999992
2 0.86503 0.720215 0.044420000000000015 0.08300999999999992
2 0.515375 0.87207 0.046689999999999954 0.08983999999999992
2 0.57289 0.87256 0.045560000000000045 0.09278000000000008
2 0.689635 0.873535 0.0466899999999999 0.09083000000000008
2 0.74658 0.8730500000000001 0.046699999999999964 0.09179999999999999
2 0.8667400000000001 0.87256 0.045559999999999934 0.09278000000000008
2 0.92369 0.87256 0.045560000000000045 0.09278000000000008
4 0.1509115 0.301265 0.19931700000000002 0.07128999999999996
5 0.170275 0.799315 0.13781 0.05760999999999994
5 0.396925 0.79785 0.08768999999999999 0.06053999999999993
5 0.538725 0.796875 0.12073 0.05858999999999992
5 0.715835 0.796875 0.11959000000000009 0.05858999999999992
5 0.892935 0.796875 0.11845000000000006 0.05858999999999992
8 0.16116 0.141115 0.11276000000000001 0.024410000000000015
8 0.39180000000000004 0.14795 0.14806000000000002 0.026359999999999995
8 0.538155 0.148925 0.13781000000000004 0.026370000000000005
8 0.715835 0.14941500000000002 0.1423700000000001 0.02929000000000001
8 0.892935 0.1499 0.14122999999999997 0.028320000000000012
8 0.395215 0.470215 0.07517000000000001 0.05174999999999996
8 0.5381549999999999 0.470215 0.12187000000000003 0.05174999999999996
8 0.715265 0.470215 0.12073 0.05174999999999996
8 0.8923650000000001 0.46973 0.11958999999999997 0.05077999999999999
8 0.16172999999999998 0.4668 0.08428 0.05077999999999999
5 0.392935 0.598635 0.07289000000000001 0.019530000000000047
5 0.503985 0.598145 0.05580999999999997 0.020510000000000028
5 0.570615 0.598635 0.054669999999999996 0.019530000000000047
5 0.6822349999999999 0.598635 0.05239000000000005 0.019530000000000047
5 0.747725 0.598635 0.053529999999999966 0.019530000000000047
5 0.858205 0.5991200000000001 0.05353000000000008 0.01856000000000002
5 0.92483 0.59961 0.0524 0.01758000000000004
5 0.1623 0.5981449999999999 0.0877 0.018549999999999955
8 0.14863500000000002 0.0507815 0.06947 0.05664100000000001
8 0.14009 0.08984400000000001 0.013660000000000005 0.013672000000000004
9 0.5062655 0.626465 0.971529 0.030269999999999908
11 0.40148 0.87256 0.07176000000000005 0.09278000000000008
11 0.177105 0.87939 0.12415000000000001 0.10254000000000008
9 0.5085445000000001 0.100099 0.971531 0.04590200000000001
