1 0.49560328000000003 0.49948835 0.98925344 0.9969233
2 0.0810545 0.15349 0.025390999999999997 0.077
2 0.118165 0.152975 0.027350000000000013 0.07802999999999999
2 0.101073 0.32186499999999996 0.06347400000000002 0.08727000000000001
2 0.23633 0.325975 0.035160000000000025 0.08727000000000001
2 0.299315 0.32545999999999997 0.03808999999999996 0.08829999999999999
2 0.236815 0.159135 0.036129999999999995 0.07802999999999999
2 0.299805 0.159135 0.037109999999999976 0.07802999999999999
2 0.4082 0.15965 0.039059999999999984 0.077
2 0.48877 0.15965 0.040039999999999965 0.077
2 0.56787 0.15965 0.040040000000000076 0.077
2 0.40869 0.325975 0.03808 0.08727000000000001
2 0.48877 0.325975 0.040039999999999965 0.08727000000000001
2 0.56836 0.32649 0.039059999999999984 0.08623999999999998
2 0.6762699999999999 0.15914 0.03808 0.07598
2 0.739745 0.15914 0.03808999999999996 0.07598
2 0.677245 0.32649 0.03808999999999996 0.08623999999999998
2 0.73926 0.325975 0.039059999999999984 0.08727000000000001
2 0.680665 0.6704300000000001 0.04100999999999999 0.08213999999999999
2 0.743165 0.669405 0.04100999999999999 0.08213000000000004
2 0.740725 0.494355 0.03808999999999996 0.09136999999999995
2 0.677735 0.494865 0.03906999999999994 0.09034999999999999
2 0.5708 0.670945 0.04393999999999998 0.07905000000000006
2 0.49121 0.6704300000000001 0.041019999999999945 0.08008000000000004
2 0.570315 0.494865 0.04296999999999995 0.09034999999999999
2 0.489745 0.494865 0.036129999999999995 0.09034999999999999
2 0.40967 0.49538000000000004 0.04004000000000002 0.09138000000000007
2 0.299805 0.494865 0.037109999999999976 0.09034999999999999
2 0.23828500000000002 0.49538000000000004 0.037110000000000004 0.09138000000000007
2 0.240725 0.670945 0.03809000000000001 0.08111000000000002
2 0.301755 0.670945 0.037109999999999976 0.08111000000000002
2 0.41064 0.67146 0.040039999999999965 0.08008000000000004
2 0.24268 0.8424050000000001 0.04003999999999999 0.09343000000000001
2 0.30469 0.8429150000000001 0.039059999999999984 0.09445000000000003
2 0.410645 0.841375 0.045889999999999986 0.09549000000000007
2 0.57568 0.840865 0.040039999999999965 0.09650999999999998
2 0.68164 0.8429150000000001 0.039059999999999984 0.09445000000000003
2 0.743165 0.84343 0.037109999999999976 0.09548000000000001
2 0.102051 0.491785 0.06347799999999999 0.09034999999999999
2 0.08496100000000001 0.6668400000000001 0.02539000000000001 0.08316000000000001
2 0.12304999999999999 0.66735 0.023440000000000003 0.0821400000000001
2 0.104493 0.835215 0.06445400000000001 0.10985
2 0.86426 0.154515 0.02734000000000003 0.07494999999999999
2 0.9033199999999999 0.154515 0.029299999999999993 0.07494999999999999
2 0.88086 0.32341 0.06445999999999996 0.08624000000000004
2 0.8828149999999999 0.49434999999999996 0.06445000000000001 0.08932000000000001
2 0.864745 0.66838 0.026370000000000005 0.08213999999999999
2 0.90283 0.66838 0.028320000000000012 0.08008000000000004
2 0.889645 0.835215 0.07030999999999998 0.10985
4 0.24120999999999998 0.42916 0.056639999999999996 0.03902
4 0.30566 0.42813 0.056640000000000024 0.03695999999999999
4 0.6831050000000001 0.428645 0.061529999999999974 0.03593000000000002
4 0.7480450000000001 0.428135 0.05859000000000003 0.03491
4 0.49707 0.39887 0.11328000000000005 0.04413999999999996
4 0.102541 0.404005 0.12695800000000002 0.07494999999999996
4 0.895995 0.41068 0.12989000000000006 0.08213999999999999
4 0.1049785 0.225875 0.083003 0.09035000000000001
4 0.9008799999999999 0.227925 0.10058 0.09650999999999998
4 0.410155 0.42761499999999997 0.05859000000000003 0.037990000000000024
4 0.58057 0.42556499999999997 0.057620000000000005 0.037990000000000024
5 0.099609 0.201235 0.09570200000000001 0.02259
5 0.234375 0.20995999999999998 0.06641 0.03181999999999999
5 0.30078 0.212015 0.06054000000000004 0.02976999999999999
5 0.410155 0.212015 0.06445000000000001 0.023609999999999992
5 0.7421850000000001 0.21098499999999998 0.06445000000000001 0.023609999999999992
5 0.6782250000000001 0.21047 0.06542999999999999 0.024639999999999995
5 0.575685 0.212525 0.053709999999999924 0.02259
5 0.270015 0.387065 0.12207000000000001 0.041069999999999995
5 0.7094750000000001 0.387065 0.12207000000000001 0.041069999999999995
5 0.570805 0.38655 0.05957000000000001 0.040039999999999965
5 0.409665 0.38963000000000003 0.05957000000000001 0.04004000000000002
5 0.490725 0.38244 0.05957000000000001 0.027719999999999967
5 0.23828 0.5482549999999999 0.056639999999999996 0.02259
5 0.30176000000000003 0.54928 0.05663999999999997 0.022580000000000044
5 0.74365 0.5482549999999999 0.06347999999999998 0.020530000000000048
5 0.67969 0.548765 0.0625 0.019510000000000027
5 0.88574 0.718685 0.08984000000000003 0.02259
5 0.10546849999999999 0.7171449999999999 0.089843 0.02361000000000002
5 0.24169999999999997 0.71869 0.05761999999999998 0.01847999999999994
5 0.30273 0.71869 0.056640000000000024 0.01847999999999994
5 0.41406 0.71766 0.05663999999999997 0.01847999999999994
5 0.57373 0.71869 0.057620000000000005 0.01847999999999994
5 0.74365 0.7197100000000001 0.057620000000000005 0.01847999999999994
5 0.6831050000000001 0.7197100000000001 0.05761000000000005 0.01847999999999994
5 0.24218499999999998 0.89733 0.06054999999999999 0.01847999999999994
5 0.304685 0.8988700000000001 0.06054999999999999 0.019499999999999962
5 0.10546649999999999 0.897845 0.08788699999999999 0.019509999999999916
5 0.41211 0.8952800000000001 0.06053999999999998 0.01847999999999994
5 0.578125 0.89733 0.060550000000000104 0.01847999999999994
5 0.683595 0.896815 0.06054999999999999 0.017449999999999966
5 0.748535 0.89836 0.061529999999999974 0.01847999999999994
5 0.88965 0.897845 0.08984000000000003 0.017449999999999966
6 0.49951 0.22279 0.11426000000000003 0.09240000000000001
6 0.88672 0.55185 0.08008000000000004 0.027720000000000078
6 0.1030265 0.5508200000000001 0.083007 0.02978000000000003
6 0.512205 0.589835 0.32715000000000005 0.15093
6 0.824705 0.0077002 0.036129999999999995 0.011293599999999999
6 0.941405 0.0092404 0.04100999999999999 0.0102672
8 0.8837900000000001 0.0749485 0.09179999999999999 0.028747
8 0.1035135 0.072382 0.08593300000000001 0.025668000000000003
8 0.1875 0.113964 0.025399999999999978 0.133472
8 0.014648350000000001 0.1401415 0.0234373 0.089317
8 0.356445 0.11344699999999999 0.025390000000000024 0.142706
8 0.624025 0.11755399999999999 0.025389999999999913 0.134492
8 0.797855 0.112424 0.025390000000000024 0.136552
8 0.9716800000000001 0.1119105 0.025399999999999978 0.137579
8 0.45654 0.85267 0.022460000000000035 0.14066
8 0.5415000000000001 0.84959 0.022460000000000035 0.14066
8 0.49658 0.78234 0.057620000000000005 0.057499999999999996
8 0.49658499999999994 0.732545 0.21386999999999995 0.05031000000000008
9 0.4951181 0.5893200000000001 0.9824238000000001 0.055440000000000045
9 0.49609295 0.23768 0.9785140999999999 0.09548000000000001
9 0.49706795 0.053387949999999997 0.9804641 0.0924021
9 0.49609155000000005 0.929155 0.9882769 0.014369999999999994
10 0.37256 0.874745 0.016600000000000004 0.07803000000000004
10 0.61768 0.873715 0.016599999999999948 0.07803000000000004
10 0.618165 0.9199200000000001 0.02149000000000001 0.012319999999999998
10 0.373535 0.91838 0.020510000000000028 0.009240000000000026
10 0.37158 0.82033 0.028320000000000012 0.03079999999999994
10 0.6196299999999999 0.8192999999999999 0.028320000000000012 0.03080000000000005
10 0.840335 0.49692000000000003 0.01464999999999994 0.07392000000000004
10 0.931155 0.49743499999999996 0.01464999999999994 0.07495000000000002
10 0.8398399999999999 0.54928 0.01758000000000004 0.03079999999999994
10 0.93164 0.5503100000000001 0.01758000000000004 0.03080000000000005
10 0.840335 0.45123 0.020509999999999917 0.015400000000000025
10 0.93164 0.45277500000000004 0.021479999999999944 0.01643
10 0.9282250000000001 0.328545 0.012689999999999979 0.09034999999999999
10 0.8373999999999999 0.327515 0.012700000000000045 0.09035000000000004
10 0.8369150000000001 0.389115 0.01366999999999996 0.03284999999999999
10 0.928715 0.38244500000000003 0.01366999999999996 0.01745000000000002
10 0.83789 0.27464 0.015619999999999967 0.01539999999999997
10 0.92822 0.27566999999999997 0.01660000000000006 0.015400000000000025
10 0.0561525 0.51078 0.012694999999999998 0.10369999999999996
10 0.14795 0.509755 0.012699999999999989 0.10369
10 0.055664000000000005 0.447635 0.02148400000000001 0.02259
10 0.14697500000000002 0.447635 0.02051 0.02259
10 0.0546875 0.273615 0.017579000000000004 0.013349999999999973
10 0.14648499999999998 0.273615 0.017570000000000002 0.013349999999999973
10 0.0546875 0.34189 0.013671000000000003 0.12320000000000003
10 0.146485 0.34189 0.013670000000000015 0.12320000000000003
3 0.49365000000000003 0.89168 0.05566000000000004 0.17145999999999995
