1 0.4846008 0.50000115 0.9655784 0.9954977
2 0.26268 0.745495 0.028980000000000034 0.08109
2 0.26087 0.56757 0.028980000000000006 0.08108000000000004
2 0.26268 0.38739 0.028980000000000034 0.07657999999999998
2 0.26449500000000004 0.20721 0.028990000000000016 0.07658000000000001
2 0.57065 0.204955 0.028980000000000006 0.07657
2 0.52536 0.201575 0.043480000000000074 0.07433000000000001
2 0.52536 0.38626 0.043480000000000074 0.08333999999999997
2 0.52808 0.565315 0.04166000000000003 0.09009
2 0.531705 0.74775 0.04529000000000005 0.09909999999999997
2 0.5742750000000001 0.739865 0.02898999999999996 0.07882999999999996
2 0.57518 0.56081 0.027179999999999982 0.07657999999999998
2 0.57246 0.38063 0.025359999999999938 0.08107999999999999
2 0.696555 0.209455 0.07064999999999999 0.09009
2 0.8097799999999999 0.377255 0.07246000000000008 0.09684999999999999
2 0.8115950000000001 0.55631 0.07246999999999992 0.09909999999999997
2 0.8134049999999999 0.7342299999999999 0.07246999999999992 0.09910000000000008
2 0.898555 0.737615 0.05797000000000008 0.10135000000000005
2 0.89402 0.559685 0.05615999999999999 0.10585
2 0.8931150000000001 0.38626 0.05435000000000001 0.11036000000000001
2 0.948365 0.41104 0.02354999999999996 0.11036000000000001
2 0.94837 0.5765750000000001 0.027179999999999982 0.11260999999999999
2 0.95109 0.746625 0.02536000000000005 0.10135000000000005
2 0.13587 0.75788 0.028979999999999992 0.10586000000000007
2 0.13768 0.5731999999999999 0.028980000000000006 0.09233999999999998
2 0.136775 0.39076500000000003 0.030789999999999998 0.08332999999999996
2 0.130435 0.204955 0.025370000000000004 0.07207000000000002
2 0.0815215 0.20045000000000002 0.043477 0.07658000000000001
2 0.0389495 0.75788 0.030797 0.10586000000000007
2 0.378625 0.67117 0.09782999999999997 0.11712
2 0.378625 0.49662 0.09782999999999997 0.13288
2 0.37590500000000004 0.36711499999999997 0.09600999999999998 0.04504999999999998
2 0.37046999999999997 0.20721 0.10688000000000003 0.0991
2 0.621375 0.399775 0.03261000000000003 0.04729
2 0.621375 0.5777000000000001 0.03261000000000003 0.04730000000000001
2 0.619565 0.2241 0.03261000000000003 0.04730000000000001
2 0.626815 0.75563 0.03261000000000003 0.04730000000000001
2 0.621375 0.34572 0.03261000000000003 0.03377999999999998
2 0.61866 0.17342000000000002 0.03079999999999994 0.022520000000000012
2 0.625 0.522525 0.028980000000000006 0.03153000000000006
2 0.628625 0.6993199999999999 0.02899000000000007 0.029280000000000084
6 0.54076 0.25563 0.21557999999999994 0.06531999999999999
6 0.544385 0.45833 0.20832999999999996 0.09233999999999992
6 0.54801 0.63626 0.21195999999999998 0.08784000000000003
6 0.5462 0.81982 0.21557999999999994 0.07658000000000009
6 0.10054239999999999 0.648645 0.1902152 0.09009
6 0.0987316 0.46734000000000003 0.19021680000000002 0.08784000000000003
6 0.10869319999999999 0.279275 0.2028936 0.09009
2 0.680255 0.0912155 0.030789999999999984 0.020268999999999995
9 0.38224739999999996 0.13626 0.7536252 0.0563
11 0.759965 0.950455 0.16122999999999998 0.09009
11 0.93388 0.947075 0.03803999999999996 0.0968500000000001
