1 0.795035 0.569325 0.34375 0.8319300000000001
1 0.196693 0.563025 0.363974 0.86975
1 0.50735 0.560925 0.23162000000000005 0.84453
2 0.69118 0.34558500000000003 0.04044000000000003 0.07773000000000002
2 0.745405 0.347685 0.03861000000000003 0.07773000000000002
2 0.83272 0.34558500000000003 0.04044000000000003 0.07773000000000002
2 0.88695 0.34558500000000003 0.03859999999999997 0.07773000000000002
2 0.88695 0.477945 0.03859999999999997 0.07772999999999997
2 0.83456 0.477945 0.04044000000000003 0.07772999999999997
2 0.74632 0.477945 0.04044000000000003 0.07772999999999997
2 0.6930149999999999 0.477945 0.040449999999999986 0.07772999999999997
2 0.88971 0.608195 0.04044000000000003 0.07772999999999997
2 0.8336399999999999 0.608195 0.03860000000000008 0.07772999999999997
2 0.74632 0.610295 0.04044000000000003 0.07772999999999997
2 0.6930149999999999 0.610295 0.040449999999999986 0.07772999999999997
2 0.88971 0.742645 0.04044000000000003 0.07773000000000008
2 0.83456 0.741595 0.04044000000000003 0.07563000000000009
2 0.7481599999999999 0.742645 0.04043999999999992 0.07773000000000008
2 0.692095 0.742645 0.03861000000000003 0.07773000000000008
2 0.5882350000000001 0.207985 0.04410999999999998 0.07983000000000001
2 0.5330900000000001 0.207985 0.04043999999999992 0.07983000000000001
2 0.48161999999999994 0.21113500000000002 0.040439999999999976 0.07773
2 0.42647 0.212185 0.040439999999999976 0.07982999999999998
2 0.42555 0.34348500000000004 0.03860000000000002 0.07773000000000002
2 0.47978 0.34243500000000004 0.040439999999999976 0.07983000000000001
2 0.53401 0.34243500000000004 0.03859999999999997 0.07983000000000001
2 0.587315 0.340335 0.03861000000000003 0.07982999999999996
2 0.589155 0.47269 0.03861000000000003 0.07984000000000002
2 0.5330900000000001 0.47479 0.04043999999999992 0.07984000000000002
2 0.48161999999999994 0.47479 0.040439999999999976 0.07984000000000002
2 0.42555 0.47689000000000004 0.03860000000000002 0.07983999999999997
2 0.5873200000000001 0.607145 0.042279999999999984 0.07982999999999996
2 0.53217 0.607145 0.042279999999999984 0.07982999999999996
2 0.47886 0.609245 0.042279999999999984 0.07982999999999996
2 0.42463 0.609245 0.04044000000000003 0.07982999999999996
2 0.42279 0.744745 0.04044000000000003 0.07773000000000008
2 0.47794000000000003 0.743695 0.040439999999999976 0.07983000000000007
2 0.53493 0.744745 0.04044000000000003 0.07773000000000008
2 0.5864 0.743695 0.04044000000000003 0.07983000000000007
2 0.689335 0.20483 0.029410000000000047 0.04832
2 0.743565 0.20483 0.03125 0.04832
2 0.830885 0.20483 0.029409999999999936 0.04832
2 0.885115 0.20483 0.03125 0.04832
2 0.0992625 0.213235 0.022055000000000005 0.06093000000000001
2 0.13235 0.217435 0.02206000000000001 0.06093000000000001
2 0.18934 0.215335 0.022059999999999996 0.05673
2 0.22059 0.214285 0.022059999999999996 0.05882999999999999
2 0.28125 0.212185 0.02205999999999997 0.05883000000000002
2 0.3125 0.212185 0.02205999999999997 0.05883000000000002
2 0.0965095 0.33823499999999995 0.023901000000000006 0.07983000000000001
2 0.12959500000000002 0.33928499999999995 0.023889999999999995 0.08193
2 0.18658000000000002 0.33613499999999996 0.023900000000000005 0.07983000000000001
2 0.21783000000000002 0.33823499999999995 0.023900000000000005 0.07983000000000001
2 0.27849 0.33613499999999996 0.023899999999999977 0.07983000000000001
2 0.31066 0.33613499999999996 0.02205999999999997 0.07983000000000001
2 0.276655 0.47374 0.023890000000000022 0.09033999999999998
2 0.30606500000000003 0.47269 0.023890000000000022 0.08823999999999999
2 0.12408 0.47689 0.02390000000000002 0.08823999999999999
2 0.092831 0.47689 0.023898000000000003 0.08823999999999999
2 0.21691 0.486345 0.022059999999999996 0.11555000000000004
2 0.18566 0.488445 0.022059999999999996 0.11555000000000004
2 0.1829 0.638655 0.020219999999999988 0.11345000000000005
2 0.21415 0.637605 0.020219999999999988 0.11555000000000004
2 0.306985 0.625 0.02573000000000003 0.09034000000000009
2 0.276655 0.625 0.023890000000000022 0.09034000000000009
2 0.12408 0.62815 0.02390000000000002 0.09244000000000008
2 0.090992 0.62815 0.023896 0.09244000000000008
2 0.0873165 0.760505 0.023897 0.06302999999999992
2 0.12224 0.757355 0.023900000000000005 0.06512999999999991
2 0.18106499999999998 0.758405 0.023889999999999995 0.06302999999999992
2 0.213235 0.757355 0.025730000000000003 0.06512999999999991
2 0.27114 0.7542 0.023900000000000032 0.06301999999999996
2 0.30423 0.75315 0.023900000000000032 0.06512000000000007
5 0.10753750000000001 0.382355 0.07904499999999999 0.01261000000000001
5 0.19852999999999998 0.38025 0.07720000000000002 0.0126
5 0.288605 0.37815 0.07721 0.0126
5 0.284925 0.52311 0.07720999999999997 0.012600000000000056
5 0.10477800000000001 0.52521 0.07720400000000001 0.012600000000000056
6 0.19117499999999998 0.6943250000000001 0.11396999999999999 0.07352999999999998
6 0.19117499999999998 0.5430649999999999 0.11396999999999999 0.07352999999999998
7 0.077206 0.214285 0.011029999999999998 0.06303
7 0.150735 0.215335 0.011030000000000012 0.060929999999999984
7 0.16636 0.214285 0.01286000000000001 0.05882999999999999
7 0.23989 0.212185 0.01286000000000001 0.05883000000000002
7 0.25827500000000003 0.212185 0.012869999999999993 0.05883000000000002
7 0.331805 0.210085 0.012869999999999993 0.05882999999999999
7 0.070772 0.33823499999999995 0.01286799999999999 0.07983000000000001
7 0.149815 0.33823499999999995 0.012869999999999993 0.07983000000000001
7 0.163605 0.33718499999999996 0.011029999999999984 0.08193
7 0.21783000000000002 0.33718499999999996 0.023900000000000005 0.08193
7 0.253675 0.33718499999999996 0.014709999999999973 0.08193
7 0.331805 0.33403499999999997 0.012869999999999993 0.07983000000000001
7 0.068934 0.47898999999999997 0.016543999999999996 0.09243999999999997
7 0.12408 0.47689 0.02390000000000002 0.08823999999999999
7 0.25092 0.47479 0.01653999999999997 0.09243999999999997
7 0.306985 0.47374 0.022050000000000014 0.08614
7 0.064338 0.6271 0.014706000000000004 0.09874000000000005
7 0.139705 0.62815 0.01471 0.09664000000000006
7 0.25 0.625 0.011020000000000002 0.09454000000000007
7 0.32720499999999997 0.625 0.01103000000000004 0.09454000000000007
7 0.064338 0.759455 0.014706000000000004 0.06933
7 0.137865 0.757355 0.01471 0.06932999999999989
7 0.24816 0.754205 0.014700000000000019 0.06723000000000001
7 0.30239 0.754205 0.023900000000000032 0.06723000000000001
9 0.202205 0.162815 0.34191 0.04830999999999999
9 0.202205 0.2479 0.34191 0.012599999999999972
9 0.1994475 0.6985300000000001 0.347425 0.04832000000000003
9 0.1994475 0.7983199999999999 0.347425 0.016800000000000037
9 0.5055149999999999 0.14916000000000001 0.22794999999999999 0.02099999999999999
9 0.7941199999999999 0.27415999999999996 0.33824 0.01469999999999999
11 0.463235 0.810925 0.018390000000000017 0.029409999999999936
11 0.49080999999999997 0.810925 0.018380000000000007 0.029409999999999936
11 0.516545 0.810925 0.018390000000000017 0.029409999999999936
11 0.5441199999999999 0.808825 0.018379999999999952 0.029409999999999936
11 0.704965 0.8371850000000001 0.15625 0.027310000000000056
11 0.87408 0.8361350000000001 0.15258000000000005 0.025210000000000066
11 0.50368 0.90021 0.20588000000000006 0.15336000000000005
11 0.267465 0.85504 0.17831 0.05881999999999998
11 0.102022 0.85714 0.14889599999999997 0.05881999999999998
11 0.0992655 0.9306749999999999 0.095589 0.07982999999999996
11 0.28308500000000003 0.9275199999999999 0.09559000000000001 0.08194000000000001
11 0.19577 0.9348749999999999 0.042279999999999984 0.07143
11 0.2261 0.923315 0.018380000000000007 0.027309999999999945
11 0.15809 0.92647 0.022059999999999996 0.02942
11 0.025735 0.9285749999999999 0.018382 0.029410000000000047
11 0.0431985 0.9285749999999999 0.012867000000000003 0.029410000000000047
7 0.5330900000000001 0.60399 0.036760000000000015 0.06511999999999996
