1 0.49999945 0.48741665 0.9933211 0.9565267
2 0.27963 0.16247499999999998 0.03505999999999998 0.09611
2 0.3197 0.160185 0.03505999999999998 0.09611000000000001
2 0.49499 0.153315 0.03505999999999998 0.09610999999999999
2 0.5350600000000001 0.153315 0.03505999999999998 0.09610999999999999
2 0.654425 0.1029765 0.04006999999999994 0.105267
2 0.70117 0.105261 0.040059999999999985 0.105258
2 0.656095 0.31579 0.04007000000000005 0.1373
2 0.7003349999999999 0.31579 0.038390000000000035 0.1373
2 0.70367 0.55263 0.04174 0.15332
2 0.656095 0.55034 0.04007000000000005 0.15332
2 0.7170300000000001 0.797485 0.03172000000000008 0.1441699999999999
2 0.671115 0.79863 0.03672999999999993 0.14188
2 0.556765 0.79863 0.05842999999999998 0.14188
2 0.2596 0.791765 0.05176 0.14645000000000008
2 0.15525499999999998 0.77918 0.03339 0.12585999999999997
2 0.116865 0.781465 0.03339000000000002 0.12585000000000002
2 0.065943 0.5434749999999999 0.035058000000000006 0.13500999999999996
2 0.10768 0.5434749999999999 0.035059999999999994 0.13500999999999996
2 0.069282 0.332955 0.035058 0.13500999999999996
2 0.114359 0.330665 0.03506200000000001 0.13501000000000002
2 0.07596 0.13729750000000002 0.03172 0.12356500000000001
2 0.1143585 0.1350135 0.031723 0.123573
2 0.195325 0.1430185 0.020029999999999992 0.112123
2 0.190315 0.328375 0.02003000000000002 0.11213000000000001
2 0.186145 0.552635 0.018369999999999997 0.13501000000000002
2 0.27629000000000004 0.55492 0.035060000000000036 0.11211999999999994
2 0.31803000000000003 0.5594950000000001 0.035060000000000036 0.11212999999999995
2 0.49499 0.55835 0.03505999999999998 0.11441999999999997
2 0.5350600000000001 0.5594950000000001 0.03505999999999998 0.11212999999999995
2 0.539235 0.33524 0.03339000000000003 0.09839999999999999
2 0.49582499999999996 0.33409500000000003 0.033389999999999975 0.09610999999999997
2 0.320535 0.338675 0.033389999999999975 0.09611000000000003
2 0.27629000000000004 0.33982 0.035060000000000036 0.09839999999999999
2 0.893155 0.35126 0.13688999999999996 0.12586000000000003
2 0.8939900000000001 0.567505 0.1385599999999999 0.14645000000000002
2 0.89232 0.798625 0.13856000000000002 0.15103
2 0.8906499999999999 0.193365 0.04174 0.08467
3 0.34808 0.86499 0.05510000000000004 0.14646000000000003
3 0.461605 0.86842 0.05508999999999997 0.14873999999999998
6 0.26710999999999996 0.433635 0.18697999999999998 0.10755000000000003
6 0.26544 0.6590400000000001 0.18698000000000004 0.10984000000000005
6 0.50918 0.4222 0.16694000000000003 0.09839999999999999
6 0.50918 0.657895 0.16694000000000003 0.09838999999999998
6 0.8981600000000001 0.2151 0.18030000000000002 0.059500000000000025
9 0.49749414999999997 0.41876 0.9849717 0.027459999999999984
9 0.4991639 0.69565 0.9849722000000001 0.02746000000000004
