1 0.2446275 0.544945 0.458005 0.84911
1 0.6416000000000001 0.5706249999999999 0.32812 0.82665
2 0.1010755 0.276885 0.026369000000000004 0.08828999999999998
2 0.16797 0.276885 0.027340000000000003 0.09148999999999996
2 0.21533 0.276885 0.028320000000000012 0.08828999999999998
2 0.279785 0.276885 0.026370000000000005 0.09148999999999996
2 0.32665999999999995 0.276885 0.026359999999999995 0.08828999999999998
2 0.055175999999999996 0.276885 0.028319999999999998 0.09148999999999996
2 0.393555 0.27768499999999996 0.027349999999999985 0.08988999999999997
2 0.43945 0.27768499999999996 0.02734000000000003 0.08988999999999997
2 0.43994 0.46148 0.028320000000000012 0.08827999999999997
2 0.393555 0.46067499999999995 0.029289999999999983 0.08988999999999997
2 0.32764 0.46067499999999995 0.028320000000000012 0.08666999999999997
2 0.28125 0.46067499999999995 0.029299999999999993 0.08988999999999997
2 0.21533 0.46067499999999995 0.028320000000000012 0.08988999999999997
2 0.16846 0.46228 0.028320000000000012 0.08988000000000002
2 0.10205049999999999 0.46067499999999995 0.028318999999999997 0.08988999999999997
2 0.055175999999999996 0.46148 0.028319999999999998 0.08827999999999997
2 0.0546875 0.6508849999999999 0.027343000000000006 0.09791000000000005
2 0.10058700000000001 0.6508849999999999 0.027345999999999995 0.09791000000000005
2 0.16846 0.65008 0.028320000000000012 0.09630000000000005
2 0.214845 0.65008 0.027350000000000013 0.09952000000000005
2 0.28125 0.649275 0.02734000000000003 0.09791000000000005
2 0.328125 0.6508849999999999 0.027349999999999985 0.09791000000000005
2 0.394045 0.64928 0.026370000000000005 0.0947
2 0.43994 0.6516850000000001 0.028320000000000012 0.09631
2 0.51074 0.316215 0.02734000000000003 0.08988999999999997
2 0.55518 0.316215 0.028320000000000012 0.08988999999999997
2 0.61768 0.31621 0.028320000000000012 0.08667999999999998
2 0.663085 0.314605 0.029290000000000038 0.08988999999999997
2 0.725585 0.31540999999999997 0.027349999999999985 0.08827999999999997
2 0.770995 0.31540999999999997 0.026370000000000005 0.08827999999999997
2 0.770995 0.5008 0.026370000000000005 0.09310000000000002
2 0.72705 0.5 0.02636000000000005 0.0947
2 0.6640600000000001 0.5008 0.02734000000000003 0.09310000000000002
2 0.61914 0.5008 0.02734000000000003 0.09310000000000002
2 0.555665 0.501605 0.027349999999999985 0.09471000000000002
2 0.51074 0.501605 0.02734000000000003 0.09471000000000002
2 0.51025 0.691815 0.028320000000000067 0.08989000000000003
2 0.55664 0.692615 0.02734000000000003 0.09149000000000007
2 0.6196299999999999 0.69181 0.028320000000000012 0.09310000000000007
2 0.66455 0.691815 0.028320000000000012 0.08989000000000003
2 0.7275400000000001 0.691815 0.02734000000000003 0.08989000000000003
2 0.7724599999999999 0.690205 0.02734000000000003 0.08989000000000003
2 0.9165 0.73756 0.05176000000000003 0.0947
2 0.9130849999999999 0.52327 0.054690000000000016 0.12519999999999998
2 0.90869 0.31540999999999997 0.05176000000000003 0.10112000000000004
2 0.89795 0.117176 0.049799999999999955 0.077048
3 0.9248000000000001 0.922955 0.06836000000000009 0.15408999999999995
3 0.333985 0.87801 0.039069999999999994 0.17014000000000007
3 0.67432 0.90369 0.040039999999999965 0.1508799999999999
2 0.74805 0.89647 0.05078000000000005 0.13964
2 0.611325 0.898075 0.04296999999999995 0.13642999999999994
2 0.532715 0.9020900000000001 0.053710000000000035 0.14445999999999992
4 0.0532225 0.22071000000000002 0.049805 0.04976
4 0.103514 0.22150999999999998 0.04687200000000001 0.05135999999999999
4 0.166015 0.22150999999999998 0.048829999999999985 0.04816000000000001
4 0.21679500000000002 0.21990500000000002 0.04883000000000001 0.04815
4 0.27880499999999997 0.22150999999999998 0.047850000000000004 0.04494000000000001
4 0.32959000000000005 0.22071000000000002 0.04980000000000001 0.04334000000000002
4 0.39307000000000003 0.22231499999999998 0.045899999999999996 0.04655000000000001
4 0.44189500000000004 0.22472 0.049809999999999965 0.04815999999999998
4 0.509765 0.261635 0.048829999999999985 0.048150000000000026
4 0.558595 0.260835 0.04883000000000004 0.04332999999999998
4 0.617185 0.260035 0.04686999999999997 0.04814999999999997
4 0.66797 0.260835 0.050779999999999936 0.04332999999999998
4 0.7251000000000001 0.25922999999999996 0.04589999999999994 0.04333999999999999
4 0.7748999999999999 0.26164 0.049799999999999955 0.04493999999999998
4 0.0800805 0.57223 0.109379 0.08828000000000003
4 0.19335999999999998 0.57223 0.11132 0.08828000000000003
4 0.30664 0.572235 0.11327999999999999 0.08507000000000009
4 0.418455 0.572235 0.10644999999999999 0.08507000000000009
4 0.53369 0.426165 0.10644000000000003 0.08506999999999998
4 0.643555 0.42536 0.10742999999999991 0.08345999999999998
4 0.751955 0.42536 0.10350999999999999 0.08667999999999998
4 0.648925 0.774475 0.15137 0.04013
4 0.076172 0.38683500000000004 0.109376 0.08988999999999997
4 0.19189499999999998 0.38764 0.10839000000000001 0.09149999999999997
4 0.305175 0.386035 0.11035 0.09149000000000002
4 0.41846 0.38764 0.10840000000000005 0.08827999999999997
4 0.53662 0.6163700000000001 0.11230000000000001 0.08667999999999998
4 0.6469750000000001 0.6179749999999999 0.10645000000000004 0.08988999999999991
4 0.75195 0.6179749999999999 0.1015600000000001 0.08988999999999991
5 0.0791 0.5184599999999999 0.10156 0.028900000000000037
5 0.191405 0.5168550000000001 0.10157 0.02888999999999997
5 0.30615499999999995 0.51766 0.10059000000000001 0.03049999999999997
5 0.418455 0.51525 0.10449000000000003 0.028899999999999926
5 0.052734500000000004 0.7182949999999999 0.046875 0.04654999999999998
5 0.102049 0.7191 0.04394200000000001 0.04493999999999998
5 0.16748 0.71027 0.045899999999999996 0.030500000000000083
5 0.21631 0.719905 0.045899999999999996 0.04654999999999998
5 0.280275 0.7191 0.04686999999999997 0.04493999999999998
5 0.33008000000000004 0.71027 0.044920000000000015 0.030500000000000083
5 0.393555 0.7182999999999999 0.04687000000000002 0.043340000000000045
5 0.44238500000000003 0.7199 0.04687000000000002 0.043339999999999934
5 0.512695 0.5585899999999999 0.04492999999999997 0.025680000000000036
5 0.55957 0.5585899999999999 0.04688000000000003 0.025680000000000036
5 0.6206050000000001 0.5585899999999999 0.043950000000000045 0.025680000000000036
5 0.668455 0.557785 0.04981000000000002 0.024070000000000036
5 0.7275400000000001 0.557785 0.04491999999999996 0.024070000000000036
5 0.774905 0.558585 0.04785000000000006 0.02246999999999999
9 0.24462899999999999 0.17737 0.454102 0.10111999999999999
9 0.245119 0.33066 0.45508200000000004 0.025680000000000036
9 0.2451175 0.743175 0.453125 0.03530999999999995
9 0.64209 0.21348499999999998 0.32324 0.10272999999999999
9 0.642575 0.36838000000000004 0.32617 0.027280000000000026
9 0.643555 0.551365 0.32031000000000004 0.014450000000000074
9 0.6416000000000001 0.7688600000000001 0.32422 0.07062000000000002
11 0.16748000000000002 0.776885 0.11816000000000002 0.02568999999999999
11 0.16455 0.876405 0.04004000000000002 0.16693000000000002
11 0.24951 0.850725 0.04003999999999999 0.12198999999999993
11 0.078124 0.852325 0.046872 0.12199000000000004
11 0.418945 0.873995 0.05273 0.18459000000000003
11 0.375975 0.88443 0.02149000000000001 0.057780000000000054
11 0.45947499999999997 0.893255 0.01855000000000001 0.04013
11 0.46289 0.796145 0.017579999999999985 0.028890000000000082
