1 0.5053495 0.5019547 0.9839610000000001 0.9921906
2 0.242645 0.19775500000000001 0.054810000000000025 0.03613000000000002
2 0.31884999999999997 0.196775 0.05748000000000003 0.03809000000000001
2 0.552805 0.14501999999999998 0.054810000000000025 0.04003999999999999
2 0.625 0.14501999999999998 0.057479999999999976 0.04003999999999999
2 0.69385 0.144045 0.05347999999999997 0.03809000000000001
2 0.69519 0.387695 0.05881999999999998 0.044930000000000025
2 0.625 0.388185 0.057479999999999976 0.043950000000000045
2 0.55481 0.38721 0.05347999999999997 0.04590000000000005
2 0.33155 0.42627 0.048119999999999996 0.03808
2 0.26805 0.42627 0.049459999999999976 0.03808
2 0.9672449999999999 0.424315 0.049470000000000014 0.03808999999999996
2 0.24198000000000003 0.25684 0.05882000000000001 0.0625
2 0.318185 0.257325 0.05615000000000003 0.06153
2 0.33289 0.489745 0.05080000000000001 0.06933000000000006
2 0.26738 0.489745 0.050799999999999984 0.06933000000000006
2 0.552805 0.20752 0.05749000000000004 0.06738
2 0.622995 0.20752 0.061489999999999934 0.06738
2 0.6938500000000001 0.20751999999999998 0.05881999999999998 0.06933999999999998
2 0.55147 0.45996000000000004 0.057479999999999976 0.08593999999999996
2 0.62366 0.45996000000000004 0.06015999999999999 0.08593999999999996
2 0.69318 0.45752 0.06015999999999999 0.08692
2 0.540775 0.634765 0.0735300000000001 0.037109999999999976
2 0.63503 0.632325 0.07753999999999994 0.03808999999999996
2 0.731285 0.632815 0.07486999999999999 0.037109999999999976
2 0.25936000000000003 0.644535 0.05080000000000001 0.037109999999999976
2 0.32152000000000003 0.643065 0.05214000000000002 0.036129999999999995
2 0.7292799999999999 0.6918949999999999 0.07086000000000003 0.06347000000000003
2 0.63369 0.6918949999999999 0.07220000000000004 0.06542999999999999
2 0.538105 0.692385 0.07352999999999998 0.06640999999999997
2 0.32219 0.7001949999999999 0.05348000000000003 0.06054999999999999
2 0.25802 0.7001949999999999 0.05080000000000001 0.06054999999999999
2 0.74465 0.884765 0.08823999999999999 0.10936999999999997
2 0.52874 0.885745 0.08689999999999998 0.11132999999999993
2 0.294785 0.8852549999999999 0.10027 0.11231000000000002
2 0.96591 0.485355 0.052139999999999964 0.07031000000000004
2 0.963905 0.640135 0.05347000000000002 0.036129999999999995
2 0.9672449999999999 0.698245 0.049470000000000014 0.06054999999999999
4 0.29144499999999995 0.400875 0.21656999999999998 0.05957000000000001
4 0.94385 0.401855 0.09626000000000001 0.05567
5 0.274735 0.296875 0.21790999999999996 0.029290000000000038
5 0.294785 0.532225 0.18850999999999998 0.027350000000000096
5 0.949195 0.5283199999999999 0.09091000000000005 0.023440000000000016
8 0.8469249999999999 0.80859 0.06551000000000007 0.0625
8 0.63035 0.87256 0.06015999999999999 0.040040000000000076
8 0.62834 0.803225 0.09358 0.08887
8 0.411765 0.807615 0.07218999999999998 0.06640999999999997
8 0.81016 0.523925 0.02942 0.04981000000000002
8 0.43917 0.526365 0.025399999999999978 0.04883000000000004
8 0.747325 0.132325 0.048130000000000006 0.026370000000000005
8 0.49465499999999996 0.131835 0.04812999999999995 0.02735
9 0.5093595 0.7592749999999999 0.957221 0.08104999999999996
9 0.504012 0.561525 0.959896 0.04687000000000008
4 0.62032 0.3457 0.24866000000000005 0.039059999999999984
