2 0.512435 0.305175 0.10125 0.15136999999999998
2 0.9254 0.311525 0.05684 0.14453000000000002
2 0.3881 0.30566499999999996 0.058620000000000005 0.14453
2 0.161635 0.266115 0.06395 0.14551
2 0.227355 0.268065 0.04263 0.14551
2 0.0976935 0.265135 0.042633000000000004 0.14551000000000003
2 0.667855 0.27197499999999997 0.042629999999999946 0.14550999999999997
2 0.793075 0.273925 0.04440999999999995 0.14551
2 0.72913 0.271485 0.06572 0.14648999999999998
2 0.159855 0.49805 0.06039 0.15233999999999998
2 0.263765 0.51074 0.06927 0.15430000000000005
2 0.0879235 0.50635 0.051513 0.12401999999999996
2 0.387215 0.52344 0.06039 0.15233999999999998
2 0.64298 0.521485 0.05684 0.14843
2 0.92362 0.5249 0.05684 0.14745999999999998
2 0.73268 0.49902 0.05506 0.14843999999999996
2 0.816165 0.51221 0.05861000000000005 0.15332
2 0.5071049999999999 0.518555 0.10124999999999995 0.15625
2 0.38543499999999997 0.763675 0.05682999999999999 0.16796999999999995
2 0.085259 0.76416 0.056842000000000004 0.16893999999999998
2 0.63943 0.760745 0.05684 0.16796999999999995
2 0.92362 0.760745 0.05684 0.16796999999999995
2 0.72824 0.746095 0.05684 0.16797000000000006
2 0.815275 0.754885 0.05683000000000005 0.16796999999999995
2 0.15986 0.750975 0.05684 0.16797000000000006
2 0.2611 0.75781 0.06394 0.16992000000000007
2 0.50622 0.769045 0.10301999999999994 0.19043
5 0.7220249999999999 0.85205 0.10124999999999995 0.04590000000000005
5 0.8268249999999999 0.856935 0.09768999999999994 0.04980999999999991
5 0.259325 0.861815 0.11723 0.043949999999999934
5 0.263765 0.605955 0.11901 0.04981000000000002
5 0.82327 0.60449 0.09058 0.05078000000000005
2 0.30284 0.291505 0.0373 0.14941
2 0.8499099999999999 0.29541 0.026640000000000108 0.14746000000000004
5 0.30373 0.37402 0.0675 0.05077999999999999
5 0.8561300000000001 0.375975 0.04618 0.04296999999999995
5 0.729125 0.35742 0.20070999999999994 0.03320000000000001
6 0.1030185 0.330075 0.184723 0.09375
6 0.1021305 0.581545 0.158079 0.08301000000000003
6 0.701595 0.572265 0.14564999999999995 0.07227000000000006
6 0.46181 0.84326 0.21314 0.05566000000000004
8 0.50622 0.16211 0.0746 0.06640000000000001
8 0.36234500000000003 0.16846 0.04263 0.04004000000000002
8 0.40497 0.169435 0.02842 0.036129999999999995
8 0.441385 0.16504 0.044410000000000005 0.0957
8 0.566605 0.16113 0.042629999999999946 0.0957
8 0.89698 0.174805 0.035519999999999996 0.03907000000000002
8 0.941385 0.174805 0.031970000000000054 0.03907000000000002
8 0.978685 0.169435 0.03907000000000005 0.09863
8 0.7291300000000001 0.126955 0.05506 0.05273000000000001
8 0.7948500000000001 0.13036999999999999 0.030199999999999894 0.04003999999999999
8 0.670515 0.12842 0.03019000000000005 0.03808
8 0.6305499999999999 0.0942375 0.02842 0.03808500000000001
8 0.693605 0.0942375 0.01598999999999995 0.03808500000000001
8 0.762875 0.0952125 0.012430000000000052 0.034175
8 0.807285 0.093264 0.012430000000000052 0.03223200000000001
8 0.24867 0.106931 0.017759999999999998 0.07323800000000001
8 0.228245 0.12305 0.02309 0.03906000000000001
8 0.191825 0.087893 0.01421 0.03711400000000001
8 0.159855 0.1196265 0.049729999999999996 0.053707000000000005
8 0.10746 0.0869145 0.012440000000000007 0.03711099999999999
8 0.052398 0.08642649999999999 0.030196 0.038086999999999996
8 0.101242 0.123535 0.028415999999999997 0.03416999999999999
8 0.505325 0.419435 0.023090000000000055 0.047850000000000004
8 0.5097700000000001 0.622075 0.09236000000000005 0.03125
8 0.38277 0.63672 0.06572 0.05467999999999995
8 0.639435 0.63623 0.060389999999999944 0.05176000000000003
8 0.0772645 0.640135 0.069271 0.053709999999999924
8 0.9236249999999999 0.635745 0.060390000000000055 0.05858999999999992
9 0.4991124 0.396 0.9840152 0.04004000000000002
1 0.4999981 0.5009781 0.9964438 0.9941438
9 0.4946731 0.8950199999999999 0.9857937999999999 0.032220000000000026
10 0.25133 0.284175 0.008879999999999999 0.08789000000000002
10 0.198935 0.283205 0.010649999999999993 0.08789
10 0.124335 0.281735 0.010649999999999993 0.08887
10 0.0692715 0.280275 0.010657 0.08789
10 0.6421 0.287595 0.008879999999999999 0.08691000000000002
10 0.689165 0.287105 0.010650000000000048 0.08789000000000002
10 0.7655400000000001 0.28759999999999997 0.010660000000000003 0.08495999999999998
10 0.815275 0.28906 0.010650000000000048 0.08593999999999999
10 0.123445 0.506835 0.012429999999999997 0.08789000000000002
10 0.207815 0.51123 0.021309999999999996 0.09864
10 0.30462 0.53223 0.015979999999999994 0.09570000000000006
10 0.6909449999999999 0.512695 0.014209999999999945 0.09571000000000002
10 0.7699849999999999 0.5136700000000001 0.01599000000000006 0.09570000000000001
10 0.851685 0.533205 0.012429999999999941 0.09765000000000007
10 0.118115 0.768555 0.012429999999999997 0.09765000000000001
10 0.206035 0.768555 0.01421 0.09765000000000001
10 0.305505 0.780275 0.01421 0.0976499999999999
10 0.770875 0.76465 0.014210000000000056 0.09765999999999997
10 0.690055 0.7636700000000001 0.012429999999999941 0.09765999999999997
10 0.8499099999999999 0.7734399999999999 0.012439999999999896 0.09765999999999997
10 0.69005 0.82031 0.019540000000000002 0.015619999999999967
10 0.7699800000000001 0.82129 0.019540000000000002 0.015619999999999967
10 0.8499099999999999 0.83057 0.019540000000000002 0.01660000000000006
10 0.30462 0.836915 0.019540000000000002 0.015630000000000033
10 0.207815 0.570315 0.02840999999999999 0.019530000000000047
10 0.30728500000000003 0.5883799999999999 0.021309999999999996 0.01856000000000002
10 0.8534600000000001 0.5874 0.019540000000000002 0.010739999999999972
10 0.76998 0.56982 0.026639999999999997 0.016599999999999948
10 0.25044500000000003 0.335445 0.017770000000000008 0.014649999999999996
10 0.20071 0.33496000000000004 0.017759999999999998 0.01367999999999997
10 0.815275 0.33935499999999996 0.017769999999999953 0.014649999999999996
10 0.763765 0.33789 0.017769999999999953 0.01367999999999997
10 0.689165 0.33789 0.017769999999999953 0.01367999999999997
10 0.63943 0.338375 0.017759999999999998 0.014649999999999996
10 0.068384 0.22998000000000002 0.019538 0.012700000000000017
10 0.123445 0.23095500000000002 0.019529999999999992 0.012690000000000007
10 0.198935 0.23291 0.021309999999999996 0.012699999999999989
10 0.25044500000000003 0.233885 0.021309999999999996 0.012690000000000007
10 0.6420999999999999 0.237305 0.019540000000000002 0.013669999999999988
10 0.689165 0.236325 0.017769999999999953 0.013669999999999988
10 0.76465 0.238285 0.019540000000000002 0.013670000000000015
10 0.8135 0.240235 0.017759999999999998 0.013670000000000015
10 0.121665 0.453125 0.02309 0.019530000000000047
10 0.20693 0.453125 0.0373 0.019530000000000047
10 0.30728500000000003 0.476565 0.024870000000000003 0.015629999999999977
10 0.854355 0.476565 0.024869999999999948 0.015629999999999977
10 0.689165 0.455075 0.028410000000000046 0.019529999999999992
10 0.76998 0.455075 0.030200000000000005 0.019529999999999992
10 0.8508 0.71924 0.024860000000000104 0.010739999999999972
10 0.7708699999999999 0.708495 0.024859999999999993 0.014650000000000052
10 0.689165 0.70752 0.02131000000000005 0.014639999999999986
10 0.305505 0.72461 0.024870000000000003 0.013680000000000025
10 0.20693 0.712405 0.026639999999999997 0.01464999999999994
10 0.11634 0.712405 0.026639999999999997 0.01464999999999994
