1 0.522185 0.48897850000000004 0.32171 0.889803
1 0.1568924 0.4655624 0.3106152 0.9256152000000001
1 0.838355 0.47107225 0.26941000000000004 0.9256155
2 0.154515 0.09090799999999999 0.030109999999999998 0.049584
2 0.0530905 0.19421 0.030111 0.07438
2 0.121235 0.19421 0.030109999999999998 0.07438
2 0.18621500000000002 0.19146 0.030109999999999998 0.07438
2 0.25277499999999997 0.18871 0.030110000000000026 0.07438
2 0.251185 0.33471 0.03010999999999997 0.07438
2 0.18462499999999998 0.338845 0.030109999999999998 0.08265
2 0.11886 0.348485 0.02851999999999999 0.09641
2 0.051505499999999996 0.33747 0.030110999999999992 0.07438
2 0.04992050000000001 0.480715 0.030111000000000006 0.09091000000000005
2 0.251185 0.47934 0.03010999999999997 0.08816000000000002
2 0.183045 0.491735 0.030109999999999998 0.11295
2 0.116485 0.490355 0.030109999999999984 0.11019000000000001
2 0.24881 0.6281 0.031700000000000006 0.08816000000000002
2 0.0467515 0.632235 0.030111 0.09091000000000005
2 0.11569000000000002 0.64463 0.028520000000000004 0.11570000000000003
2 0.180665 0.64463 0.02853 0.11570000000000003
2 0.484155 0.18181999999999998 0.023769999999999958 0.07161999999999999
2 0.5626 0.180445 0.02536000000000005 0.06886999999999999
2 0.6458 0.45179 0.033279999999999976 0.07714000000000004
2 0.5871649999999999 0.453165 0.03010999999999997 0.07989000000000002
2 0.40095000000000003 0.454545 0.028520000000000045 0.07712999999999998
2 0.459585 0.45317 0.02853 0.07438
2 0.40015500000000004 0.592285 0.030110000000000026 0.08265
2 0.458795 0.592285 0.03010999999999997 0.08265
2 0.5871649999999999 0.590905 0.03010999999999997 0.07989000000000002
2 0.6450100000000001 0.58953 0.03169999999999995 0.08264000000000005
2 0.522185 0.46831999999999996 0.03011000000000008 0.11020000000000002
2 0.52298 0.60606 0.03170000000000006 0.11019999999999996
2 0.806655 0.155645 0.025349999999999984 0.05785000000000001
2 0.83677 0.15427000000000002 0.02536000000000005 0.05510000000000001
2 0.86529 0.155645 0.02536000000000005 0.05785000000000001
2 0.7622800000000001 0.278235 0.03169999999999995 0.06611
2 0.812995 0.278235 0.031689999999999996 0.06611
2 0.813785 0.402205 0.03010999999999997 0.06611
2 0.7622800000000001 0.40496 0.03169999999999995 0.06612000000000001
2 0.816165 0.5399449999999999 0.031689999999999996 0.06611
2 0.763865 0.5371900000000001 0.031689999999999996 0.06612000000000007
2 0.7622800000000001 0.68044 0.03169999999999995 0.07162000000000002
2 0.816955 0.67631 0.03011000000000008 0.07438
2 0.88352 0.272725 0.02059999999999995 0.060610000000000025
2 0.9065 0.27135 0.019020000000000037 0.057859999999999995
2 0.43265 0.312675 0.01901999999999998 0.06886999999999999
2 0.45404 0.312675 0.01744000000000001 0.06886999999999999
2 0.512675 0.311295 0.017430000000000057 0.07162999999999997
2 0.53407 0.309915 0.019019999999999926 0.06886999999999999
2 0.5927100000000001 0.309915 0.019019999999999926 0.06886999999999999
2 0.614105 0.309915 0.017430000000000057 0.06886999999999999
2 0.8882749999999999 0.391185 0.017429999999999946 0.07162999999999997
2 0.908875 0.389805 0.017430000000000057 0.06886999999999999
2 0.908875 0.539945 0.014270000000000005 0.07163000000000008
2 0.889065 0.53857 0.01584999999999992 0.07438
2 0.8906499999999999 0.677685 0.015839999999999965 0.06061000000000005
2 0.9112549999999999 0.67631 0.01585000000000003 0.06335999999999997
2 0.87322 0.5399449999999999 0.006340000000000012 0.06611
2 0.87163 0.39393999999999996 0.006340000000000012 0.06612000000000001
2 0.87639 0.677685 0.006340000000000012 0.06061000000000005
4 0.0491285 0.28925500000000004 0.053883 0.01652999999999999
4 0.11727649999999999 0.28925500000000004 0.05388699999999999 0.01652999999999999
4 0.183835 0.286505 0.05388999999999999 0.01652999999999999
4 0.24881 0.286505 0.05387999999999998 0.01652999999999999
4 0.047543499999999995 0.41735500000000003 0.053883 0.019289999999999974
4 0.2496 0.415975 0.052299999999999985 0.01652999999999999
4 0.2496 0.564735 0.052299999999999985 0.016529999999999934
4 0.047543499999999995 0.5674950000000001 0.053883 0.016530000000000045
4 0.521395 0.25068999999999997 0.06972999999999996 0.04407999999999998
5 0.051505999999999996 0.25482 0.03645 0.052340000000000025
5 0.118861 0.25482 0.038038 0.052340000000000025
5 0.18542 0.25482 0.03804000000000002 0.052340000000000025
5 0.25198 0.25482 0.03804000000000002 0.052340000000000025
5 0.250395 0.391185 0.03802999999999998 0.03856999999999999
5 0.0507135 0.39531499999999997 0.038035 0.03580999999999995
5 0.0467515 0.5440750000000001 0.026941 0.03581000000000001
5 0.24802000000000002 0.5413250000000001 0.02693999999999999 0.03581000000000001
5 0.048336000000000004 0.687325 0.045958 0.02478999999999998
5 0.24802000000000002 0.6859500000000001 0.04596000000000003 0.02754000000000001
6 0.1473875 0.39532 0.139465 0.08540000000000003
6 0.1442175 0.5468299999999999 0.139465 0.08540000000000003
6 0.1442175 0.69835 0.139465 0.08540000000000003
6 0.522185 0.516525 0.08083000000000001 0.09091000000000005
6 0.52139 0.65289 0.07924000000000003 0.09365999999999997
7 0.11569000000000002 0.6281 0.025360000000000008 0.08264000000000005
7 0.18066500000000002 0.644625 0.02535000000000001 0.11019000000000001
7 0.5626 0.18044 0.02218000000000009 0.06336
7 0.59192 0.30992 0.01425999999999994 0.06336000000000003
7 0.614105 0.30992 0.014270000000000005 0.06336000000000003
7 0.5340750000000001 0.311295 0.01585000000000003 0.06611
7 0.5118849999999999 0.311295 0.01585000000000003 0.06611
7 0.45404 0.31267 0.01426000000000005 0.06335999999999997
7 0.432645 0.31405 0.01585000000000003 0.06611999999999996
7 0.46038 0.444905 0.02694000000000002 0.05784999999999996
7 0.40174 0.438015 0.02694000000000002 0.03856999999999999
7 0.736135 0.27686 0.017430000000000057 0.06335999999999997
7 0.790805 0.27686 0.01585000000000003 0.06335999999999997
7 0.786845 0.27686 0.014270000000000005 0.06335999999999997
7 0.8375600000000001 0.27686 0.01426000000000005 0.06335999999999997
7 0.86529 0.274105 0.019020000000000037 0.06337000000000001
7 0.922345 0.272725 0.01900999999999997 0.060610000000000025
7 0.736925 0.40496 0.01585000000000003 0.07162000000000002
7 0.790805 0.40358499999999997 0.01585000000000003 0.06887000000000004
7 0.786055 0.40496 0.01585000000000003 0.07162000000000002
7 0.838355 0.40358499999999997 0.01585000000000003 0.06887000000000004
7 0.83835 0.538565 0.012680000000000025 0.06886999999999999
7 0.7916000000000001 0.539945 0.01426000000000005 0.07163000000000008
7 0.7852600000000001 0.538565 0.01426000000000005 0.06886999999999999
7 0.737715 0.53857 0.017430000000000057 0.07438
7 0.73851 0.67906 0.015840000000000076 0.07438
7 0.792395 0.67631 0.01585000000000003 0.07438
7 0.786055 0.67631 0.01585000000000003 0.07438
7 0.839935 0.67906 0.01584999999999992 0.07438
8 0.52298 0.13912 0.03170000000000006 0.05234
8 0.8708400000000001 0.460055 0.011099999999999999 0.03856999999999999
8 0.8882749999999999 0.460055 0.017429999999999946 0.03856999999999999
8 0.908875 0.4573 0.020610000000000017 0.03305999999999998
8 0.9231400000000001 0.4573 0.007920000000000038 0.03305999999999998
8 0.8898550000000001 0.599175 0.017429999999999946 0.02478999999999998
8 0.91046 0.599175 0.01744000000000001 0.02478999999999998
8 0.92393 0.599175 0.006340000000000012 0.02478999999999998
8 0.87401 0.6019300000000001 0.007920000000000038 0.024800000000000044
8 0.891445 0.7314050000000001 0.017429999999999946 0.02478999999999998
8 0.912045 0.7314050000000001 0.017430000000000057 0.02478999999999998
8 0.874805 0.73278 0.009510000000000018 0.02204000000000006
8 0.9263049999999999 0.7314050000000001 0.004749999999999921 0.02478999999999998
9 0.52298 0.378785 0.31695999999999996 0.03581000000000001
9 0.521395 0.6900850000000001 0.31694999999999995 0.03581000000000001
9 0.1560998 0.701105 0.30586040000000003 0.06886999999999999
9 0.1568922 0.5303 0.30427560000000003 0.019279999999999964
9 0.1576872 0.134985 0.3058656 0.03856999999999999
10 0.52298 0.827825 0.02536000000000005 0.19559000000000004
10 0.670365 0.8305750000000001 0.022189999999999932 0.19559000000000004
10 0.37401 0.8305750000000001 0.022179999999999978 0.19559000000000004
10 0.297145 0.85124 0.023770000000000013 0.14876
10 0.19889 0.85399 0.023779999999999996 0.14876
10 0.0990515 0.852615 0.023776999999999993 0.14600999999999997
10 0.6687799999999999 0.72314 0.02851999999999999 0.019279999999999964
10 0.524565 0.724515 0.0380299999999999 0.016529999999999934
10 0.377975 0.72865 0.03010999999999997 0.008259999999999934
10 0.297145 0.76033 0.03010999999999997 0.02754000000000001
10 0.19889 0.763085 0.02693999999999999 0.033050000000000024
10 0.099047 0.7658400000000001 0.030105999999999994 0.02754000000000001
10 0.0103013 0.77135 0.0142634 0.02204000000000006
10 0.0079238 0.8539950000000001 0.0095084 0.14325
11 0.59826 0.727275 0.03961999999999999 0.03856999999999999
11 0.5340750000000001 0.84573 0.057049999999999934 0.14876
11 0.46830499999999997 0.8498600000000001 0.058630000000000015 0.15152
11 0.415215 0.8484849999999999 0.02853 0.14876999999999996
11 0.448495 0.730025 0.03803000000000001 0.03856999999999999
11 0.255945 0.849865 0.04278999999999997 0.13498999999999994
11 0.16560999999999998 0.8484849999999999 0.04278000000000001 0.12120999999999993
11 0.21949 0.8484849999999999 0.014259999999999995 0.13222999999999996
11 0.749605 0.88154 0.05388999999999999 0.09366000000000008
2 0.598255 0.8030299999999999 0.06181000000000003 0.14049999999999996
