1 0.49146805 0.518556 0.9749039 0.958988
2 0.0963855 0.116209 0.08232900000000001 0.060542
2 0.1004035 0.26416 0.082333 0.07324
2 0.85743 0.26416 0.08231999999999995 0.07324
2 0.861445 0.11718700000000001 0.08233000000000001 0.060546
2 0.259035 0.1176755 0.04618999999999998 0.05956900000000001
2 0.26004 0.40967 0.04819999999999999 0.08105999999999997
2 0.26004 0.5625 0.04819999999999999 0.08007999999999993
2 0.26104 0.720215 0.050199999999999995 0.08496999999999999
2 0.0818265 0.407225 0.037147 0.07813000000000003
2 0.25853 0.263185 0.04517999999999997 0.07128999999999999
2 0.0858435 0.533695 0.033132999999999996 0.026370000000000005
2 0.0853435 0.578125 0.032132999999999995 0.05078999999999989
2 0.36646500000000004 0.1176755 0.04619000000000001 0.05956900000000001
2 0.475905 0.1176755 0.04619000000000001 0.05956900000000001
2 0.586345 0.1176755 0.04618999999999995 0.05956900000000001
2 0.6977899999999999 0.116697 0.04618 0.059565999999999994
2 0.36596 0.26416 0.04518 0.07128000000000001
2 0.4744 0.26465 0.04518 0.07225999999999999
2 0.58484 0.26416 0.04518 0.07128000000000001
2 0.69428 0.26367 0.04518 0.07226000000000002
2 0.368475 0.40918 0.048189999999999955 0.08007999999999998
2 0.476905 0.40918 0.04819000000000001 0.08007999999999998
2 0.58735 0.4082 0.04820000000000002 0.08008000000000004
2 0.69779 0.40869 0.04820000000000002 0.08106000000000002
2 0.1255 0.40723 0.036140000000000005 0.08007999999999998
2 0.84438 0.40625 0.03614000000000006 0.08008000000000004
2 0.89056 0.40527 0.03614000000000006 0.08007999999999998
2 0.123995 0.534665 0.03312999999999999 0.026369999999999894
2 0.124495 0.578125 0.03212999999999999 0.05078999999999989
2 0.0873475 0.690915 0.032125 0.026369999999999894
2 0.125 0.6904250000000001 0.03314 0.025389999999999913
2 0.0873475 0.73535 0.032125 0.050779999999999936
2 0.124495 0.7363299999999999 0.03212999999999999 0.050779999999999936
2 0.8448800000000001 0.533695 0.03314000000000006 0.026370000000000005
2 0.8820250000000001 0.533205 0.03312999999999999 0.025390000000000024
2 0.8423700000000001 0.6904250000000001 0.03212000000000004 0.025389999999999913
2 0.8790150000000001 0.6904250000000001 0.03312999999999999 0.025389999999999913
2 0.845385 0.5751949999999999 0.0321300000000001 0.05079
2 0.883535 0.5751949999999999 0.03212999999999999 0.05079
2 0.84287 0.734375 0.031120000000000037 0.05078999999999989
2 0.878515 0.73291 0.03212999999999999 0.049799999999999955
2 0.369475 0.56152 0.048189999999999955 0.08007999999999993
2 0.47640499999999997 0.56152 0.04919000000000001 0.08007999999999993
2 0.58785 0.5625 0.04920000000000002 0.08007999999999993
2 0.69729 0.56152 0.04920000000000002 0.08007999999999993
2 0.36746999999999996 0.7207 0.05019999999999997 0.0859399999999999
2 0.4759 0.71924 0.05020000000000002 0.08495999999999992
2 0.586345 0.71924 0.05021000000000009 0.08495999999999992
2 0.69679 0.720215 0.05020000000000002 0.08496999999999999
2 0.1064245 0.882815 0.06827099999999998 0.07813000000000003
2 0.26054 0.882325 0.03112000000000001 0.07911000000000001
2 0.691765 0.881835 0.048190000000000066 0.07813000000000003
2 0.5833349999999999 0.881835 0.048190000000000066 0.07813000000000003
2 0.47540000000000004 0.881835 0.03111999999999998 0.07813000000000003
3 0.36948000000000003 0.917965 0.09437999999999996 0.15039000000000002
4 0.1059235 0.49414 0.133533 0.04688000000000003
4 0.1064255 0.65039 0.132529 0.04688000000000003
4 0.86998 0.492675 0.13354 0.045889999999999986
4 0.86295 0.651855 0.13354 0.045889999999999986
4 0.26104499999999997 0.66455 0.09437000000000001 0.032220000000000026
4 0.37148499999999995 0.6640600000000001 0.09437000000000001 0.03320000000000001
4 0.4759 0.6640600000000001 0.09438000000000007 0.03320000000000001
4 0.58936 0.6640600000000001 0.09437999999999991 0.03320000000000001
4 0.698795 0.66455 0.09436999999999995 0.032220000000000026
4 0.26355 0.5092749999999999 0.09538000000000002 0.018549999999999955
4 0.37098 0.508785 0.09537999999999996 0.019529999999999936
4 0.47791 0.5092749999999999 0.09438000000000002 0.018549999999999955
4 0.59187 0.507815 0.09538000000000002 0.019530000000000047
4 0.7028099999999999 0.507815 0.09438000000000002 0.019530000000000047
5 0.1059245 0.45801000000000003 0.11747099999999999 0.027339999999999975
5 0.1049205 0.615235 0.119479 0.03125
5 0.10692750000000001 0.7890649999999999 0.131525 0.05859000000000003
5 0.871985 0.45703 0.12148999999999999 0.029299999999999993
5 0.8659600000000001 0.615725 0.12550000000000006 0.03808999999999996
5 0.8659600000000001 0.78613 0.12951999999999997 0.0625
8 0.0316265 0.40186 0.037149 0.08496000000000004
8 0.175705 0.40088 0.03815000000000002 0.08692
8 0.21486 0.402345 0.02207999999999999 0.08399000000000001
8 0.31325000000000003 0.40332 0.04016000000000003 0.08594000000000002
8 0.42269 0.402835 0.03815999999999997 0.08691000000000004
8 0.473895 0.46582 0.10441 0.023440000000000016
8 0.53213 0.40234499999999995 0.040159999999999973 0.08593
8 0.64257 0.40185499999999996 0.03815999999999997 0.08690999999999999
8 0.74749 0.40137 0.02310000000000001 0.08398
8 0.79267 0.39990000000000003 0.03915999999999997 0.08495999999999998
8 0.937245 0.39990000000000003 0.037150000000000016 0.08495999999999998
8 0.97038 0.40332 0.015059999999999962 0.08594000000000002
9 0.49146605 0.1792 0.9668679 0.07519999999999999
9 0.493475 0.328125 0.9668699999999999 0.06445000000000001
9 0.494478 0.46875 0.960844 0.05274000000000001
9 0.49046 0.78467 0.9608399999999999 0.049800000000000066
