1 0.55664 0.624355 0.7011799999999999 0.74613
2 0.30957 0.45619 0.05274000000000001 0.09536000000000006
2 0.414065 0.45554500000000003 0.05273 0.09665000000000001
2 0.51758 0.45619 0.052740000000000065 0.09536000000000006
2 0.674805 0.458115 0.052729999999999944 0.09665000000000001
2 0.801755 0.458115 0.052729999999999944 0.09665000000000001
2 0.30957 0.6720349999999999 0.06446000000000002 0.11469000000000007
2 0.413085 0.6713899999999999 0.06445000000000001 0.11340000000000006
2 0.513675 0.6707449999999999 0.06445000000000006 0.11469000000000007
2 0.67578 0.6707449999999999 0.06446000000000007 0.11469000000000007
2 0.8056650000000001 0.6707449999999999 0.06445000000000001 0.11469000000000007
2 0.121582 0.43428 0.06347600000000002 0.11597999999999997
2 0.121582 0.670105 0.06347600000000002 0.12113000000000007
4 0.113279 0.59085 0.128902 0.04509999999999992
4 0.306155 0.394975 0.08887 0.024490000000000012
4 0.41211 0.396265 0.08983999999999998 0.024490000000000012
4 0.512695 0.39691 0.08984999999999999 0.0232
4 0.674315 0.399485 0.08887 0.02318999999999999
4 0.799805 0.399485 0.08984999999999999 0.02318999999999999
4 0.30713 0.5972900000000001 0.09667999999999999 0.02964
4 0.41113 0.597935 0.09570000000000001 0.030929999999999902
4 0.51318 0.59665 0.09668000000000004 0.03092000000000006
4 0.67529 0.597935 0.09667999999999999 0.030929999999999902
4 0.8037099999999999 0.5992249999999999 0.09570000000000001 0.030930000000000013
4 0.30713 0.36597999999999997 0.08886 0.036079999999999945
4 0.41308500000000004 0.36790999999999996 0.08593 0.03221999999999997
4 0.5166 0.36790999999999996 0.08594000000000002 0.03221999999999997
4 0.67529 0.37178 0.08496000000000004 0.032220000000000026
4 0.799805 0.37178 0.08593000000000006 0.032220000000000026
4 0.30761499999999997 0.561215 0.09961000000000003 0.03994999999999993
4 0.410645 0.559925 0.09863 0.03994999999999993
4 0.513675 0.558635 0.09960999999999998 0.03994999999999993
4 0.675785 0.561215 0.09960999999999998 0.03994999999999993
4 0.805665 0.563785 0.09960999999999998 0.03994999999999993
5 0.1181625 0.49871 0.085935 0.01804
5 0.1147445 0.7725500000000001 0.09277099999999999 0.09921999999999997
5 0.308105 0.75838 0.09472999999999998 0.06572
5 0.41162 0.75838 0.09472000000000003 0.06572
5 0.512695 0.756445 0.09375 0.06701000000000001
5 0.30810499999999996 0.525775 0.08105000000000001 0.051549999999999985
5 0.41064500000000004 0.524485 0.08105000000000001 0.051549999999999985
5 0.515135 0.524485 0.08105000000000007 0.051549999999999985
5 0.675295 0.752575 0.09472999999999998 0.06959000000000004
5 0.80664 0.751285 0.09179999999999999 0.06959000000000004
5 0.80176 0.525775 0.07811999999999997 0.05413000000000001
5 0.67578 0.52513 0.07812000000000008 0.05025999999999997
8 0.660645 0.83763 0.08887 0.10309999999999997
8 0.87988 0.34343 0.03320000000000001 0.05025999999999997
8 0.22949 0.340205 0.035160000000000025 0.048970000000000014
9 0.555175 0.29317000000000004 0.6865300000000001 0.07346000000000003
9 0.558595 0.791885 0.69141 0.021909999999999985
10 0.22754 0.5760350000000001 0.03320000000000001 0.35567000000000004
10 0.884765 0.578605 0.035150000000000015 0.35567
10 0.22754 0.7699750000000001 0.04102 0.03220999999999996
10 0.88574 0.7686850000000001 0.041019999999999945 0.024490000000000012
10 0.228025 0.38144500000000003 0.03809000000000001 0.033509999999999984
10 0.8837900000000001 0.38531 0.039059999999999984 0.033499999999999974
11 0.1416005 0.92848 0.11913899999999998 0.12758000000000003
11 0.42822499999999997 0.903995 0.32715 0.18171000000000004
11 0.78809 0.901415 0.13085999999999998 0.18943
11 0.6674800000000001 0.930415 0.08886000000000005 0.030930000000000013
