1 0.52734 0.4922036 0.32422 0.9799528000000001
1 0.18310328 0.528952 0.36425344 0.937636
1 0.844725 0.49777499999999997 0.30859000000000003 0.93319
2 0.41064 0.59354 0.03417999999999999 0.14922000000000002
2 0.645995 0.5946549999999999 0.03027000000000002 0.14699000000000007
2 0.070801 0.24275999999999998 0.030274000000000002 0.14253999999999997
2 0.177735 0.243875 0.03125 0.14476999999999998
2 0.313965 0.243875 0.03027000000000002 0.14476999999999998
2 0.067871 0.43652500000000005 0.028320000000000005 0.15591000000000005
2 0.17725000000000002 0.43652500000000005 0.028319999999999984 0.15591000000000005
2 0.31494 0.4343 0.032220000000000026 0.14253999999999994
2 0.313965 0.638085 0.034170000000000034 0.15366999999999997
2 0.17627 0.6403099999999999 0.036140000000000005 0.16258000000000006
2 0.0698245 0.64254 0.036133 0.16257999999999995
2 0.24707 0.22049000000000002 0.02147999999999997 0.09353999999999998
2 0.247555 0.412025 0.020509999999999973 0.10244999999999999
2 0.246585 0.614695 0.02051 0.10244999999999993
2 0.38623 0.19599 0.014639999999999986 0.07572000000000001
2 0.409665 0.19599 0.014650000000000052 0.07572000000000001
2 0.43310499999999996 0.19599 0.014649999999999996 0.07572000000000001
2 0.506345 0.19487500000000002 0.01464999999999994 0.08241000000000001
2 0.5268550000000001 0.19822 0.01464999999999994 0.07572000000000001
2 0.550295 0.19822 0.014650000000000052 0.07572000000000001
2 0.621585 0.20044499999999998 0.01464999999999994 0.07572999999999999
2 0.644045 0.20044499999999998 0.014650000000000052 0.07572999999999999
2 0.666505 0.20044499999999998 0.014650000000000052 0.07572999999999999
2 0.41064 0.353005 0.028320000000000012 0.11359000000000002
2 0.6450199999999999 0.35523499999999997 0.028320000000000012 0.11359000000000002
2 0.503415 0.35189 0.020509999999999973 0.11136000000000001
2 0.527345 0.353005 0.019529999999999936 0.11359000000000002
2 0.552735 0.35189 0.019530000000000047 0.11136000000000001
2 0.41113500000000003 0.83519 0.04297000000000001 0.14700000000000002
2 0.645995 0.830735 0.04198999999999997 0.14698999999999995
2 0.528805 0.57684 0.04198999999999997 0.15589999999999998
2 0.857425 0.209355 0.019530000000000047 0.08909
2 0.858395 0.38195999999999997 0.019530000000000047 0.09132000000000001
2 0.859375 0.57127 0.02149000000000001 0.10468
2 0.821285 0.379735 0.019529999999999936 0.09131
2 0.8193349999999999 0.20824 0.019529999999999936 0.09132000000000001
2 0.821285 0.5735 0.019529999999999936 0.10021999999999998
2 0.81836 0.12695 0.011719999999999953 0.013359999999999997
2 0.85693 0.12695 0.010739999999999972 0.013359999999999997
2 0.75049 0.12472 0.010739999999999972 0.013359999999999983
2 0.751465 0.22605999999999998 0.030269999999999908 0.13585999999999998
2 0.752925 0.404235 0.03125 0.14031
2 0.754395 0.59911 0.036129999999999995 0.15590000000000004
2 0.9238299999999999 0.56793 0.029299999999999993 0.09354000000000007
2 0.92676 0.408685 0.03320000000000001 0.12695
3 0.530275 0.85635 0.06054999999999999 0.21158
3 0.822265 0.8752800000000001 0.03125 0.1380800000000001
3 0.24707 0.898665 0.02147999999999997 0.16259
4 0.40820500000000004 0.47884000000000004 0.06641000000000002 0.062360000000000027
4 0.645505 0.47884000000000004 0.06641000000000008 0.062360000000000027
5 0.24463000000000001 0.27394 0.04003999999999999 0.031179999999999986
5 0.24560500000000002 0.47661 0.04003000000000001 0.03118000000000004
5 0.24658000000000002 0.6815100000000001 0.04003999999999999 0.031180000000000097
6 0.0673825 0.293985 0.06445300000000001 0.08462999999999998
6 0.171385 0.29176 0.06347 0.08463999999999999
6 0.31201 0.293985 0.06347999999999998 0.08462999999999998
6 0.314455 0.48997500000000005 0.06445000000000001 0.08463000000000004
6 0.17285499999999998 0.49108999999999997 0.07031000000000001 0.09131999999999996
6 0.06640499999999999 0.49108999999999997 0.07031 0.09131999999999996
6 0.064452 0.70156 0.085936 0.08907999999999994
6 0.17334 0.6982200000000001 0.0791 0.09131999999999996
6 0.313965 0.69599 0.07911000000000001 0.09132000000000007
6 0.52881 0.67149 0.31152 0.10021999999999998
6 0.930175 0.453225 0.06738999999999995 0.07795000000000002
6 0.9306650000000001 0.65256 0.07226999999999995 0.08464000000000005
6 0.7583 0.65256 0.07323999999999997 0.08464000000000005
6 0.7553749999999999 0.45657000000000003 0.06542999999999999 0.08463999999999999
6 0.753415 0.27505999999999997 0.06542999999999999 0.08685999999999999
7 0.757815 0.23051499999999997 0.013670000000000071 0.12694999999999998
7 0.743655 0.22828500000000002 0.01464999999999994 0.12695
7 0.822755 0.208245 0.008790000000000076 0.07794999999999999
7 0.8144549999999999 0.208245 0.007809999999999984 0.07794999999999999
7 0.73291 0.404235 0.010740000000000083 0.14031
7 0.77441 0.402005 0.011720000000000064 0.14031000000000005
7 0.86084 0.38195999999999997 0.00878000000000001 0.08685999999999999
7 0.93164 0.408685 0.013680000000000025 0.12248999999999999
7 0.9174800000000001 0.4098 0.012700000000000045 0.12026000000000003
7 0.9165049999999999 0.56904 0.012689999999999979 0.08685999999999994
7 0.930175 0.56793 0.012689999999999979 0.08907999999999994
7 0.819825 0.57238 0.014650000000000052 0.09353999999999996
7 0.760255 0.600225 0.014650000000000052 0.14477000000000007
7 0.744625 0.600225 0.014650000000000052 0.14477000000000007
7 0.291015 0.638085 0.009770000000000001 0.16259
7 0.33691499999999996 0.6403099999999999 0.009770000000000001 0.16258000000000006
7 0.32373 0.4343 0.014639999999999986 0.13808000000000004
7 0.308105 0.43652499999999994 0.016610000000000014 0.13809
7 0.30761499999999997 0.24498999999999999 0.015629999999999977 0.13807999999999998
7 0.322755 0.24498999999999999 0.012689999999999979 0.13807999999999998
7 0.25293 0.41313999999999995 0.007820000000000021 0.09576000000000001
7 0.24121 0.41313999999999995 0.007819999999999994 0.09576000000000001
7 0.25195500000000004 0.22049 0.009770000000000001 0.08907999999999999
7 0.241695 0.22049 0.008789999999999992 0.08907999999999999
7 0.17041 0.24498999999999999 0.014639999999999986 0.13807999999999998
7 0.185055 0.24498999999999999 0.014649999999999996 0.13807999999999998
7 0.183595 0.43541 0.013669999999999988 0.14922000000000002
7 0.079102 0.241645 0.013672000000000004 0.14031000000000002
7 0.06445300000000001 0.241645 0.013672000000000004 0.14031000000000002
7 0.0878905 0.43652500000000005 0.009764999999999996 0.15591000000000005
7 0.046875 0.4343 0.011718000000000006 0.15589999999999998
7 0.062012 0.639195 0.014647999999999994 0.15144999999999997
7 0.25293 0.6147 0.005859999999999976 0.09799999999999998
8 0.52783 0.0801786 0.07519999999999999 0.15590279999999998
8 0.49951 0.45657000000000003 0.03221999999999997 0.11135999999999996
8 0.558595 0.446545 0.029289999999999927 0.12695
5 0.40967 0.419825 0.03417999999999999 0.04676999999999998
5 0.64453 0.424275 0.03320000000000001 0.04676999999999998
8 0.45067999999999997 0.76726 0.016600000000000004 0.08239999999999992
8 0.60791 0.7561249999999999 0.01660000000000006 0.08240999999999998
9 0.18163985 0.126948 0.3574203 0.05790400000000001
9 0.1840797 0.32516500000000004 0.3564406 0.035629999999999995
9 0.18359140000000002 0.52227 0.3574172 0.037860000000000005
9 0.18163985 0.72717 0.3574203 0.037860000000000005
9 0.5292950000000001 0.09131500000000001 0.32031 0.12027
8 0.373535 0.124719 0.010750000000000037 0.057901999999999995
8 0.395995 0.124719 0.010749999999999982 0.057901999999999995
8 0.42041 0.124719 0.010739999999999972 0.057901999999999995
8 0.44189500000000004 0.12360550000000001 0.010749999999999982 0.060129
8 0.45166 0.124719 0.010739999999999972 0.057901999999999995
8 0.47217 0.124719 0.010740000000000027 0.057901999999999995
8 0.58057 0.126948 0.010739999999999972 0.05790400000000001
8 0.60303 0.126948 0.010740000000000083 0.05790400000000001
8 0.61426 0.12917499999999998 0.011719999999999953 0.05790999999999999
8 0.6333 0.126948 0.010739999999999972 0.05790400000000001
8 0.657715 0.132515 0.010749999999999926 0.06013
8 0.680175 0.13363 0.010750000000000037 0.05790000000000001
9 0.844725 0.11581150000000001 0.30469 0.06235700000000001
9 0.8457049999999999 0.292875 0.30273000000000005 0.05123
9 0.8442350000000001 0.46882 0.30371000000000004 0.05121999999999999
9 0.845215 0.66481 0.3017500000000001 0.06458000000000008
11 0.069338 0.896435 0.062504 0.19377
11 0.17724499999999999 0.893095 0.06153 0.19599
11 0.31592 0.886415 0.061519999999999964 0.18262999999999996
11 0.92578 0.8441000000000001 0.05663999999999991 0.20044000000000006
11 0.753905 0.85078 0.06054999999999999 0.2138
11 0.5859399999999999 0.85969 0.029299999999999993 0.031179999999999986
11 0.583495 0.76058 0.020510000000000028 0.033399999999999985
