1 0.53456 0.50439455 0.775 0.9912109
2 0.0720585 0.208985 0.05294100000000001 0.07030999999999998
2 0.22647 0.19727 0.05293999999999999 0.07422000000000001
2 0.34265 0.19629 0.055879999999999985 0.07225999999999999
2 0.47353 0.19629 0.05293999999999999 0.07225999999999999
2 0.58897 0.19629 0.05441999999999991 0.07225999999999999
2 0.72059 0.194335 0.05293999999999999 0.07227
2 0.8374999999999999 0.194335 0.054420000000000024 0.07227
2 0.836765 0.34717 0.055889999999999995 0.07519999999999999
2 0.71765 0.34717 0.05587999999999993 0.07519999999999999
2 0.5874999999999999 0.34717 0.054420000000000024 0.07324000000000003
2 0.47279499999999997 0.34717 0.054410000000000014 0.07324000000000003
2 0.340445 0.34912 0.051470000000000016 0.07519999999999999
2 0.22647 0.34961 0.05293999999999999 0.07617999999999997
2 0.22353 0.50391 0.05588000000000001 0.07421999999999995
2 0.34191499999999997 0.50293 0.054410000000000014 0.07421999999999995
2 0.47059 0.489255 0.05293999999999999 0.048829999999999985
2 0.58603 0.489255 0.054420000000000024 0.048829999999999985
2 0.716915 0.5019549999999999 0.05735000000000001 0.07616999999999996
2 0.83603 0.5019549999999999 0.054420000000000024 0.07616999999999996
2 0.22353 0.66016 0.05293999999999999 0.07421999999999995
2 0.339705 0.65967 0.055889999999999995 0.07323999999999997
2 0.471325 0.65088 0.05440999999999996 0.057620000000000005
2 0.58529 0.6518550000000001 0.05293999999999999 0.05761000000000005
2 0.71618 0.66113 0.05293999999999999 0.07421999999999995
2 0.8345549999999999 0.66113 0.05440999999999996 0.07421999999999995
2 0.224265 0.815915 0.05146999999999999 0.07714999999999994
2 0.338235 0.81494 0.055889999999999995 0.07519999999999993
2 0.469855 0.81543 0.054410000000000014 0.07617999999999991
2 0.585295 0.8144549999999999 0.055889999999999995 0.07616999999999996
2 0.715445 0.8144549999999999 0.051469999999999905 0.07616999999999996
2 0.83382 0.81787 0.05587999999999993 0.04590000000000005
2 0.0691175 0.822755 0.05588300000000001 0.07129000000000008
2 0.07352900000000001 0.6630849999999999 0.05 0.06054999999999999
2 0.0705885 0.50342 0.05294100000000001 0.04980000000000001
2 0.0720585 0.34375 0.05294100000000001 0.041019999999999945
3 0.8352949999999999 0.93555 0.07352999999999998 0.11328000000000005
4 0.227205 0.140135 0.11029 0.04395
4 0.34632 0.13965 0.11912 0.04492
4 0.475 0.13965 0.11176000000000003 0.04492
4 0.59044 0.13916 0.11324000000000001 0.04393999999999999
4 0.72353 0.138675 0.10587999999999997 0.042969999999999994
4 0.83897 0.13769499999999998 0.10441999999999996 0.042969999999999994
4 0.224265 0.294435 0.10735000000000003 0.03808999999999996
4 0.34118000000000004 0.29296500000000003 0.10293999999999998 0.03711000000000003
4 0.47353 0.29247999999999996 0.10587999999999997 0.04004000000000002
4 0.5882400000000001 0.29198999999999997 0.09999999999999998 0.03906000000000004
4 0.718385 0.291505 0.10734999999999995 0.03809000000000001
4 0.83971 0.291015 0.09999999999999998 0.039069999999999994
4 0.224265 0.46191499999999996 0.11323000000000003 0.08202999999999999
4 0.344115 0.46191499999999996 0.11470999999999998 0.08398999999999995
4 0.71985 0.46191499999999996 0.12206000000000006 0.08398999999999995
4 0.844115 0.46045 0.11764999999999992 0.08300000000000002
4 0.074999 0.30518 0.108822 0.03417999999999999
5 0.225 0.398435 0.10000000000000003 0.025389999999999968
5 0.33970999999999996 0.398435 0.09705999999999998 0.025389999999999968
5 0.841175 0.396 0.10882999999999998 0.028320000000000012
5 0.718385 0.395995 0.11029 0.026370000000000005
5 0.840445 0.55664 0.10146999999999995 0.041020000000000056
5 0.72353 0.5571299999999999 0.10000000000000009 0.03808
5 0.34265 0.558105 0.09117999999999998 0.04003000000000001
5 0.22573500000000002 0.558105 0.09265000000000004 0.04198999999999997
5 0.22573500000000002 0.71533 0.09265000000000004 0.040039999999999965
5 0.34118 0.71436 0.09411999999999998 0.040040000000000076
5 0.8382350000000001 0.717285 0.09411000000000003 0.04003000000000001
5 0.719855 0.715335 0.09559000000000006 0.03809000000000007
6 0.54853 0.39258 0.29706 0.09179999999999999
6 0.5522050000000001 0.56201 0.29853 0.10254000000000008
6 0.544115 0.725095 0.28529000000000004 0.09277000000000002
6 0.0742659 0.5737300000000001 0.1397082 0.10058
8 0.603675 0.4292 0.10147000000000006 0.05565999999999999
8 0.48529500000000003 0.430175 0.11176999999999998 0.05370999999999998
8 0.0713225 0.44384999999999997 0.116175 0.06348000000000004
6 0.06838029999999999 0.407225 0.1338194 0.08984999999999999
8 0.836765 0.862795 0.12058999999999997 0.03027000000000002
9 0.533825 0.1025385 0.76471 0.089843
9 0.538235 0.24219000000000002 0.7676499999999999 0.02930000000000002
9 0.535295 0.5800799999999999 0.76471 0.08398000000000005
9 0.535295 0.723635 0.7617700000000001 0.05859000000000003
9 0.533825 0.87793 0.76471 0.05468000000000006
8 0.072794 0.163575 0.03676399999999999 0.01855000000000001
2 0.831615 0.029785 0.05441000000000007 0.028319999999999998
2 0.71471 0.0302735 0.05293999999999999 0.029296999999999997
2 0.58603 0.03125 0.054420000000000024 0.03125
2 0.469855 0.0322265 0.054410000000000014 0.029297
2 0.339705 0.032715 0.055889999999999995 0.02832
11 0.472055 0.9082049999999999 0.07647000000000004 0.01366999999999996
11 0.5176449999999999 0.8720699999999999 0.020589999999999997 0.023440000000000016
11 0.41691 0.87744 0.02205999999999997 0.032219999999999915
11 0.39705999999999997 0.922855 0.038239999999999996 0.037109999999999976
11 0.46838500000000005 0.953615 0.08971000000000001 0.08105000000000007
11 0.5852900000000001 0.9560550000000001 0.04705999999999999 0.06054999999999999
11 0.716915 0.9511700000000001 0.04852999999999996 0.050779999999999936
11 0.33824 0.95508 0.04999999999999999 0.058599999999999985
11 0.224265 0.95557 0.04852999999999999 0.057620000000000005
11 0.1147045 0.9428700000000001 0.03235099999999999 0.032220000000000026
11 0.970585 0.816405 0.02352999999999994 0.027349999999999985
11 0.9632350000000001 0.8481449999999999 0.011769999999999947 0.024409999999999932
