1 0.5448475 0.5009863 0.910305 0.9940674
2 0.267175 0.08596899999999999 0.06489 0.08498199999999999
2 0.519085 0.08695649999999999 0.06488999999999995 0.071147
2 0.499045 0.32311999999999996 0.08587 0.13635999999999998
2 0.238545 0.321145 0.08396999999999999 0.13241000000000003
2 0.49714 0.559285 0.08206000000000002 0.13439
2 0.236645 0.559285 0.08396999999999999 0.13439
2 0.23187 0.80138 0.08205999999999997 0.14822000000000002
2 0.49522999999999995 0.80929 0.08205999999999997 0.14822000000000002
2 0.85687 0.80336 0.08396000000000003 0.14822000000000002
2 0.8521 0.351775 0.08206000000000002 0.15415
2 0.8530549999999999 0.586955 0.08396999999999999 0.16601
2 0.8530549999999999 0.13438699999999998 0.08396999999999999 0.102766
4 0.48855000000000004 0.43182 0.16794000000000003 0.07312000000000002
4 0.229965 0.43379500000000004 0.16985 0.07312999999999997
5 0.23187 0.65415 0.12403999999999998 0.06719999999999993
5 0.49236499999999994 0.65415 0.12594999999999995 0.06719999999999993
5 0.2271 0.88735 0.14504 0.03161999999999998
5 0.495225 0.88933 0.14313000000000003 0.03161999999999998
5 0.852095 0.88142 0.1431300000000001 0.03161999999999998
6 0.844465 0.17984 0.23473 0.13044
6 0.844465 0.41008 0.23473 0.12056
6 0.8521000000000001 0.676875 0.24236000000000002 0.1758900000000001
7 0.23854999999999998 0.32115 0.08015999999999998 0.12846000000000002
7 0.5 0.28063000000000005 0.08016000000000001 0.04348000000000002
7 0.23855 0.502965 0.07634000000000002 0.017789999999999973
7 0.49713999999999997 0.5039549999999999 0.07823999999999998 0.01580999999999999
7 0.23187000000000002 0.762845 0.07824 0.06719000000000008
7 0.496185 0.74605 0.08014999999999994 0.021740000000000093
7 0.855915 0.754945 0.07824999999999993 0.04742999999999997
9 0.545805 0.65909 0.88931 0.07707999999999993
9 0.5477084999999999 0.9417 0.8969429999999999 0.02964
9 0.54676 0.250985 0.89122 0.03557000000000002
