2 0.68685 0.92676 0.03515999999999997 0.0625
3 0.46224 0.943845 0.06509999999999999 0.09472999999999998
2 0.5755250000000001 0.9272450000000001 0.04426999999999992 0.061529999999999974
2 0.352865 0.92871 0.039069999999999994 0.0625
3 0.23828 0.945315 0.054680000000000034 0.09375
2 0.24088500000000002 0.80859 0.04167000000000001 0.0625
2 0.241535 0.68701 0.04037000000000002 0.057620000000000005
4 0.243485 0.639645 0.08073 0.037109999999999976
4 0.347655 0.639645 0.06511 0.037109999999999976
2 0.40755 0.80859 0.03386 0.0625
2 0.35156 0.8081050000000001 0.03645999999999999 0.06347000000000003
2 0.4082 0.68701 0.03515999999999997 0.057620000000000005
2 0.35156 0.686525 0.03645999999999999 0.05859000000000003
2 0.51888 0.80469 0.037760000000000016 0.056640000000000024
2 0.51888 0.68066 0.03516000000000008 0.04491999999999996
4 0.585285 0.639645 0.0690099999999999 0.037109999999999976
4 0.689455 0.641115 0.08462999999999998 0.036129999999999995
2 0.57552 0.6787099999999999 0.03646000000000005 0.041019999999999945
2 0.57487 0.80469 0.037760000000000016 0.056640000000000024
2 0.684245 0.80664 0.04037000000000002 0.0625
2 0.68424 0.68701 0.037760000000000016 0.057620000000000005
4 0.690105 0.416505 0.08592999999999995 0.03027000000000002
2 0.684245 0.57178 0.04037000000000002 0.05565999999999993
2 0.684245 0.458985 0.04037000000000002 0.05468999999999996
4 0.55143 0.415035 0.13671999999999995 0.03125
2 0.5735699999999999 0.57178 0.03515999999999997 0.05565999999999993
2 0.51823 0.5712900000000001 0.03386 0.05467999999999995
2 0.57422 0.458495 0.03386 0.05370999999999998
2 0.5175799999999999 0.45801000000000003 0.03515999999999997 0.052739999999999954
2 0.4082 0.5708 0.03515999999999997 0.05566000000000004
2 0.4082 0.45703499999999997 0.03515999999999997 0.05468999999999996
4 0.38411 0.413575 0.13802000000000003 0.032230000000000036
4 0.24414000000000002 0.410645 0.08204000000000003 0.03027000000000002
2 0.35091 0.5703149999999999 0.03515999999999997 0.054690000000000016
2 0.240885 0.5703149999999999 0.039069999999999994 0.054690000000000016
2 0.351565 0.456545 0.03384999999999999 0.05370999999999998
2 0.240885 0.455565 0.039069999999999994 0.05567
1 0.38151104999999996 0.665035 0.7604179 0.65625
2 0.0377605 0.449705 0.046875 0.05957000000000001
2 0.0390625 0.56592 0.046875 0.057620000000000005
2 0.85156 0.38622999999999996 0.04688000000000003 0.043940000000000035
2 0.8789100000000001 0.493165 0.039059999999999984 0.05859000000000003
4 0.24218499999999998 0.53369 0.07030999999999998 0.01855999999999991
4 0.690105 0.5366200000000001 0.07030999999999998 0.01856000000000002
4 0.57943 0.5356449999999999 0.0625 0.018549999999999955
4 0.41471 0.53467 0.06380000000000002 0.01856000000000002
4 0.0423177 0.5283199999999999 0.0716146 0.019540000000000002
4 0.41341 0.63965 0.06379999999999997 0.039059999999999984
4 0.516275 0.640135 0.06640999999999997 0.03808999999999996
4 0.85417 0.354005 0.0625 0.020509999999999973
5 0.24088500000000002 0.606445 0.07031000000000001 0.023430000000000062
5 0.35156 0.606935 0.0625 0.020510000000000028
5 0.41276 0.606935 0.0625 0.020510000000000028
5 0.51693 0.60791 0.0625 0.020500000000000074
5 0.5800799999999999 0.608885 0.06120000000000003 0.020510000000000028
5 0.688805 0.608885 0.0703100000000001 0.020510000000000028
5 0.24218499999999998 0.72949 0.07030999999999998 0.029299999999999993
5 0.35221 0.72949 0.06119999999999998 0.02734000000000003
5 0.41341 0.728515 0.06120000000000003 0.027349999999999985
5 0.68685 0.72949 0.06379999999999997 0.02734000000000003
5 0.24219 0.84717 0.06509999999999999 0.012699999999999934
5 0.353515 0.84717 0.058589999999999975 0.012699999999999934
5 0.41211 0.84717 0.05860000000000004 0.012699999999999934
5 0.690755 0.845215 0.06380999999999992 0.01464999999999994
6 0.57031 0.86279 0.1849 0.06348000000000009
6 0.57487 0.73584 0.19662000000000002 0.07910000000000006
5 0.0442708 0.601565 0.0703124 0.019530000000000047
5 0.04752605 0.48584 0.0924479 0.030279999999999974
5 0.24218499999999998 0.49463 0.07030999999999998 0.026359999999999995
5 0.689455 0.49658499999999994 0.06901000000000002 0.02636999999999995
5 0.57943 0.49707499999999993 0.059900000000000064 0.025389999999999968
5 0.51888 0.49707499999999993 0.058599999999999985 0.025389999999999968
5 0.41341 0.49609499999999995 0.058599999999999985 0.025389999999999968
5 0.352865 0.49609499999999995 0.05989 0.025389999999999968
4 0.353515 0.53369 0.058589999999999975 0.01855999999999991
4 0.51823 0.535645 0.05990000000000001 0.020510000000000028
8 0.299475 0.56494 0.03125 0.022459999999999924
8 0.464845 0.56592 0.03125 0.022460000000000035
8 0.626305 0.56787 0.03125 0.022459999999999924
8 0.6289100000000001 0.44433500000000004 0.026039999999999952 0.023430000000000006
8 0.46484000000000003 0.44238 0.026040000000000008 0.023440000000000016
8 0.29818 0.44140500000000005 0.026039999999999952 0.023430000000000006
8 0.1582 0.53613 0.024740000000000012 0.03320000000000001
8 0.46289 0.890625 0.01432 0.01171000000000011
8 0.15755000000000002 0.41406 0.013020000000000004 0.029299999999999993
8 0.23372500000000002 0.376955 0.00910999999999998 0.02149000000000001
8 0.25195500000000004 0.37793 0.009110000000000007 0.02148
8 0.34570500000000004 0.378905 0.009110000000000007 0.02149000000000001
8 0.363935 0.37793 0.009110000000000007 0.02148
8 0.402995 0.378905 0.009110000000000007 0.02149000000000001
8 0.41927000000000003 0.378905 0.01042000000000004 0.02149000000000001
8 0.51237 0.37988 0.009120000000000017 0.02148
8 0.5306 0.38086 0.009120000000000017 0.02148
8 0.56966 0.38086 0.009119999999999906 0.02148
8 0.585285 0.38086 0.009110000000000062 0.02148
8 0.741535 0.38281 0.009110000000000062 0.02148
8 0.75586 0.38281 0.009120000000000017 0.02148
8 0.660155 0.387205 0.13540999999999992 0.014649999999999996
8 0.5488299999999999 0.38721 0.02734000000000003 0.010739999999999972
8 0.465495 0.385255 0.07943000000000006 0.012689999999999979
8 0.297525 0.3833 0.07943 0.012699999999999989
8 0.38216 0.38525 0.02734000000000003 0.010740000000000027
8 0.20247500000000002 0.38281 0.05339000000000002 0.011720000000000008
9 0.3795571 0.37256 0.7539058000000001 0.06738
9 0.37825415 0.506345 0.7460916999999999 0.06542999999999999
9 0.37825605 0.74365 0.7539079000000001 0.06933999999999996
9 0.37825415 0.859865 0.7460916999999999 0.04198999999999997
8 0.85677 0.31689500000000004 0.10938000000000003 0.049809999999999965
8 0.7884150000000001 0.49219 0.03254999999999997 0.027339999999999975
8 0.83464 0.476565 0.04948000000000008 0.03711000000000003
