2 0.13525500000000001 0.20573999999999998 0.03223000000000001 0.06698000000000001
2 0.20849499999999999 0.20255 0.03223000000000001 0.06698000000000001
2 0.30322499999999997 0.204145 0.032230000000000036 0.06699
2 0.38622999999999996 0.206535 0.03221999999999997 0.06539
2 0.49365499999999995 0.204145 0.032229999999999925 0.06699
2 0.584475 0.20255 0.03222999999999998 0.06698000000000001
2 0.49414 0.380385 0.03319999999999995 0.09090999999999999
2 0.58545 0.37878500000000004 0.03417999999999999 0.09090999999999999
2 0.387695 0.3748 0.03321000000000002 0.10208
2 0.302735 0.373205 0.03321000000000002 0.10207
2 0.20801 0.3748 0.03320000000000001 0.08932000000000001
2 0.13574 0.375595 0.03320000000000001 0.09090999999999999
2 0.58789 0.588515 0.03515999999999997 0.09569000000000005
2 0.49658 0.588515 0.03417999999999993 0.09569000000000005
2 0.38817999999999997 0.585325 0.034180000000000044 0.09569000000000005
2 0.30322 0.583735 0.03417999999999999 0.09569000000000005
2 0.208985 0.580545 0.035150000000000015 0.09569000000000005
2 0.13525 0.5821350000000001 0.03418 0.09568999999999994
2 0.788575 0.269535 0.036129999999999995 0.10207000000000002
2 0.710935 0.270335 0.037109999999999976 0.10367000000000001
2 0.8637699999999999 0.270335 0.03613999999999995 0.10367000000000001
2 0.71338 0.444975 0.03614000000000006 0.10207
2 0.790035 0.44577500000000003 0.037109999999999976 0.10366999999999998
2 0.867675 0.44577500000000003 0.036129999999999995 0.10366999999999998
2 0.87061 0.6252 0.0341800000000001 0.10207999999999995
2 0.793945 0.6259950000000001 0.035150000000000015 0.10367000000000004
2 0.71436 0.6259950000000001 0.0341800000000001 0.10367000000000004
2 0.80908 0.0901125 0.022460000000000035 0.033495
2 0.7251000000000001 0.089315 0.022460000000000035 0.035089999999999996
2 0.51953 0.069378 0.015620000000000078 0.023923999999999994
2 0.36426000000000003 0.072568 0.015620000000000023 0.023923999999999994
2 0.21289000000000002 0.070973 0.015619999999999995 0.023923999999999994
2 0.40918 0.01116445 0.013680000000000025 0.0191391
2 0.983395 0.19936500000000001 0.019530000000000047 0.028709999999999986
3 0.33838 0.811005 0.09082000000000001 0.18660999999999994
3 0.5873999999999999 0.832535 0.040039999999999965 0.12758999999999998
4 0.13525500000000001 0.523925 0.04395 0.020730000000000026
4 0.20849499999999999 0.523925 0.04395000000000002 0.020730000000000026
4 0.30371000000000004 0.526315 0.044920000000000015 0.02232999999999996
4 0.391115 0.527115 0.04394999999999999 0.020729999999999915
4 0.49707 0.528705 0.04688000000000003 0.020730000000000026
4 0.586425 0.530305 0.043950000000000045 0.020730000000000026
4 0.711425 0.379585 0.06347000000000003 0.028710000000000013
4 0.7915049999999999 0.38038 0.06347000000000003 0.030299999999999994
4 0.867675 0.38117999999999996 0.06347000000000003 0.028700000000000003
4 0.8652299999999999 0.20973 0.05663999999999991 0.027119999999999977
4 0.78906 0.20973 0.056640000000000024 0.027119999999999977
4 0.71094 0.20973 0.056640000000000024 0.027119999999999977
5 0.86621 0.33094 0.056640000000000024 0.023919999999999997
5 0.78955 0.33174 0.057620000000000005 0.025519999999999987
5 0.71191 0.329345 0.056640000000000024 0.023930000000000007
1 0.351074 0.5039899999999999 0.5927720000000001 0.80702
1 0.78125 0.51276 0.26561999999999997 0.8118000000000001
8 0.34619 0.469695 0.016600000000000004 0.027110000000000023
8 0.433105 0.72488 0.026370000000000005 0.09089999999999998
8 0.26953499999999997 0.721695 0.019529999999999992 0.09091000000000005
9 0.34961050000000005 0.135565 0.585939 0.06060999999999998
9 0.780275 0.149125 0.25976999999999995 0.07815000000000001
9 0.780275 0.50718 0.25781 0.031899999999999984
9 0.782225 0.699365 0.25976999999999995 0.03349000000000002
9 0.351075 0.51276 0.58301 0.02391999999999994
9 0.35009700000000005 0.6698550000000001 0.588866 0.01595000000000002
10 0.26171500000000003 0.325355 0.019529999999999992 0.32855
10 0.171875 0.325355 0.019529999999999992 0.32855
10 0.099612 0.326155 0.01953600000000001 0.32377
10 0.34668 0.326155 0.019540000000000002 0.33015
10 0.429685 0.328545 0.019529999999999992 0.32855
10 0.53955 0.325355 0.020499999999999963 0.33492999999999995
10 0.6313500000000001 0.32376 0.022460000000000035 0.33812
10 0.40429499999999996 0.80941 0.009770000000000001 0.12280000000000002
10 0.27929499999999996 0.807015 0.009770000000000001 0.12120999999999993
10 0.631835 0.502395 0.027349999999999985 0.015949999999999964
10 0.540525 0.50239 0.026370000000000005 0.01913999999999999
10 0.430175 0.501595 0.02636999999999995 0.01755000000000001
10 0.34668 0.4992 0.02734000000000003 0.019139999999999935
10 0.26172 0.498405 0.02734000000000003 0.017549999999999955
10 0.171385 0.498405 0.026370000000000005 0.017549999999999955
10 0.099609 0.49681 0.027342000000000005 0.017540000000000056
11 0.54541 0.723285 0.08106000000000002 0.04307000000000005
11 0.54443 0.8118000000000001 0.022460000000000035 0.07974000000000003
11 0.6333 0.81419 0.022460000000000035 0.08133999999999997
11 0.4585 0.813395 0.02245999999999998 0.07974999999999999
11 0.49805 0.807815 0.03906000000000004 0.07815000000000005
11 0.42285 0.8109999999999999 0.011719999999999953 0.07496000000000003
11 0.20995999999999998 0.826155 0.03906000000000001 0.12758999999999998
11 0.13574 0.824565 0.03906 0.1275900000000001
11 0.79443 0.725675 0.10839999999999994 0.028710000000000013
11 0.7128950000000001 0.82536 0.042970000000000064 0.14514000000000005
11 0.792965 0.827755 0.04296999999999995 0.15310999999999997
11 0.870605 0.82775 0.04198999999999997 0.14992000000000005
11 0.17139 0.714515 0.06738000000000002 0.04465000000000008
7 0.614745 0.588515 0.018550000000000066 0.09888999999999992
7 0.52344 0.58692 0.01757999999999993 0.09888000000000008
7 0.41503999999999996 0.5853299999999999 0.017579999999999985 0.09887999999999997
7 0.3291 0.5837300000000001 0.01758000000000004 0.09887999999999997
7 0.23389 0.58134 0.016599999999999976 0.09728000000000003
7 0.15967 0.58134 0.016600000000000004 0.09728000000000003
7 0.109375 0.58134 0.015630000000000005 0.09728000000000003
7 0.183595 0.58134 0.015630000000000005 0.09728000000000003
7 0.27881 0.58453 0.016600000000000004 0.09728000000000003
7 0.36377000000000004 0.5853299999999999 0.016600000000000004 0.09887999999999997
7 0.47119 0.586125 0.016600000000000004 0.09728999999999999
7 0.5625 0.588515 0.015619999999999967 0.09569000000000005
7 0.612305 0.37639500000000004 0.019530000000000047 0.09251000000000004
7 0.56006 0.37878500000000004 0.01855999999999991 0.09090999999999999
7 0.5200199999999999 0.379585 0.01856000000000002 0.09250999999999998
7 0.46875 0.38117999999999996 0.019540000000000002 0.09249999999999997
7 0.41259999999999997 0.3748 0.018559999999999965 0.10208
7 0.362305 0.3748 0.015629999999999977 0.09888000000000002
7 0.327635 0.372405 0.01855000000000001 0.10366999999999998
7 0.23291 0.37639500000000004 0.016600000000000004 0.09251000000000004
7 0.27783 0.37241 0.016600000000000004 0.10048000000000001
7 0.18310500000000002 0.37560000000000004 0.018549999999999983 0.09410000000000002
7 0.15967 0.3748 0.016600000000000004 0.09249999999999997
7 0.10986 0.375595 0.016600000000000004 0.09090999999999999
7 0.61035 0.20334999999999998 0.01758000000000004 0.06858
7 0.5585899999999999 0.204145 0.01758000000000004 0.07017000000000001
7 0.51953 0.20494 0.01758000000000004 0.06858
7 0.46826 0.20573999999999998 0.016600000000000004 0.06698000000000001
7 0.41162 0.206535 0.016600000000000004 0.06539
7 0.36182000000000003 0.206535 0.016600000000000004 0.06539
7 0.32764000000000004 0.204145 0.016600000000000004 0.06699
7 0.27734000000000003 0.204145 0.017579999999999985 0.06699
7 0.2334 0.204145 0.017579999999999985 0.06699
7 0.18359 0.204145 0.017579999999999985 0.06699
7 0.15967 0.20573999999999998 0.016600000000000004 0.06698000000000001
7 0.10986 0.20573999999999998 0.016600000000000004 0.06698000000000001
4 0.71533 0.555825 0.07323999999999997 0.04625000000000001
4 0.794435 0.555025 0.07129000000000008 0.04465000000000008
4 0.87207 0.555025 0.07225999999999999 0.04465000000000008
