2 0.29385 0.574495 0.04737999999999998 0.14898999999999996
2 0.38256 0.574495 0.04737999999999998 0.14898999999999996
2 0.20212000000000002 0.574495 0.047380000000000005 0.14898999999999996
2 0.5887100000000001 0.5719650000000001 0.04837999999999998 0.14899
2 0.69204 0.574495 0.04737999999999998 0.14898999999999996
2 0.79284 0.574495 0.04737999999999998 0.14898999999999996
2 0.9002049999999999 0.577025 0.048390000000000044 0.14898999999999996
2 0.48992 0.57576 0.054440000000000044 0.14645999999999992
2 0.58821 0.31566 0.04737999999999998 0.11616000000000004
2 0.791335 0.31313 0.04637000000000002 0.11615999999999999
2 0.691025 0.32197 0.04335 0.12878
2 0.20464 0.333335 0.042340000000000017 0.14141000000000004
2 0.29335 0.329545 0.042340000000000044 0.13889
2 0.37702 0.334595 0.04233999999999999 0.13889
2 0.046371 0.625 0.042338 0.1388799999999999
2 0.046371 0.339645 0.042338 0.13889
2 0.27571 0.13889 0.04737999999999998 0.0606
2 0.69254 0.122475 0.0242 0.027770000000000003
2 0.197075 0.85101 0.05342999999999998 0.16161999999999999
2 0.289815 0.8535349999999999 0.05342999999999998 0.16160999999999992
2 0.38105 0.849745 0.054440000000000044 0.15908999999999995
3 0.0967755 0.897725 0.03830900000000001 0.18938999999999995
3 0.490425 0.88005 0.051409999999999956 0.2197
1 0.700605 0.512624 0.54233 0.959592
1 0.21522305 0.5176745 0.42641389999999996 0.959591
3 0.03024175 0.8952 0.0463705 0.19443999999999995
5 0.201105 0.651515 0.07358999999999999 0.03534999999999999
5 0.29234 0.651515 0.0746 0.03534999999999999
5 0.378025 0.65404 0.07459000000000005 0.03535999999999995
5 0.486395 0.65404 0.07359000000000004 0.03535999999999995
5 0.587195 0.65404 0.07359000000000004 0.03535999999999995
5 0.68851 0.64899 0.0746 0.03535999999999995
5 0.79335 0.65404 0.0746 0.03535999999999995
5 0.896675 0.65404 0.07359000000000004 0.03535999999999995
6 0.65625 0.401515 0.38305999999999996 0.16666999999999998
7 0.156755 0.32955 0.03528999999999999 0.14394
7 0.24849 0.33207 0.03527999999999998 0.14394
7 0.304435 0.329545 0.02418999999999999 0.13383
7 0.010584600000000001 0.343435 0.015120800000000002 0.13637
7 0.058972 0.33965 0.023186000000000005 0.13384000000000001
7 0.186995 0.8484849999999999 0.027210000000000012 0.15150999999999992
7 0.211185 0.8484849999999999 0.021169999999999994 0.15150999999999992
7 0.30191500000000004 0.8535349999999999 0.02521000000000001 0.15150999999999992
7 0.275705 0.8548 0.02318999999999999 0.15403999999999995
7 0.36794499999999997 0.85101 0.02418999999999999 0.15152
7 0.39415500000000003 0.8484849999999999 0.02418999999999999 0.15150999999999992
2 0.84073 0.8636349999999999 0.13507999999999998 0.16160999999999992
