1 0.36425149999999995 0.55471 0.556497 0.8855
1 0.815345 0.5318085 0.33559000000000005 0.9211229999999999
2 0.18044 0.34351 0.030359999999999998 0.08141999999999999
2 0.27066 0.346055 0.03204000000000001 0.08143
2 0.374365 0.34351 0.030349999999999988 0.08141999999999999
2 0.47892 0.346055 0.030359999999999998 0.08143
2 0.56745 0.346055 0.03204000000000007 0.08143
2 0.5699799999999999 0.508905 0.03710000000000002 0.09669
2 0.47892 0.508905 0.03710000000000002 0.09669
2 0.27319 0.51145 0.03710000000000002 0.09669999999999995
2 0.182965 0.51145 0.03541 0.09669999999999995
2 0.1855 0.67303 0.03710000000000002 0.09924
2 0.27487 0.67557 0.03710000000000002 0.09924
2 0.3769 0.6768449999999999 0.05227999999999999 0.09669000000000005
2 0.37521 0.503815 0.06240000000000001 0.09669
2 0.47892 0.671755 0.03710000000000002 0.09668999999999994
2 0.5699799999999999 0.6743 0.03710000000000002 0.09670000000000001
2 0.81619 0.176845 0.026980000000000004 0.06361
2 0.81619 0.45929 0.04722000000000004 0.07888
2 0.70658 0.46438 0.04722000000000004 0.07888000000000006
2 0.924115 0.463105 0.047209999999999974 0.07633000000000001
2 0.924115 0.34097 0.02699000000000007 0.05598000000000003
2 0.705735 0.34351 0.028669999999999973 0.055979999999999974
2 0.81619 0.321885 0.026980000000000004 0.08397000000000004
2 0.8170299999999999 0.60941 0.048900000000000055 0.07888000000000006
2 0.705735 0.6119600000000001 0.04891000000000001 0.07887999999999995
2 0.92496 0.60941 0.048899999999999944 0.07888000000000006
2 0.70826 0.7646299999999999 0.04722000000000004 0.07887999999999995
2 0.8195600000000001 0.7646299999999999 0.04721999999999993 0.07887999999999995
2 0.924115 0.76972 0.047209999999999974 0.07887999999999995
2 0.70658 0.92239 0.04722000000000004 0.07887999999999995
2 0.815345 0.918575 0.04891000000000001 0.07633000000000001
2 0.18128 0.20610499999999998 0.021919999999999995 0.07125000000000001
2 0.272345 0.20865 0.021930000000000005 0.07124
2 0.374365 0.20738 0.030349999999999988 0.07888
2 0.47723499999999996 0.20737499999999998 0.023609999999999964 0.07379
2 0.56577 0.20737499999999998 0.02191999999999994 0.07379
2 0.704045 0.16793999999999998 0.028669999999999973 0.07124
2 0.92243 0.170485 0.026980000000000004 0.07124999999999998
2 0.48229 0.838425 0.07420000000000004 0.10941000000000001
2 0.5699799999999999 0.838425 0.07419999999999993 0.10941000000000001
2 0.18297 0.8371500000000001 0.07588 0.11195999999999995
2 0.18297 0.8371500000000001 0.07588 0.11195999999999995
2 0.27403 0.839695 0.07588000000000003 0.11195
4 0.18044 0.15776 0.04722000000000001 0.020360000000000017
4 0.269815 0.160305 0.04721 0.02034999999999998
4 0.47723499999999996 0.160305 0.047209999999999974 0.02034999999999998
4 0.567455 0.16285 0.04891000000000001 0.02035999999999999
4 0.376895 0.15267 0.06239 0.035619999999999985
4 0.8161849999999999 0.0928755 0.12479000000000007 0.03816900000000001
4 0.18212499999999998 0.6056 0.07419 0.03054000000000001
4 0.269815 0.603055 0.07419 0.030529999999999946
4 0.47723 0.6056 0.07419999999999993 0.03054000000000001
4 0.56324 0.6081449999999999 0.07419999999999993 0.030530000000000057
4 0.70826 0.559795 0.07420000000000004 0.030530000000000057
4 0.8178749999999999 0.55725 0.07757000000000003 0.035619999999999985
4 0.925805 0.561065 0.07756999999999992 0.03817000000000004
4 0.925805 0.7162850000000001 0.08769000000000005 0.038169999999999926
4 0.819565 0.71374 0.08769000000000005 0.03815999999999997
4 0.706575 0.711195 0.08768999999999993 0.03817000000000004
4 0.7040500000000001 0.408395 0.07926 0.03817000000000004
4 0.8178749999999999 0.408395 0.07757000000000003 0.03817000000000004
4 0.92496 0.412215 0.07926 0.03563000000000005
4 0.8102849999999999 0.270995 0.062390000000000057 0.03816999999999998
5 0.17959999999999998 0.571245 0.06914000000000001 0.03817000000000004
5 0.26897 0.571245 0.06913999999999998 0.03817000000000004
5 0.4747 0.5750649999999999 0.06913999999999998 0.03562999999999994
5 0.56745 0.571245 0.06913999999999998 0.03817000000000004
5 0.817035 0.37277499999999997 0.06577 0.027990000000000015
5 0.704045 0.36895500000000003 0.06577 0.025450000000000028
5 0.924955 0.3715 0.06577 0.025440000000000018
5 0.924955 0.508905 0.06577 0.025450000000000028
5 0.817035 0.505085 0.06577 0.02798999999999996
5 0.704045 0.505085 0.06577 0.02798999999999996
5 0.70236 0.659035 0.06576000000000004 0.025449999999999973
5 0.8145 0.661575 0.06407999999999991 0.025449999999999973
5 0.9198999999999999 0.653945 0.06575999999999993 0.025449999999999973
5 0.70658 0.8091600000000001 0.06408000000000003 0.025440000000000018
5 0.817035 0.811705 0.06577 0.025449999999999973
5 0.9266449999999999 0.811705 0.06577 0.025449999999999973
6 0.187185 0.7315499999999999 0.04385 0.05344000000000004
6 0.272345 0.72774 0.04552999999999999 0.05598000000000003
6 0.37605500000000003 0.73028 0.05733000000000005 0.04579999999999995
6 0.48229500000000003 0.73028 0.040470000000000006 0.050900000000000056
6 0.568295 0.7264649999999999 0.040470000000000006 0.05342999999999998
6 0.379425 0.888045 0.08768999999999999 0.06106999999999996
7 0.804385 0.43511500000000003 0.02022999999999997 0.020350000000000035
7 0.7175400000000001 0.43766000000000005 0.02529999999999999 0.02035999999999999
7 0.693925 0.43766000000000005 0.018550000000000066 0.02035999999999999
7 0.91147 0.440205 0.02191999999999994 0.025449999999999973
7 0.93592 0.43766 0.020240000000000036 0.025440000000000018
7 0.6939299999999999 0.5865100000000001 0.02192000000000005 0.02290000000000003
7 0.7175400000000001 0.58397 0.02192000000000005 0.02289999999999992
7 0.806915 0.5865100000000001 0.021930000000000005 0.02290000000000003
7 0.827995 0.6030500000000001 0.02022999999999997 0.05598000000000003
7 0.91231 0.586515 0.020239999999999925 0.02798999999999996
7 0.937605 0.586515 0.02022999999999997 0.02798999999999996
8 0.37268 0.43257 0.02023999999999998 0.04580000000000001
8 0.813655 0.11831900000000001 0.08262999999999998 0.04834200000000001
8 0.8726799999999999 0.20992499999999997 0.07926 0.13995
8 0.76391 0.21246500000000001 0.08094000000000001 0.13995000000000002
9 0.3659345 0.26844999999999997 0.546371 0.05343999999999999
9 0.365091 0.41476 0.548058 0.06616
9 0.3676225 0.75827 0.5463749999999999 0.035619999999999985
9 0.8170299999999999 0.8371500000000001 0.32545999999999997 0.035620000000000096
8 0.70236 0.30916 0.10285999999999995 0.048339999999999994
8 0.92833 0.30916 0.10285999999999995 0.048339999999999994
4 0.704045 0.115776 0.05564999999999998 0.03816800000000001
4 0.92074 0.117046 0.04722000000000004 0.040707999999999994
10 0.12816 0.6106849999999999 0.016859999999999986 0.28498999999999997
10 0.32293499999999997 0.6081449999999999 0.01855000000000001 0.28498999999999997
10 0.42664500000000005 0.6081449999999999 0.016869999999999996 0.28498999999999997
10 0.6188899999999999 0.6106849999999999 0.016859999999999986 0.28498999999999997
10 0.22513 0.33079000000000003 0.015179999999999999 0.11196
10 0.126475 0.32824 0.013490000000000002 0.11196
10 0.32293499999999997 0.33333 0.015169999999999961 0.11196
10 0.426645 0.33079000000000003 0.013490000000000002 0.11196
10 0.522765 0.33333 0.013490000000000002 0.11196
10 0.618045 0.33333 0.015170000000000017 0.11196
10 0.126475 0.430025 0.033729999999999996 0.07633000000000001
10 0.32209 0.446565 0.030359999999999998 0.048350000000000004
10 0.42749000000000004 0.445295 0.03204000000000001 0.040710000000000024
10 0.618885 0.430025 0.03373000000000004 0.07125000000000004
10 0.22766 0.834605 0.010120000000000018 0.13740999999999992
10 0.5252950000000001 0.834605 0.011809999999999987 0.13740999999999992
10 0.227655 0.90967 0.013490000000000002 0.012720000000000065
10 0.5252950000000001 0.90967 0.015170000000000017 0.012720000000000065
2 0.924115 0.9058550000000001 0.050590000000000024 0.05088999999999999
2 0.379425 0.8307899999999999 0.07083 0.09414
11 0.230185 0.946565 0.16021000000000002 0.040710000000000024
11 0.524455 0.94402 0.16189000000000003 0.03054000000000001
11 0.821245 0.9580150000000001 0.3170299999999999 0.048350000000000004
11 0.42074 0.033078750000000004 0.37267999999999996 0.061068500000000005
11 0.819565 0.03435125 0.2900499999999999 0.06361349999999999
