1 0.47020999999999996 0.5122455 0.71582 0.9700690000000001
2 0.19335999999999998 0.20407999999999998 0.03516 0.09523999999999999
2 0.31543 0.20611999999999997 0.03515999999999997 0.09659999999999999
2 0.376465 0.20748 0.036129999999999995 0.09660000000000002
2 0.45116999999999996 0.20611999999999997 0.035160000000000025 0.09659999999999999
2 0.51172 0.20611999999999997 0.03515999999999997 0.09659999999999999
2 0.587405 0.20748 0.036129999999999995 0.09660000000000002
2 0.646485 0.20611999999999997 0.035150000000000015 0.09659999999999999
2 0.72363 0.20543999999999998 0.03516000000000008 0.09795999999999999
2 0.782715 0.20543999999999998 0.036129999999999995 0.09795999999999999
2 0.315915 0.41156499999999996 0.036129999999999995 0.09659000000000001
2 0.375 0.41293 0.03515999999999997 0.09932000000000002
2 0.45215 0.412245 0.03515999999999997 0.09795000000000004
2 0.511715 0.412245 0.03711000000000003 0.10069
2 0.5878950000000001 0.41156000000000004 0.03711000000000009 0.09932000000000002
2 0.6459999999999999 0.41088 0.03417999999999999 0.10067999999999999
2 0.19530999999999998 0.41156000000000004 0.03516 0.09932000000000002
2 0.72363 0.4102 0.03516000000000008 0.09931999999999996
2 0.78125 0.40952 0.03516000000000008 0.10067999999999999
2 0.194825 0.62041 0.036129999999999995 0.10339999999999994
2 0.316405 0.62041 0.035150000000000015 0.10611999999999999
2 0.37793 0.62041 0.03515999999999997 0.10611999999999999
2 0.45215 0.62177 0.03515999999999997 0.10611999999999999
2 0.510255 0.62245 0.036129999999999995 0.10476000000000008
2 0.586915 0.62177 0.035150000000000015 0.10611999999999999
2 0.64453 0.62041 0.03515999999999997 0.10611999999999999
2 0.722655 0.62041 0.035150000000000015 0.10611999999999999
2 0.781735 0.62041 0.036129999999999995 0.10339999999999994
2 0.0678715 0.23401500000000003 0.02246100000000001 0.08707000000000001
2 0.0688475 0.437415 0.022460999999999995 0.10477000000000003
2 0.06835949999999999 0.63401 0.023437 0.10067999999999999
2 0.877445 0.26666999999999996 0.036129999999999995 0.09795999999999999
2 0.937985 0.26463000000000003 0.036129999999999995 0.09932000000000002
2 0.878905 0.47007 0.03711000000000009 0.09932000000000002
2 0.938965 0.46939 0.03809000000000007 0.09795999999999999
2 0.878415 0.67755 0.036130000000000106 0.10611999999999999
2 0.939455 0.67755 0.037109999999999976 0.10884000000000005
2 0.19579999999999997 0.8333349999999999 0.07324 0.12924999999999998
2 0.34863500000000003 0.831295 0.07031000000000004 0.12517
3 0.48534999999999995 0.8721099999999999 0.06639999999999996 0.20679999999999998
2 0.0678715 0.87007 0.02246100000000001 0.09932000000000007
4 0.064453 0.165985 0.039062000000000006 0.03537000000000001
4 0.19531500000000002 0.14354 0.06641 0.055779999999999996
4 0.31494 0.14422000000000001 0.06152000000000002 0.051699999999999996
4 0.38037 0.14558 0.06152000000000002 0.051699999999999996
4 0.45166 0.14558 0.06152000000000002 0.051699999999999996
4 0.51514 0.1449 0.061520000000000075 0.050339999999999996
4 0.58887 0.14558 0.0625 0.051699999999999996
4 0.65332 0.14422000000000001 0.06640000000000001 0.054419999999999996
4 0.7231449999999999 0.14354 0.061529999999999974 0.050339999999999996
4 0.78662 0.14218 0.06347999999999998 0.053059999999999996
4 0.87793 0.195235 0.0625 0.028570000000000012
4 0.9418949999999999 0.194555 0.061529999999999974 0.029930000000000012
4 0.0654295 0.364625 0.046875 0.06258999999999998
4 0.19775500000000001 0.332655 0.07519 0.08299000000000001
4 0.34717 0.32653 0.13574000000000003 0.10067999999999999
4 0.48389000000000004 0.32789 0.13574000000000003 0.10067999999999999
4 0.6206050000000001 0.32857000000000003 0.13574999999999993 0.10203999999999996
4 0.7583 0.33197 0.13573999999999997 0.10067999999999999
4 0.915525 0.38503 0.14941000000000004 0.10067999999999999
4 0.914065 0.5932 0.15039000000000002 0.09795999999999994
4 0.34765999999999997 0.533335 0.13672 0.10884999999999995
4 0.48633000000000004 0.5353749999999999 0.13672 0.10748999999999997
4 0.61963 0.533335 0.13769999999999993 0.10884999999999995
4 0.75586 0.540135 0.13671999999999995 0.10885
4 0.194825 0.542855 0.07518999999999998 0.07618999999999998
4 0.065918 0.5605450000000001 0.04785199999999999 0.06802999999999992
5 0.067871 0.49251500000000004 0.041992 0.01633000000000001
5 0.19530999999999998 0.47415 0.07421999999999998 0.031299999999999994
5 0.34668 0.47347 0.125 0.029939999999999967
5 0.48095999999999994 0.472105 0.12401999999999996 0.027209999999999956
5 0.61914 0.47414999999999996 0.12304000000000004 0.028579999999999994
5 0.75488 0.47279 0.125 0.031299999999999994
5 0.913575 0.531975 0.13378999999999996 0.029930000000000012
5 0.87793 0.75238 0.06054000000000004 0.04897999999999991
5 0.94141 0.7544200000000001 0.056640000000000024 0.053059999999999996
5 0.19531 0.6993199999999999 0.0625 0.054420000000000024
5 0.0673825 0.7095199999999999 0.033203 0.04490000000000005
9 0.46875 0.09591949999999999 0.7070399999999999 0.09932099999999999
9 0.46875 0.262585 0.7089799999999999 0.027209999999999984
9 0.47021500000000005 0.708165 0.70997 0.07755000000000001
11 0.69336 0.84694 0.04296 0.11292000000000002
11 0.753905 0.84422 0.07030999999999998 0.15646000000000004
11 0.6206050000000001 0.87007 0.07518999999999998 0.19999999999999996
11 0.91309 0.89796 0.0625 0.13334000000000001
