1 0.49571950000000004 0.5008993 0.875001 0.9982014
2 0.48458500000000004 0.28327 0.08219000000000004 0.12410000000000002
2 0.228595 0.284175 0.07362999999999997 0.11871000000000001
2 0.76199 0.28867 0.07534000000000007 0.1205
2 0.222605 0.5036 0.07877 0.1295
2 0.48031 0.5027 0.08047999999999994 0.12769999999999998
2 0.75942 0.50899 0.08048 0.1295
2 0.224315 0.7284200000000001 0.07535 0.1259
2 0.48202 0.7284200000000001 0.07705999999999996 0.1259
2 0.7611300000000001 0.7302200000000001 0.07706000000000002 0.1259
2 0.49058 0.066549 0.06678000000000006 0.104322
2 0.7637 0.03956835 0.09245999999999999 0.0683453
2 0.22089000000000003 0.038668850000000005 0.09246000000000001 0.0665463
5 0.22089 0.35522 0.12328 0.023380000000000012
5 0.48031 0.35341999999999996 0.125 0.023380000000000012
5 0.75685 0.35791 0.12328000000000006 0.02517999999999998
5 0.21661000000000002 0.57464 0.12500000000000003 0.023380000000000067
5 0.4786 0.57464 0.125 0.023380000000000067
5 0.755135 0.58273 0.1232899999999999 0.02517999999999998
9 0.4965775 0.10881500000000001 0.8527450000000001 0.09173
9 0.5034265 0.7985599999999999 0.869867 0.02518000000000009
11 0.214895 0.93345 0.17637000000000003 0.10071999999999992
11 0.476885 0.9415450000000001 0.20377 0.10611000000000004
11 0.755135 0.94245 0.18151000000000006 0.10071999999999992
11 0.90839 0.9298599999999999 0.04623999999999995 0.12229999999999996
11 0.22003 0.634895 0.16952 0.03237000000000001
11 0.47773999999999994 0.619605 0.26711999999999997 0.06655
11 0.75685 0.6375900000000001 0.17124000000000006 0.03417999999999999
11 0.478595 0.828235 0.17636999999999997 0.03416999999999992
