1 0.50073315 0.5019531 0.9985337 0.9960938
2 0.17595 0.202635 0.07918 0.08104999999999998
2 0.5022 0.202635 0.07772000000000001 0.08104999999999998
2 0.82551 0.202635 0.07918000000000003 0.08104999999999998
2 0.82698 0.330565 0.09384000000000003 0.07715
2 0.5014700000000001 0.330565 0.09384000000000003 0.07715
2 0.17448999999999998 0.333495 0.09384 0.07715
2 0.17448999999999998 0.46777 0.09384 0.08593999999999996
2 0.49853000000000003 0.46924 0.09383999999999998 0.08692000000000005
2 0.821115 0.4668 0.09384999999999999 0.08593999999999996
2 0.825515 0.609375 0.10556999999999994 0.09960999999999998
2 0.497065 0.607425 0.10556999999999994 0.09960999999999998
2 0.17302 0.6088899999999999 0.09677999999999999 0.10253999999999996
2 0.503665 0.751465 0.13049000000000005 0.08887
2 0.821115 0.751465 0.12902999999999998 0.08887
2 0.17375 0.751465 0.1305 0.08887
3 0.5044 0.9443349999999999 0.17302000000000006 0.10743000000000003
5 0.174485 0.8188500000000001 0.13783 0.04589999999999994
5 0.5007349999999999 0.81787 0.13929000000000002 0.04590000000000005
5 0.82478 0.81592 0.13929999999999998 0.04590000000000005
6 0.4956 0.66211 0.9677399999999999 0.09179999999999999
6 0.1612915 0.5083 0.167157 0.08299999999999996
6 0.49560000000000004 0.50781 0.16716000000000003 0.08397999999999994
6 0.82698 0.510255 0.15835999999999995 0.08301000000000003
6 0.828445 0.371095 0.15835 0.08984999999999999
6 0.4956 0.374025 0.15835999999999995 0.08984999999999999
6 0.1627545 0.373535 0.167151 0.08496999999999999
6 0.4956025 0.237305 0.8768349999999999 0.07421
8 0.222875 0.129395 0.03813 0.04589
8 0.1114375 0.1225595 0.038125000000000006 0.045901
8 0.0227273 0.123535 0.0395894 0.04589
8 0.446485 0.126465 0.03958999999999996 0.045889999999999986
8 0.54912 0.126465 0.03958000000000006 0.045889999999999986
8 0.7727299999999999 0.126465 0.03812000000000004 0.045889999999999986
8 0.88123 0.126465 0.03812000000000004 0.045889999999999986
4 0.151026 0.0649415 0.11436800000000001 0.045898999999999995
4 0.49707 0.069824 0.08798 0.059570000000000005
4 0.8299099999999999 0.0732445 0.08798000000000006 0.060551
8 0.33577999999999997 0.722655 0.061580000000000024 0.06054999999999999
8 0.666425 0.72168 0.07185000000000008 0.056640000000000024
9 0.501467 0.10986499999999999 0.982406 0.10059
9 0.50293385 0.26416 0.9882723 0.022460000000000035
11 0.824045 0.92578 0.18474999999999997 0.14258000000000004
11 0.178152 0.9262699999999999 0.186216 0.14356000000000002
11 0.5022 0.8720699999999999 0.18622 0.029299999999999993
