1 0.5184805 0.5044065 0.963039 0.986787
2 0.14579 0.30947 0.0657 0.10352
2 0.31725000000000003 0.30947 0.06775999999999999 0.10352
2 0.505135 0.30947 0.06570999999999999 0.10352
2 0.679675 0.30947 0.06571000000000005 0.10352
2 0.14579 0.518725 0.07392 0.12115000000000004
2 0.31622 0.518725 0.07391999999999999 0.12115000000000004
2 0.50308 0.520925 0.07391999999999999 0.12115000000000004
2 0.67762 0.519825 0.06982 0.12335000000000002
2 0.8542099999999999 0.311675 0.06569999999999998 0.10353000000000001
2 0.8511299999999999 0.51652 0.07185999999999992 0.12113999999999997
2 0.84805 0.737885 0.06982 0.12335000000000007
2 0.67762 0.7356849999999999 0.06982 0.12334999999999996
2 0.50308 0.737885 0.06982 0.12335000000000007
2 0.313145 0.740085 0.07186999999999999 0.12335000000000007
2 0.13963 0.738985 0.06982000000000001 0.12115000000000009
2 0.8490800000000001 0.9449350000000001 0.06775999999999993 0.10572999999999999
2 0.67659 0.94383 0.06776000000000004 0.10351999999999995
2 0.5 0.94493 0.06776000000000004 0.10131999999999997
2 0.31109 0.946035 0.06775999999999999 0.10353000000000001
2 0.13963 0.94383 0.0657 0.10351999999999995
2 0.303905 0.0892065 0.05338999999999999 0.072687
2 0.492815 0.0892065 0.05339000000000005 0.072687
5 0.140658 0.36673999999999995 0.104724 0.019820000000000004
5 0.314165 0.372245 0.10266999999999998 0.022029999999999994
5 0.50205 0.36784 0.10471999999999998 0.02202000000000004
5 0.67659 0.370045 0.10472000000000004 0.022029999999999994
5 0.850105 0.371145 0.10267000000000004 0.019830000000000014
5 0.849075 0.587005 0.10882999999999998 0.024229999999999974
5 0.675565 0.587005 0.11089000000000004 0.024229999999999974
5 0.49794499999999997 0.589205 0.11292999999999997 0.024229999999999974
5 0.31006500000000004 0.587005 0.11498999999999998 0.024229999999999974
5 0.1355245 0.587005 0.114991 0.024229999999999974
5 0.845995 0.1663 0.10266999999999993 0.02422000000000002
7 0.50821 0.52974 0.055440000000000045 0.09912000000000004
7 0.682755 0.5011 0.05954999999999999 0.04625999999999997
7 0.67967 0.727975 0.0616000000000001 0.06386999999999998
7 0.31622 0.746695 0.057499999999999996 0.09251000000000009
7 0.143735 0.7356849999999999 0.05749 0.07049000000000005
7 0.8511299999999999 0.9526399999999999 0.05954000000000004 0.08150000000000002
7 0.67762 0.9526399999999999 0.0616000000000001 0.08150000000000002
7 0.31417 0.943835 0.057499999999999996 0.05506999999999995
7 0.143735 0.9537450000000001 0.05338999999999999 0.07928999999999997
9 0.4024625 0.162995 0.7145750000000001 0.08811000000000001
9 0.5030789999999999 0.810575 0.9117019999999999 0.026430000000000065
