1 0.495255 0.5356449999999999 0.57769 0.70605
2 0.29656 0.35205 0.08304 0.11230000000000001
2 0.55872 0.34961 0.09489999999999998 0.11327999999999999
2 0.295375 0.54785 0.08303000000000005 0.11327999999999999
2 0.56109 0.54785 0.09251999999999994 0.11327999999999999
2 0.295375 0.7436499999999999 0.08303000000000005 0.11229999999999996
2 0.56109 0.74805 0.09251999999999994 0.11328000000000005
2 0.0984565 0.31836 0.06642700000000001 0.054680000000000006
2 0.0990515 0.45508 0.06761700000000001 0.0625
2 0.09727050000000001 0.6088849999999999 0.06879900000000001 0.06933
3 0.07532549999999999 0.816405 0.11980899999999998 0.13866999999999996
4 0.297155 0.44971 0.12455000000000002 0.06347999999999998
4 0.55931 0.44971 0.14115999999999995 0.06347999999999998
5 0.0771075 0.48975 0.144725 0.010740000000000027
5 0.0824425 0.34863 0.136415 0.011720000000000008
5 0.079478 0.64697 0.137604 0.010740000000000083
5 0.29834 0.41211 0.13168 0.011720000000000008
5 0.559905 0.41113500000000003 0.14708999999999994 0.013670000000000015
5 0.29774500000000004 0.612305 0.12811 0.02149000000000001
5 0.560495 0.6137699999999999 0.13878999999999997 0.020500000000000074
2 0.102017 0.115725 0.023725999999999997 0.02636999999999999
9 0.495255 0.240725 0.56583 0.09276999999999996
9 0.49585 0.667485 0.5693999999999999 0.0595699999999999
10 0.46204 0.43164 0.034399999999999986 0.25782
10 0.66014 0.43261499999999997 0.0344000000000001 0.25781000000000004
10 0.462635 0.6005849999999999 0.04744999999999999 0.08006999999999997
10 0.40866 0.6005849999999999 0.022540000000000004 0.08202999999999994
10 0.66133 0.60156 0.04864000000000002 0.08007999999999993
10 0.710555 0.603515 0.02135000000000009 0.07813000000000003
10 0.41103500000000004 0.432615 0.017790000000000028 0.25195
10 0.7070000000000001 0.43945 0.01660000000000006 0.25
10 0.40866 0.29052500000000003 0.022540000000000004 0.032230000000000036
10 0.46085 0.287595 0.04152 0.03027000000000002
10 0.65955 0.288575 0.04034000000000004 0.030269999999999964
10 0.70878 0.296385 0.020160000000000067 0.036129999999999995
11 0.172595 0.82178 0.024909999999999988 0.028320000000000012
