1 0.5019947 0.5219705 0.9960106 0.9423790000000001
2 0.069812 0.226075 0.06781600000000002 0.08690999999999999
2 0.25997 0.22314499999999998 0.06781999999999996 0.08691000000000002
2 0.45146 0.22119 0.06782000000000005 0.08692
2 0.64827 0.22314499999999998 0.06781999999999999 0.08691000000000002
2 0.84242 0.22655999999999998 0.0678200000000001 0.08593999999999999
2 0.06582249999999999 0.390135 0.07313499999999999 0.09863
2 0.25598 0.388185 0.07313999999999998 0.09863
2 0.450795 0.388185 0.07181000000000004 0.09863
2 0.64694 0.388185 0.07313999999999998 0.09863
2 0.84242 0.390135 0.0731400000000001 0.09863
2 0.84375 0.5737300000000001 0.07313999999999998 0.10253999999999996
2 0.65093 0.5737300000000001 0.07313999999999998 0.10253999999999996
2 0.45279 0.5727500000000001 0.07314000000000004 0.10253999999999996
2 0.25598 0.5727500000000001 0.07313999999999998 0.10253999999999996
2 0.25864 0.75342 0.07313999999999998 0.10840000000000005
2 0.45146 0.754395 0.07314000000000004 0.10838999999999999
2 0.64694 0.7563500000000001 0.07313999999999998 0.10839999999999994
2 0.8397600000000001 0.75537 0.0731400000000001 0.10840000000000005
3 0.265295 0.93701 0.15559 0.11230000000000007
4 0.06914925 0.16943 0.1196815 0.028320000000000012
4 0.25931 0.165035 0.11967999999999998 0.03125
4 0.45346 0.16454999999999997 0.11967999999999995 0.03028
4 0.64894 0.166015 0.11968000000000001 0.03125
4 0.84508 0.16845500000000002 0.11835999999999991 0.03026999999999999
4 0.844415 0.325195 0.13297000000000003 0.03321000000000002
4 0.652925 0.32178 0.13297000000000003 0.03417999999999999
4 0.45744999999999997 0.3208 0.13298 0.034180000000000044
4 0.25532 0.32178 0.13298 0.03417999999999999
4 0.07180955 0.32275 0.1329809 0.03417999999999999
4 0.25465499999999996 0.50293 0.13430999999999998 0.044920000000000015
4 0.450135 0.50049 0.13431000000000004 0.043940000000000035
4 0.65359 0.50195 0.13430000000000009 0.044920000000000015
4 0.84375 0.501465 0.13430000000000009 0.04394999999999999
4 0.84109 0.6831050000000001 0.13430000000000009 0.043950000000000045
4 0.649605 0.68506 0.13430999999999993 0.04394000000000009
4 0.44947000000000004 0.68408 0.13564000000000004 0.04393999999999998
4 0.25731499999999996 0.683595 0.13165 0.042970000000000064
4 0.072474 0.50244 0.11569199999999999 0.043940000000000035
7 0.01994655 0.225585 0.0292549 0.08593
7 0.11369699999999999 0.22168 0.030585999999999988 0.08593999999999999
7 0.210105 0.22119 0.03723000000000001 0.08496000000000001
7 0.30718 0.2168 0.037239999999999995 0.08593999999999999
7 0.40359 0.2207 0.03590000000000004 0.08594000000000002
7 0.5006649999999999 0.220215 0.03591 0.08496999999999999
7 0.5997349999999999 0.22411999999999999 0.037229999999999985 0.08496000000000001
7 0.700135 0.22460999999999998 0.03591 0.08593999999999999
7 0.79322 0.22607 0.03589999999999993 0.08496000000000001
7 0.892285 0.22705 0.03456999999999999 0.08300000000000002
7 0.896275 0.389645 0.03988999999999998 0.09961000000000003
7 0.792555 0.387695 0.03988999999999998 0.09960999999999998
7 0.7007950000000001 0.388675 0.03989000000000009 0.09960999999999998
7 0.59641 0.385745 0.03855999999999993 0.09960999999999998
7 0.50665 0.388675 0.039899999999999936 0.09960999999999998
7 0.398935 0.385745 0.03988999999999998 0.09960999999999998
7 0.31117 0.388675 0.03990000000000005 0.09960999999999998
7 0.204785 0.388675 0.03989000000000001 0.09960999999999998
7 0.1156925 0.390625 0.039895000000000014 0.09960999999999998
7 0.112367 0.569335 0.030586000000000002 0.09960999999999998
7 0.202125 0.572265 0.03988999999999998 0.09960999999999998
7 0.30452 0.571285 0.03989999999999999 0.09960999999999998
7 0.397605 0.572265 0.03988999999999998 0.09960999999999998
7 0.5039899999999999 0.571285 0.039899999999999936 0.09960999999999998
7 0.598405 0.573245 0.03988999999999998 0.09960999999999998
7 0.7074450000000001 0.574215 0.037229999999999985 0.09960999999999998
7 0.7905599999999999 0.571285 0.03856000000000004 0.09960999999999998
7 0.904255 0.574215 0.04254999999999998 0.09960999999999998
7 0.20678000000000002 0.75049 0.03856000000000001 0.10840000000000005
7 0.31516 0.75537 0.037239999999999995 0.10840000000000005
7 0.398935 0.754395 0.037229999999999985 0.10838999999999999
7 0.505985 0.754395 0.03856999999999999 0.10838999999999999
7 0.591755 0.75342 0.037229999999999985 0.10840000000000005
7 0.698805 0.754395 0.03856999999999999 0.10838999999999999
7 0.7859050000000001 0.754395 0.037229999999999985 0.10838999999999999
7 0.88896 0.7568349999999999 0.03856000000000004 0.10743000000000003
8 0.03191475 0.13232 0.0452125 0.022460000000000008
8 0.166888 0.12939 0.155584 0.022459999999999994
8 0.359045 0.126465 0.15691 0.02246999999999999
8 0.5492 0.126465 0.15692 0.02246999999999999
8 0.7406900000000001 0.12842 0.15692000000000006 0.022459999999999994
8 0.893615 0.13135000000000002 0.06649000000000005 0.022460000000000008
8 0.97141 0.137695 0.05186000000000002 0.02342999999999998
7 0.980055 0.233885 0.03456999999999999 0.08301000000000003
7 0.978725 0.395995 0.03456999999999999 0.09472999999999998
7 0.978725 0.576175 0.03456999999999999 0.09960999999999998
9 0.50066425 0.1118185 0.9827115 0.09668299999999999
9 0.503324 0.28467 0.9853719999999999 0.04004000000000002
9 0.5046535 0.45166 0.972073 0.03417999999999999
9 0.5046535 0.6386700000000001 0.972073 0.03515999999999997
9 0.50066425 0.822265 0.9827115 0.03906999999999994
11 0.9727399999999999 0.47168 0.04388000000000003 0.044920000000000015
11 0.44681 0.932615 0.20743999999999996 0.11719000000000002
11 0.648935 0.9292 0.19149000000000005 0.12402000000000002
11 0.8703449999999999 0.9272450000000001 0.24335000000000007 0.12597000000000003
