1 0.505222 0.4951181 0.989556 0.9824238000000001
2 0.0913855 0.29541 0.067889 0.032220000000000026
2 0.093996 0.349605 0.067888 0.03125
2 0.0913855 0.412105 0.067889 0.03125
2 0.0913855 0.466795 0.067889 0.03125
2 0.093996 0.522465 0.067888 0.03125
2 0.0913855 0.57666 0.067889 0.032220000000000026
2 0.08877499999999999 0.631835 0.06789 0.03125
2 0.0913855 0.686525 0.067889 0.03125
2 0.092691 0.749025 0.065278 0.03711000000000009
2 0.091386 0.241215 0.062668 0.03125
2 0.331595 0.23925999999999997 0.06788999999999995 0.03319999999999998
2 0.498695 0.23974499999999999 0.06789 0.03222999999999998
2 0.66449 0.23925999999999997 0.07050000000000001 0.03319999999999998
2 0.900785 0.24463000000000001 0.0678899999999999 0.032220000000000026
2 0.331595 0.29541 0.06788999999999995 0.032220000000000026
2 0.5 0.293945 0.07050000000000001 0.03321000000000002
2 0.66188 0.29492 0.07050000000000001 0.03320000000000001
2 0.89817 0.29785 0.06787999999999994 0.03320000000000001
2 0.9020900000000001 0.353515 0.0704999999999999 0.03321000000000002
2 0.66188 0.34863 0.07050000000000001 0.03320000000000001
2 0.49739 0.34863 0.07050000000000001 0.03320000000000001
2 0.3329 0.34863 0.07049999999999995 0.03320000000000001
2 0.331595 0.410645 0.06788999999999995 0.03222999999999998
2 0.5 0.410645 0.07050000000000001 0.03222999999999998
2 0.66449 0.41113 0.07050000000000001 0.03320000000000001
2 0.89817 0.41308500000000004 0.06787999999999994 0.03321000000000002
2 0.8994800000000001 0.46875 0.0704999999999999 0.03320000000000001
2 0.66449 0.46582 0.07050000000000001 0.03320000000000001
2 0.498695 0.465335 0.06789 0.03222999999999998
2 0.3329 0.46582 0.07049999999999995 0.03320000000000001
2 0.331595 0.5200199999999999 0.06788999999999995 0.032220000000000026
2 0.501305 0.5200199999999999 0.06789 0.032220000000000026
2 0.663185 0.521485 0.06789 0.03320999999999996
2 0.89817 0.5234399999999999 0.06787999999999994 0.03320000000000001
2 0.9020900000000001 0.57715 0.0704999999999999 0.03320000000000001
2 0.66449 0.5761700000000001 0.07050000000000001 0.03320000000000001
2 0.5 0.575195 0.07050000000000001 0.03320999999999996
2 0.33551 0.5761700000000001 0.07049999999999995 0.03320000000000001
2 0.331595 0.63086 0.06788999999999995 0.03320000000000001
2 0.498695 0.63086 0.06789 0.03320000000000001
2 0.66449 0.628905 0.07050000000000001 0.03321000000000007
2 0.89817 0.631835 0.06787999999999994 0.03320999999999996
2 0.8994800000000001 0.6855500000000001 0.0704999999999999 0.03320000000000001
2 0.66449 0.68506 0.07050000000000001 0.032219999999999915
2 0.49739 0.6845699999999999 0.07050000000000001 0.03320000000000001
2 0.331595 0.68652 0.06788999999999995 0.03320000000000001
2 0.899475 0.749025 0.06526999999999994 0.03711000000000009
2 0.663185 0.75098 0.06789 0.04492000000000007
2 0.49739 0.75293 0.07050000000000001 0.04492000000000007
2 0.32898 0.09570500000000001 0.12009999999999998 0.06055000000000001
2 0.5 0.09619 0.12272 0.061520000000000005
2 0.6671050000000001 0.09619 0.11748999999999998 0.061520000000000005
2 0.663185 0.16650500000000001 0.12010999999999994 0.05371000000000001
2 0.493475 0.16748000000000002 0.12532999999999994 0.05176
2 0.32898 0.166015 0.12009999999999998 0.054690000000000016
2 0.87337 0.13916 0.08616000000000001 0.053720000000000004
2 0.87076 0.18506 0.09138000000000002 0.02245999999999998
2 0.116186 0.18066500000000002 0.112268 0.025389999999999996
2 0.1122705 0.13428 0.109659 0.05176
2 0.090077 0.8144499999999999 0.101826 0.03320000000000001
2 0.906005 0.81299 0.09920999999999991 0.032219999999999915
4 0.49477499999999996 0.7231449999999999 0.10705000000000003 0.012689999999999979
4 0.66188 0.7231449999999999 0.10704000000000002 0.012689999999999979
4 0.899475 0.72412 0.10704999999999998 0.012699999999999934
4 0.092687 0.7231449999999999 0.107046 0.012689999999999979
5 0.090077 0.7758799999999999 0.101826 0.01856000000000002
5 0.902085 0.77441 0.10182999999999998 0.01758000000000004
6 0.503915 0.770995 0.5535300000000001 0.024410000000000043
8 0.906005 0.905765 0.10442999999999991 0.08887
8 0.0926875 0.906735 0.101825 0.08887
10 0.24542999999999998 0.13134600000000002 0.03656000000000001 0.104488
10 0.18799 0.13134600000000002 0.03656000000000001 0.104488
10 0.41384 0.131834 0.028720000000000023 0.103512
10 0.582245 0.132324 0.026110000000000078 0.10449200000000002
10 0.75457 0.1333025 0.03656000000000004 0.10449499999999999
10 0.808095 0.1333025 0.033949999999999925 0.10449499999999999
10 0.24935000000000002 0.89746 0.03394 0.11914000000000002
10 0.3094 0.89697 0.03393999999999997 0.12012
10 0.69321 0.895995 0.03394000000000008 0.12010999999999994
10 0.75326 0.89746 0.03393999999999997 0.11914000000000002
10 0.244125 0.827145 0.06004999999999999 0.019530000000000047
10 0.3094 0.826175 0.06006 0.019530000000000047
10 0.6906 0.82666 0.06006 0.020500000000000074
10 0.7532650000000001 0.827145 0.06005000000000005 0.019530000000000047
10 0.189295 0.0703125 0.05483000000000002 0.017579000000000004
10 0.24542999999999998 0.0703125 0.052220000000000016 0.017579000000000004
10 0.41122499999999995 0.0708005 0.05482999999999999 0.018554999999999995
10 0.5848599999999999 0.0717775 0.052220000000000044 0.018555000000000002
10 0.7506550000000001 0.07275400000000001 0.054830000000000045 0.018554
10 0.8094 0.072266 0.05221999999999993 0.017577999999999996
10 0.18799 0.188475 0.052220000000000016 0.009770000000000001
10 0.244125 0.188475 0.05482999999999999 0.009770000000000001
10 0.41383499999999995 0.188965 0.05482999999999999 0.008789999999999992
10 0.5770200000000001 0.189455 0.052220000000000044 0.009770000000000001
10 0.7532650000000001 0.189945 0.054830000000000045 0.00879000000000002
10 0.81201 0.19043 0.05221999999999993 0.009760000000000019
11 0.501305 0.905275 0.28720999999999997 0.1035100000000001
8 0.331595 0.732425 0.12533 0.04882999999999993
