1 0.7877149999999999 0.480591 0.27839 0.8104979999999999
1 0.5505450000000001 0.468034 0.18973000000000007 0.8356119999999999
1 0.34526 0.474887 0.22083999999999998 0.8264859999999999
1 0.1547425 0.489724 0.157075 0.805932
2 0.28305 0.28653 0.03421999999999997 0.06164000000000003
2 0.344475 0.28767 0.035770000000000024 0.059360000000000024
2 0.40668499999999996 0.28539000000000003 0.035770000000000024 0.059360000000000024
2 0.405135 0.39498 0.035770000000000024 0.05935999999999997
2 0.344475 0.39612 0.035770000000000024 0.06163999999999997
2 0.283825 0.39612 0.03576999999999997 0.06163999999999997
2 0.405135 0.50457 0.035770000000000024 0.059360000000000024
2 0.344475 0.50457 0.035770000000000024 0.059360000000000024
2 0.284605 0.50114 0.03420999999999996 0.06163999999999997
2 0.283825 0.613015 0.03576999999999997 0.06164999999999998
2 0.345255 0.614155 0.03421000000000002 0.05936999999999992
2 0.403575 0.614155 0.035770000000000024 0.05936999999999992
2 0.14229999999999998 0.33105 0.032659999999999995 0.0685
2 0.21073 0.33105 0.03266000000000002 0.0685
2 0.14307999999999998 0.22032000000000002 0.027999999999999997 0.05251999999999998
2 0.210735 0.22032000000000002 0.029549999999999993 0.05251999999999998
2 0.143855 0.44635 0.029549999999999993 0.07078000000000001
2 0.209955 0.444065 0.027990000000000015 0.07077
2 0.212285 0.5605 0.02955000000000002 0.07078000000000007
2 0.143855 0.5605 0.029549999999999993 0.07078000000000007
2 0.49377499999999996 0.253425 0.04198999999999997 0.06848999999999997
2 0.55521 0.25 0.04044000000000003 0.07077999999999998
2 0.61431 0.25228 0.04044000000000003 0.07077999999999998
2 0.493 0.38014000000000003 0.04044000000000003 0.07078000000000001
2 0.5513250000000001 0.38014000000000003 0.04199000000000008 0.07078000000000001
2 0.61275 0.38014000000000003 0.04044000000000003 0.07078000000000001
2 0.49144499999999997 0.5045649999999999 0.037329999999999974 0.06392999999999993
2 0.54899 0.5057050000000001 0.03732000000000002 0.06620999999999999
2 0.6111949999999999 0.509135 0.037329999999999974 0.06393000000000004
2 0.7052849999999999 0.253425 0.04199000000000008 0.06392999999999999
2 0.789265 0.253425 0.04198999999999997 0.06392999999999999
2 0.87403 0.251145 0.04044000000000003 0.06392999999999996
2 0.871695 0.377855 0.04198999999999997 0.06620999999999999
2 0.7877149999999999 0.376715 0.04199000000000008 0.06392999999999999
2 0.7014 0.38128 0.04044000000000003 0.06391999999999998
2 0.56687 0.13128 0.038880000000000026 0.05707999999999999
2 0.50311 0.130135 0.03887999999999997 0.054790000000000005
2 0.47667499999999996 0.63927 0.017110000000000014 0.0730599999999999
2 0.5 0.64041 0.01709999999999995 0.07533999999999996
2 0.53966 0.63927 0.01866000000000001 0.0730599999999999
2 0.5622050000000001 0.63927 0.01711000000000007 0.0730599999999999
2 0.601085 0.6415500000000001 0.01710999999999996 0.07306000000000001
2 0.621305 0.6415500000000001 0.01710999999999996 0.07306000000000001
2 0.70373 0.6415500000000001 0.038880000000000026 0.07306000000000001
2 0.7869349999999999 0.64384 0.04043000000000008 0.07306000000000001
2 0.87014 0.64384 0.038880000000000026 0.07306000000000001
2 0.709175 0.150685 0.04354999999999998 0.059370000000000006
2 0.783825 0.15297 0.0622100000000001 0.054800000000000015
2 0.865475 0.15297 0.06065000000000009 0.054800000000000015
2 0.18040499999999998 0.14726 0.09642999999999999 0.057080000000000006
2 0.16874 0.67808 0.12597999999999998 0.07762000000000002
2 0.79316 0.5011399999999999 0.08397999999999994 0.07077999999999995
2 0.877915 0.503425 0.08243 0.07077
2 0.705285 0.49885999999999997 0.08243 0.07078000000000001
5 0.87403 0.288815 0.05288000000000004 0.011410000000000031
5 0.7869349999999999 0.288815 0.052870000000000084 0.011410000000000031
5 0.702955 0.288815 0.05286999999999997 0.011410000000000031
5 0.49222 0.287675 0.05132000000000003 0.009130000000000027
5 0.5521 0.288815 0.049760000000000026 0.011410000000000031
5 0.6127549999999999 0.288815 0.04976999999999998 0.011410000000000031
5 0.6112 0.414385 0.05288000000000004 0.011410000000000031
5 0.5497650000000001 0.414385 0.05443000000000009 0.011410000000000031
5 0.490665 0.414385 0.054430000000000034 0.011410000000000031
6 0.550545 0.550225 0.18351 0.06392999999999993
6 0.7916000000000001 0.42123 0.26437999999999995 0.05708000000000002
6 0.35458500000000004 0.11529700000000001 0.19907000000000002 0.047946
9 0.3507 0.22488999999999998 0.20684000000000002 0.029680000000000012
9 0.16096549999999998 0.18721500000000002 0.160189 0.027389999999999998
6 0.160188 0.14954499999999998 0.161744 0.04795000000000002
9 0.349925 0.646115 0.20528999999999997 0.022829999999999906
9 0.550545 0.19862999999999997 0.18351 0.02284
9 0.553655 0.45548 0.17729 0.015979999999999994
9 0.548215 0.57306 0.18507000000000007 0.018259999999999943
9 0.786935 0.19520500000000002 0.26749 0.020549999999999985
6 0.790045 0.165525 0.27061 0.03425
9 0.78927 0.72717 0.27215999999999996 0.02512000000000003
11 0.1586305 0.76598 0.149299 0.02967999999999993
11 0.101864 0.803655 0.013992000000000004 0.04109000000000007
11 0.340595 0.8059350000000001 0.21151000000000003 0.13699000000000006
11 0.297045 0.718035 0.08399000000000001 0.03425
8 0.433905 0.711185 0.015550000000000008 0.052509999999999946
11 0.47745 0.8059350000000001 0.031100000000000017 0.09588999999999992
11 0.6104149999999999 0.8093600000000001 0.03576999999999997 0.09818000000000005
11 0.54199 0.796805 0.06066000000000005 0.07762999999999998
11 0.70218 0.80708 0.05132000000000003 0.08904000000000001
11 0.783825 0.81621 0.05286999999999997 0.10729999999999995
11 0.86625 0.8093600000000001 0.05288000000000004 0.09360000000000002
11 0.785385 0.7477199999999999 0.0746500000000001 0.02968000000000004
9 0.78849 0.5879 0.27371999999999996 0.02512000000000003
