1 0.62256 0.646385 0.5966800000000001 0.6927700000000001
2 0.867675 0.91566 0.03222999999999998 0.07469999999999999
2 0.868655 0.77711 0.03222999999999998 0.07469999999999999
2 0.773925 0.915665 0.03222999999999998 0.07229000000000008
2 0.701175 0.916265 0.03125 0.07349000000000006
2 0.625975 0.91506 0.03125 0.07350000000000001
2 0.774415 0.77771 0.03125 0.07590000000000008
2 0.702145 0.7777099999999999 0.03125 0.07350000000000001
2 0.626465 0.77711 0.030269999999999908 0.07469999999999999
2 0.550785 0.915665 0.03125 0.07229000000000008
2 0.47802500000000003 0.915665 0.032230000000000036 0.07229000000000008
2 0.3833 0.91446 0.03028000000000003 0.0747000000000001
2 0.5512699999999999 0.7783100000000001 0.030279999999999974 0.0747000000000001
2 0.479495 0.7777099999999999 0.03125 0.07350000000000001
2 0.383785 0.776505 0.03125 0.07349000000000006
4 0.477055 0.7228950000000001 0.06542999999999993 0.048190000000000066
4 0.381345 0.721685 0.06542999999999999 0.048189999999999955
4 0.47656 0.59036 0.0625 0.040959999999999996
4 0.38086 0.58795 0.0625 0.040959999999999996
2 0.479005 0.6415649999999999 0.03222999999999998 0.06626999999999994
2 0.384765 0.64036 0.03125 0.06625999999999999
2 0.702635 0.64036 0.03222999999999998 0.06625999999999999
2 0.626955 0.64096 0.03125 0.06506
2 0.552245 0.64036 0.03222999999999998 0.06625999999999999
4 0.700685 0.591565 0.05760999999999994 0.04579
4 0.625 0.593375 0.058599999999999985 0.046989999999999976
4 0.548825 0.591565 0.05858999999999992 0.04336999999999991
4 0.7011750000000001 0.7241 0.06054999999999999 0.05059999999999998
4 0.62598 0.7228950000000001 0.0625 0.048190000000000066
4 0.549315 0.7228950000000001 0.06346999999999992 0.048190000000000066
4 0.868655 0.72289 0.05957000000000001 0.05059999999999998
4 0.773925 0.72229 0.061529999999999974 0.04698000000000002
4 0.87012 0.5897600000000001 0.056640000000000024 0.04697999999999991
4 0.77441 0.5909599999999999 0.056640000000000024 0.04457999999999995
2 0.774905 0.64036 0.03222999999999998 0.06867999999999996
2 0.8696299999999999 0.638555 0.032220000000000026 0.06747000000000003
2 0.8696299999999999 0.5084299999999999 0.032220000000000026 0.06506
2 0.8706050000000001 0.38253 0.05761000000000005 0.06625999999999999
2 0.775395 0.5114449999999999 0.03125 0.06626999999999994
2 0.702635 0.51084 0.03222999999999998 0.06506
2 0.625975 0.5114449999999999 0.03125 0.06626999999999994
2 0.77539 0.38312999999999997 0.03320000000000001 0.06505999999999995
2 0.70215 0.384335 0.03320000000000001 0.06264999999999998
2 0.62598 0.384335 0.03320000000000001 0.06264999999999998
2 0.551755 0.51205 0.03125 0.06505999999999995
2 0.478515 0.5120450000000001 0.03125 0.06747000000000003
2 0.38427500000000003 0.51084 0.032230000000000036 0.06506
2 0.55176 0.38494 0.03320000000000001 0.06386000000000003
2 0.47948999999999997 0.38494 0.035160000000000025 0.06386000000000003
2 0.3833 0.38253000000000004 0.05565999999999999 0.06385999999999997
2 0.256835 0.440965 0.031249999999999972 0.06747000000000003
2 0.164065 0.44698499999999997 0.03125 0.06746999999999997
2 0.257325 0.5789150000000001 0.03223000000000001 0.06385000000000007
2 0.25732499999999997 0.723495 0.03026999999999999 0.06867000000000001
2 0.95654 0.52651 0.028320000000000012 0.06506
2 0.955565 0.6554249999999999 0.026370000000000005 0.06747000000000003
2 0.956055 0.39699 0.029290000000000038 0.06386000000000003
4 0.249025 0.51084 0.08789 0.06506
4 0.25244500000000003 0.384335 0.07129000000000002 0.03372999999999998
4 0.157715 0.392165 0.07129 0.03253
5 0.382325 0.55301 0.047850000000000004 0.02410000000000001
5 0.47802500000000003 0.55422 0.047850000000000004 0.02410000000000001
5 0.549315 0.55422 0.04784999999999995 0.02410000000000001
5 0.6254850000000001 0.55422 0.04785000000000006 0.02410000000000001
5 0.8706050000000001 0.551205 0.04785000000000006 0.025310000000000055
5 0.773925 0.5524100000000001 0.04784999999999995 0.02529999999999999
5 0.70166 0.55301 0.0478599999999999 0.02410000000000001
5 0.3833 0.68313 0.04980000000000001 0.019279999999999964
5 0.479495 0.68313 0.048829999999999985 0.019279999999999964
5 0.5507850000000001 0.683735 0.04883000000000004 0.020490000000000008
5 0.6269549999999999 0.68434 0.04883000000000004 0.019280000000000075
5 0.703125 0.68434 0.04882999999999993 0.019280000000000075
5 0.771485 0.68554 0.04883000000000004 0.019280000000000075
5 0.8681650000000001 0.68554 0.04883000000000004 0.019280000000000075
5 0.38281 0.827105 0.039059999999999984 0.013249999999999984
5 0.47753999999999996 0.8289150000000001 0.03906000000000004 0.014449999999999963
5 0.549805 0.8289150000000001 0.03906999999999994 0.014449999999999963
5 0.62598 0.8289150000000001 0.039059999999999984 0.014449999999999963
5 0.700195 0.8289150000000001 0.03906999999999994 0.014449999999999963
5 0.8681650000000001 0.82771 0.03907000000000005 0.014460000000000028
5 0.7734399999999999 0.82771 0.039059999999999984 0.014460000000000028
5 0.54932 0.966265 0.04589999999999994 0.02890999999999999
5 0.623535 0.966265 0.0458900000000001 0.02890999999999999
5 0.69971 0.966265 0.04589999999999994 0.02890999999999999
5 0.47509999999999997 0.96506 0.045899999999999996 0.028919999999999946
5 0.38037 0.96506 0.045899999999999996 0.028919999999999946
5 0.8667 0.966265 0.04590000000000005 0.02890999999999999
5 0.77295 0.968675 0.04590000000000005 0.02890999999999999
6 0.246095 0.63554 0.09179000000000004 0.07108000000000003
8 0.219235 0.353615 0.05371000000000001 0.020490000000000008
8 0.29052500000000003 0.353615 0.05370999999999998 0.020490000000000008
8 0.127445 0.35963999999999996 0.053709999999999994 0.020479999999999998
8 0.180665 0.359035 0.019529999999999992 0.021689999999999987
9 0.623535 0.318675 0.58887 0.027710000000000012
9 0.62451 0.44337499999999996 0.5908199999999999 0.05782999999999999
9 0.623535 0.55 0.59277 0.030120000000000036
9 0.62256 0.6825300000000001 0.5927800000000001 0.030120000000000036
9 0.620605 0.83554 0.59277 0.054220000000000046
9 0.6215849999999999 0.96807 0.58887 0.044580000000000064
10 0.23096 0.57349 0.006840000000000013 0.055419999999999914
10 0.277345 0.5807199999999999 0.007809999999999984 0.06506
10 0.27832 0.7216899999999999 0.009759999999999991 0.06988000000000005
10 0.229495 0.71988 0.009770000000000001 0.06386000000000003
10 0.230465 0.539755 0.013670000000000015 0.012050000000000005
10 0.27734499999999995 0.541565 0.013670000000000015 0.013249999999999984
10 0.277835 0.68253 0.014650000000000052 0.008440000000000003
10 0.22998000000000002 0.683735 0.014640000000000014 0.008429999999999938
10 0.9355450000000001 0.488555 0.01366999999999996 0.013249999999999984
10 0.936525 0.6216900000000001 0.01366999999999996 0.014460000000000028
10 0.9375 0.756025 0.009759999999999991 0.010849999999999915
10 0.93701 0.7933749999999999 0.0048799999999999955 0.06385000000000007
10 0.93701 0.6590400000000001 0.006839999999999957 0.06023999999999996
10 0.93506 0.52771 0.006839999999999957 0.06505999999999995
