2 0.833985 0.67094 0.03320999999999996 0.14958000000000005
2 0.74561 0.67094 0.0341800000000001 0.14958000000000005
2 0.657225 0.67201 0.03125 0.14744000000000002
2 0.59131 0.67308 0.032219999999999915 0.14529999999999998
2 0.521485 0.673075 0.03125 0.14103
2 0.453125 0.674145 0.03125 0.14317000000000002
2 0.833985 0.44017000000000006 0.03125 0.14530000000000004
2 0.7446299999999999 0.44017000000000006 0.032220000000000026 0.14530000000000004
2 0.65625 0.43910000000000005 0.031260000000000066 0.14744000000000007
2 0.589845 0.44017000000000006 0.03125 0.14530000000000004
2 0.520995 0.44016999999999995 0.03222999999999998 0.14958
2 0.452635 0.43803500000000006 0.03222999999999998 0.14957000000000004
2 0.385255 0.67201 0.03222999999999998 0.14744000000000002
2 0.316895 0.67201 0.03222999999999998 0.14744000000000002
2 0.162105 0.67094 0.03125 0.14958000000000005
2 0.09863050000000001 0.67094 0.03319899999999999 0.14958000000000005
2 0.0336915 0.672005 0.034179 0.15171
2 0.38573999999999997 0.43910000000000005 0.03319999999999995 0.14744000000000007
2 0.31738 0.44231 0.03320000000000001 0.14529999999999998
2 0.16211 0.443375 0.03320000000000001 0.14743000000000006
2 0.09863050000000001 0.44123500000000004 0.03319899999999999 0.15171000000000007
2 0.0332035 0.44230500000000006 0.033203 0.14957000000000004
2 0.905275 0.44231 0.03321000000000007 0.14529999999999998
2 0.905765 0.66987 0.03222999999999998 0.14744000000000002
2 0.32031 0.159185 0.029299999999999993 0.07479000000000001
2 0.444825 0.161325 0.030269999999999964 0.07479000000000001
2 0.5800799999999999 0.162395 0.029299999999999993 0.07265000000000002
2 0.0288085 0.15064 0.030272999999999998 0.07478
2 0.15820499999999998 0.152775 0.027350000000000013 0.07479000000000001
2 0.7324200000000001 0.1656 0.029299999999999993 0.07478000000000001
2 0.89453 0.16346 0.029299999999999993 0.07478000000000001
1 0.48681828 0.5128205 0.97168344 0.9615389999999999
2 0.16552499999999998 0.90064 0.03223000000000001 0.08333999999999997
2 0.101564 0.9027799999999999 0.031252 0.07906000000000002
2 0.032715 0.9027799999999999 0.030274 0.07906000000000002
2 0.319825 0.90171 0.030269999999999964 0.07691999999999999
2 0.388185 0.90171 0.03027000000000002 0.07691999999999999
2 0.456545 0.90064 0.030269999999999964 0.07905999999999991
2 0.524905 0.90064 0.03027000000000002 0.07905999999999991
2 0.595215 0.90491 0.030269999999999908 0.07905999999999991
2 0.659665 0.90491 0.030269999999999908 0.07905999999999991
3 0.245605 0.8365400000000001 0.06739 0.2329
3 0.75 0.903845 0.058599999999999985 0.16666999999999998
4 0.03173828 0.0747875 0.06152344 0.076925
4 0.15918 0.0747875 0.06054000000000001 0.076925
4 0.320315 0.083331 0.06054999999999999 0.07691799999999999
4 0.447265 0.0854695 0.06054999999999999 0.07692099999999999
4 0.5810550000000001 0.08974599999999999 0.06054999999999999 0.076928
4 0.7324250000000001 0.08974599999999999 0.06054999999999999 0.076928
4 0.90039 0.08760749999999999 0.06054000000000004 0.076925
4 0.033691349999999995 0.372865 0.061523299999999996 0.05769000000000002
4 0.0986345 0.372865 0.060550999999999994 0.05769000000000002
4 0.16064499999999998 0.37927500000000003 0.06153 0.057689999999999964
4 0.31884999999999997 0.375 0.061519999999999964 0.057699999999999974
4 0.38623 0.375 0.06152000000000002 0.057699999999999974
4 0.454105 0.375 0.06054999999999999 0.057699999999999974
4 0.5249 0.377135 0.06152000000000002 0.05769000000000002
4 0.592285 0.377135 0.061529999999999974 0.05769000000000002
4 0.65869 0.375 0.06152000000000002 0.057699999999999974
4 0.7456050000000001 0.37072499999999997 0.061529999999999974 0.057689999999999964
4 0.83447 0.372865 0.06152000000000002 0.05769000000000002
4 0.907715 0.375 0.061529999999999974 0.057699999999999974
4 0.90869 0.597225 0.06347999999999998 0.044869999999999965
4 0.83838 0.596155 0.06347999999999998 0.047009999999999996
4 0.746095 0.59402 0.07226999999999995 0.03845999999999994
4 0.65967 0.596155 0.06152000000000002 0.03418999999999994
4 0.595215 0.59936 0.061529999999999974 0.03631999999999991
4 0.523925 0.59829 0.06153000000000003 0.03417999999999999
4 0.45459 0.595085 0.06152000000000002 0.03632999999999997
4 0.38623 0.596155 0.06152000000000002 0.03418999999999994
4 0.31787 0.5972200000000001 0.06152000000000002 0.03632000000000002
4 0.03271505 0.59936 0.061523900000000006 0.03631999999999991
4 0.0981465 0.5972200000000001 0.061527 0.03632000000000002
4 0.16357500000000003 0.5972200000000001 0.06153 0.03632000000000002
4 0.100584 0.8536349999999999 0.04687200000000001 0.01922999999999997
4 0.16601500000000002 0.851495 0.046869999999999995 0.01923000000000008
4 0.0336915 0.8536349999999999 0.045898999999999995 0.01922999999999997
4 0.32616999999999996 0.851495 0.04687999999999998 0.01923000000000008
4 0.38915999999999995 0.8536349999999999 0.045899999999999996 0.01922999999999997
4 0.45508000000000004 0.8536349999999999 0.04687999999999998 0.01922999999999997
4 0.52393 0.8536349999999999 0.04590000000000005 0.01922999999999997
4 0.592775 0.856835 0.04687000000000008 0.01709000000000005
4 0.660645 0.855765 0.045889999999999986 0.01923000000000008
5 0.0332029 0.5373950000000001 0.0566402 0.044870000000000076
5 0.098631 0.5373950000000001 0.05663800000000001 0.044870000000000076
5 0.16210999999999998 0.5395300000000001 0.056639999999999996 0.04487999999999992
5 0.31836 0.535255 0.05663999999999997 0.044869999999999965
5 0.385745 0.534185 0.05273 0.047009999999999996
5 0.453125 0.532055 0.052730000000000055 0.04701000000000011
5 0.52051 0.534185 0.05274000000000001 0.047009999999999996
5 0.588865 0.534185 0.052730000000000055 0.047009999999999996
5 0.6557649999999999 0.532055 0.053710000000000035 0.04701000000000011
5 0.746095 0.529915 0.052730000000000055 0.047009999999999996
5 0.83301 0.532055 0.05274000000000001 0.04701000000000011
5 0.907225 0.53312 0.052730000000000055 0.04488000000000003
5 0.9057649999999999 0.76389 0.053710000000000035 0.05342000000000002
5 0.835445 0.76389 0.053709999999999924 0.05342000000000002
5 0.657715 0.767095 0.053710000000000035 0.05554999999999999
5 0.591305 0.76603 0.053710000000000035 0.05342000000000002
5 0.522945 0.7692300000000001 0.05370999999999998 0.05555999999999994
5 0.453615 0.7692300000000001 0.053710000000000035 0.05555999999999994
5 0.385255 0.767095 0.05370999999999998 0.05554999999999999
5 0.317875 0.77137 0.05370999999999998 0.055560000000000054
5 0.0327147 0.767095 0.0537106 0.05554999999999999
5 0.099611 0.76816 0.05273800000000001 0.05341999999999991
5 0.162595 0.76816 0.05371000000000001 0.05341999999999991
7 0.021484 0.149575 0.013672000000000002 0.07265
7 0.0356445 0.151705 0.014648999999999999 0.07265
7 0.16406500000000002 0.153845 0.013669999999999988 0.07265
7 0.15088000000000001 0.153845 0.012700000000000017 0.07265
7 0.3125 0.158115 0.011719999999999953 0.07265
7 0.325195 0.159185 0.011709999999999998 0.07051
7 0.43652 0.161325 0.011720000000000008 0.07051000000000002
7 0.450685 0.162395 0.012689999999999979 0.07265000000000002
7 0.5727549999999999 0.162395 0.012689999999999979 0.07265000000000002
7 0.58594 0.162395 0.011719999999999953 0.07265000000000002
7 0.72461 0.165595 0.011719999999999953 0.07050999999999999
7 0.7373050000000001 0.165595 0.011709999999999998 0.07050999999999999
7 0.88672 0.162395 0.011720000000000064 0.07265000000000002
7 0.90039 0.163465 0.011719999999999953 0.07051000000000002
8 0.23974499999999999 0.4359 0.05371000000000001 0.18376000000000003
8 0.194825 0.660255 0.01855000000000001 0.15384999999999993
8 0.28711 0.6453 0.02343999999999996 0.11965999999999999
8 0.241215 0.5886750000000001 0.025390000000000024 0.1089699999999999
8 0.708495 0.7083349999999999 0.026370000000000005 0.16452999999999995
8 0.784665 0.698715 0.026369999999999894 0.16239000000000003
9 0.4873031 0.313035 0.9667938 0.08760999999999997
9 0.48632985 0.5662400000000001 0.9668003 0.03846000000000005
9 0.4882814 0.80235 0.9667972 0.04059999999999997
10 0.19971 0.879275 0.01074 0.13888999999999996
10 0.29247999999999996 0.878205 0.010740000000000027 0.13674999999999993
10 0.19873000000000002 0.77671 0.014640000000000014 0.06624000000000008
10 0.29198999999999997 0.7756400000000001 0.015620000000000023 0.06838
