1 0.46923499999999996 0.48433149999999997 0.53613 0.814617
2 0.6918949999999999 0.133815 0.018549999999999955 0.045689999999999995
2 0.62598 0.133815 0.01757999999999993 0.045689999999999995
2 0.603515 0.13511499999999999 0.017569999999999975 0.045689999999999995
2 0.5293 0.136425 0.01757999999999993 0.045689999999999995
2 0.50781 0.136425 0.01757999999999993 0.045689999999999995
2 0.42871000000000004 0.13641999999999999 0.017579999999999985 0.04307999999999999
2 0.40723 0.13512 0.017579999999999985 0.04307999999999999
2 0.33301000000000003 0.13641999999999999 0.017579999999999985 0.04307999999999999
2 0.31152 0.13641999999999999 0.017579999999999985 0.04307999999999999
2 0.24609 0.13641999999999999 0.017579999999999985 0.04307999999999999
2 0.24512 0.253915 0.02734000000000003 0.06397
2 0.30127 0.25261500000000003 0.028320000000000012 0.06397000000000003
2 0.341795 0.25261500000000003 0.027349999999999985 0.06397000000000003
2 0.39795 0.251305 0.028319999999999956 0.06397
2 0.43945 0.251305 0.02734000000000003 0.06397
2 0.49707 0.251305 0.027339999999999975 0.06397
2 0.5376000000000001 0.251305 0.028320000000000012 0.06397
2 0.5942400000000001 0.25 0.028320000000000012 0.06396000000000002
2 0.6352500000000001 0.25 0.028320000000000012 0.06396000000000002
2 0.69238 0.249345 0.02733999999999992 0.06527
2 0.6928700000000001 0.384465 0.032220000000000026 0.07440999999999998
2 0.635255 0.38577 0.03222999999999998 0.07442000000000004
2 0.595215 0.38577 0.03223000000000009 0.07442000000000004
2 0.538085 0.38642 0.03320999999999996 0.07572000000000001
2 0.49853500000000006 0.38577 0.032230000000000036 0.07442000000000004
2 0.440915 0.38577 0.03222999999999998 0.07442000000000004
2 0.40088 0.38577 0.032220000000000026 0.07442000000000004
2 0.34375 0.387075 0.03320000000000001 0.07440999999999998
2 0.30322 0.38773 0.03417999999999999 0.07572000000000001
2 0.246585 0.38838 0.03222999999999998 0.07442000000000004
2 0.69336 0.5117499999999999 0.03320000000000001 0.08877999999999997
2 0.6362300000000001 0.513055 0.032220000000000026 0.08877000000000007
2 0.59619 0.5195799999999999 0.032219999999999915 0.10443999999999998
2 0.538575 0.5117499999999999 0.03222999999999998 0.08877999999999997
2 0.49853500000000006 0.51175 0.032230000000000036 0.08616000000000007
2 0.440915 0.511095 0.03222999999999998 0.08485000000000004
2 0.40088 0.513055 0.032220000000000026 0.08616999999999997
2 0.344235 0.522845 0.03222999999999998 0.10575000000000001
2 0.30322499999999997 0.511745 0.032230000000000036 0.08355000000000001
2 0.246585 0.513055 0.03222999999999998 0.08355000000000007
2 0.24463000000000001 0.65405 0.032220000000000026 0.07572000000000001
2 0.302245 0.653395 0.03222999999999998 0.07440999999999998
2 0.342775 0.65274 0.03320999999999996 0.07572000000000001
2 0.398925 0.65274 0.032230000000000036 0.07572000000000001
2 0.44043 0.6520900000000001 0.03320000000000001 0.07442000000000004
2 0.49756 0.6520900000000001 0.03221999999999997 0.07442000000000004
2 0.538575 0.6520900000000001 0.03222999999999998 0.07701999999999998
2 0.594725 0.6520900000000001 0.03125 0.07701999999999998
2 0.636715 0.653395 0.03125 0.07703000000000004
2 0.693845 0.653395 0.03222999999999998 0.07703000000000004
2 0.7744150000000001 0.40013 0.02342999999999995 0.07441999999999999
2 0.776855 0.527415 0.026370000000000005 0.09398999999999996
2 0.779785 0.65927 0.020509999999999917 0.07572000000000001
2 0.77832 0.26436 0.021479999999999944 0.053519999999999984
2 0.797365 0.275455 0.01269000000000009 0.05482999999999996
6 0.246095 0.436685 0.035150000000000015 0.022189999999999988
6 0.303225 0.43799 0.036129999999999995 0.022199999999999998
6 0.342775 0.43799 0.035150000000000015 0.022199999999999998
6 0.40088 0.43603000000000003 0.036140000000000005 0.02350000000000002
6 0.440915 0.43734 0.036129999999999995 0.023499999999999965
6 0.49804499999999996 0.43734 0.03514999999999996 0.023499999999999965
6 0.5400400000000001 0.43799 0.03515999999999997 0.022199999999999998
6 0.595215 0.43603000000000003 0.036129999999999995 0.02350000000000002
6 0.635255 0.43538 0.036129999999999995 0.022199999999999998
6 0.693845 0.43603000000000003 0.036129999999999995 0.02350000000000002
6 0.772465 0.45038999999999996 0.025390000000000024 0.028720000000000023
6 0.785645 0.56332 0.03222999999999998 0.037860000000000005
6 0.467775 0.561355 0.5332100000000001 0.04439000000000004
6 0.162595 0.5718000000000001 0.03223000000000001 0.052220000000000044
8 0.149905 0.1436 0.024410000000000015 0.06266000000000001
8 0.179685 0.16253 0.009770000000000001 0.037860000000000005
8 0.692385 0.3094 0.04686999999999997 0.015660000000000007
8 0.615235 0.30874500000000005 0.08593000000000006 0.016969999999999985
8 0.51709 0.31005499999999997 0.08692 0.016969999999999985
8 0.418455 0.310705 0.08690999999999999 0.01827000000000001
8 0.32177500000000003 0.310705 0.08690999999999999 0.01827000000000001
8 0.24463 0.31201 0.045899999999999996 0.01828000000000002
8 0.801265 0.13119999999999998 0.0595699999999999 0.05873999999999999
8 0.791015 0.18603 0.04686999999999997 0.04308000000000001
8 0.78857 0.24216500000000002 0.04590000000000005 0.06397
8 0.788085 0.321805 0.04686999999999997 0.040470000000000006
8 0.780765 0.37402 0.036129999999999995 0.05352000000000001
9 0.46973000000000004 0.19321 0.5293 0.028719999999999996
9 0.46777500000000005 0.31135999999999997 0.53125 0.061360000000000026
9 0.470215 0.5926899999999999 0.5302699999999999 0.031340000000000034
9 0.46875 0.69843 0.5254000000000001 0.02872000000000008
9 0.47216499999999995 0.873365 0.52637 0.026109999999999967
6 0.26465 0.04112275 0.10741999999999999 0.0796345
6 0.7241249999999999 0.038512000000000005 0.12207000000000001 0.071802
7 0.246585 0.5248 0.03027000000000002 0.05221999999999999
7 0.30322499999999997 0.52415 0.030269999999999964 0.05352000000000001
7 0.34424 0.52415 0.030279999999999974 0.05352000000000001
7 0.400395 0.522845 0.03125 0.05353000000000002
7 0.441405 0.522845 0.03125 0.05613000000000001
10 0.18213000000000001 0.4171 0.016599999999999976 0.12923999999999997
10 0.15674 0.44582 0.012700000000000017 0.11880000000000002
10 0.21679500000000002 0.42102 0.013669999999999988 0.12402000000000002
10 0.272945 0.41971 0.014649999999999996 0.12401999999999996
10 0.37109499999999995 0.41906 0.013670000000000015 0.12272
10 0.46826500000000004 0.41841 0.014649999999999996 0.12402000000000002
10 0.565915 0.41971 0.01464999999999994 0.12401999999999996
10 0.664065 0.417755 0.013670000000000071 0.12270999999999999
10 0.72168 0.4171 0.013679999999999914 0.12401999999999996
10 0.755375 0.415145 0.014650000000000052 0.12533
10 0.817875 0.4406 0.014650000000000052 0.12402000000000002
10 0.76074 0.24282 0.009759999999999991 0.06788
10 0.822265 0.27546000000000004 0.009770000000000056 0.06266
10 0.17578 0.25065499999999996 0.009759999999999991 0.06527
10 0.15185500000000002 0.289165 0.008789999999999992 0.061350000000000016
10 0.21484 0.25261500000000003 0.011720000000000008 0.06919000000000003
10 0.27148 0.251305 0.011719999999999953 0.06918999999999997
10 0.36914 0.250655 0.011720000000000008 0.06789
10 0.4668 0.24934499999999998 0.011720000000000008 0.06788999999999998
10 0.56543 0.246085 0.011719999999999953 0.06918999999999997
10 0.66406 0.24738500000000002 0.011719999999999953 0.06919
10 0.72168 0.24738500000000002 0.011719999999999953 0.06919
10 0.18213000000000001 0.509135 0.02049999999999999 0.05482999999999999
10 0.15625 0.53068 0.015620000000000023 0.050919999999999965
10 0.21631 0.51371 0.016600000000000004 0.061360000000000026
10 0.273435 0.513055 0.015629999999999977 0.06267000000000006
10 0.36963 0.5111 0.016600000000000004 0.061360000000000026
10 0.46826 0.5111 0.016600000000000004 0.061360000000000026
10 0.56592 0.5124 0.016599999999999948 0.061360000000000026
10 0.66455 0.50979 0.016599999999999948 0.061360000000000026
10 0.72217 0.508485 0.016599999999999948 0.06134999999999996
10 0.75537 0.50457 0.016599999999999948 0.053519999999999956
10 0.151365 0.252615 0.013670000000000015 0.01175000000000001
10 0.175785 0.213445 0.013670000000000015 0.011749999999999983
10 0.214845 0.212795 0.013669999999999988 0.010449999999999987
10 0.271485 0.212145 0.013670000000000015 0.011749999999999983
10 0.36914 0.21149 0.01367999999999997 0.010440000000000005
10 0.46582 0.20953 0.013680000000000025 0.01174
10 0.56543 0.206265 0.013679999999999914 0.010450000000000015
10 0.664065 0.20757 0.013670000000000071 0.010440000000000005
10 0.7207049999999999 0.208225 0.01366999999999996 0.01175000000000001
10 0.81738 0.365535 0.01757999999999993 0.026109999999999967
10 0.75488 0.33877 0.01757999999999993 0.02479999999999999
10 0.72168 0.34334 0.01757999999999993 0.02350000000000002
10 0.66309 0.34334 0.01758000000000004 0.02350000000000002
10 0.56543 0.34595 0.01757999999999993 0.02350000000000002
10 0.46777 0.34465 0.017579999999999985 0.02350000000000002
10 0.37109000000000003 0.34465 0.017579999999999985 0.02350000000000002
10 0.27344 0.34595 0.017579999999999985 0.02350000000000002
10 0.21582 0.346605 0.017580000000000012 0.02481
10 0.18164 0.342035 0.017579999999999985 0.02089000000000002
10 0.15625 0.37598 0.017579999999999985 0.02088000000000001
10 0.822265 0.23955500000000002 0.01366999999999996 0.01175000000000001
10 0.7612300000000001 0.203005 0.012700000000000045 0.01175000000000001
11 0.334965 0.7415149999999999 0.16210999999999998 0.033950000000000036
11 0.265135 0.82441 0.06543000000000002 0.09529999999999994
11 0.336425 0.82441 0.06543000000000004 0.09529999999999994
11 0.41162 0.82311 0.0791 0.09529999999999994
11 0.5190400000000001 0.801565 0.07324000000000003 0.14098999999999995
11 0.61621 0.801565 0.07225999999999999 0.14098999999999995
11 0.694825 0.821145 0.03222999999999998 0.10182999999999998
11 0.780275 0.8087500000000001 0.042970000000000064 0.15274
