1 0.5419935 0.48816325 0.906253 0.9596135
2 0.174315 0.33705 0.04981000000000002 0.12256
2 0.30859499999999995 0.340525 0.048829999999999985 0.12117
2 0.41064500000000004 0.340525 0.049809999999999965 0.12117
2 0.513675 0.34262 0.048829999999999985 0.12256
2 0.614255 0.341225 0.04882999999999993 0.11977000000000004
2 0.7167950000000001 0.34262 0.04883000000000004 0.11978
2 0.817385 0.34262 0.04883000000000004 0.11978
2 0.918945 0.34262 0.04882999999999993 0.11978
2 0.177735 0.577995 0.048829999999999985 0.13371
2 0.717285 0.582175 0.04785000000000006 0.13371
2 0.819825 0.582175 0.04784999999999995 0.13371
2 0.92041 0.582175 0.0478599999999999 0.13371
2 0.31055 0.83078 0.05077999999999999 0.14066
2 0.41503999999999996 0.83148 0.05077999999999999 0.14206000000000008
2 0.5166 0.83148 0.05077999999999999 0.14206000000000008
2 0.6167 0.83078 0.05176000000000003 0.14066
2 0.71533 0.83078 0.05176000000000003 0.14066
2 0.81738 0.83078 0.05078000000000005 0.14066
2 0.91846 0.8300799999999999 0.05175999999999992 0.14205999999999996
3 0.18554500000000002 0.860725 0.09961 0.20891000000000004
4 0.172365 0.24582500000000002 0.09473000000000001 0.05989000000000003
4 0.303715 0.24860500000000002 0.09375 0.05989000000000003
4 0.40869 0.252785 0.08886000000000005 0.05988999999999997
4 0.51416 0.254175 0.08886000000000005 0.05988999999999997
4 0.61426 0.252785 0.08984000000000003 0.05988999999999997
4 0.717285 0.254175 0.08887 0.05988999999999997
4 0.818845 0.252785 0.08887 0.05988999999999997
4 0.921875 0.254175 0.08984999999999999 0.05988999999999997
4 0.305175 0.490945 0.10059000000000001 0.12953000000000003
4 0.40723 0.490945 0.10155999999999998 0.12953000000000003
4 0.512695 0.49025 0.10157 0.12814000000000003
4 0.61328 0.493035 0.09765999999999997 0.13371
4 0.71826 0.49304000000000003 0.09471999999999992 0.13091999999999998
4 0.8203100000000001 0.49443000000000004 0.09765999999999997 0.13091999999999998
4 0.9223600000000001 0.49304000000000003 0.09667999999999999 0.13091999999999998
4 0.16846 0.44150500000000004 0.13184 0.05570999999999998
5 0.308595 0.6713100000000001 0.08399000000000001 0.05013999999999996
5 0.409665 0.672005 0.08691000000000004 0.051529999999999965
5 0.513185 0.672005 0.08691000000000004 0.051529999999999965
5 0.6137699999999999 0.670615 0.08692 0.051529999999999965
5 0.7192400000000001 0.673395 0.08692 0.051529999999999965
5 0.819335 0.673395 0.08789000000000002 0.051529999999999965
5 0.921385 0.674795 0.08691000000000004 0.051529999999999965
6 0.17529 0.669915 0.1084 0.05293000000000003
8 0.1230485 0.16782999999999998 0.056643 0.037599999999999995
8 0.22852 0.16921999999999998 0.056640000000000024 0.037599999999999995
8 0.35791 0.17618499999999998 0.057620000000000005 0.037610000000000005
8 0.275875 0.17479 0.014649999999999996 0.03760000000000002
8 0.46338 0.17618 0.057620000000000005 0.03482000000000002
8 0.56592 0.17618 0.057620000000000005 0.03482000000000002
8 0.666505 0.17618 0.05760999999999994 0.03482000000000002
8 0.7666 0.175485 0.05663999999999991 0.03621000000000002
8 0.8706050000000001 0.175485 0.05761000000000005 0.03621000000000002
8 0.981935 0.16991499999999998 0.024410000000000043 0.03620999999999999
8 0.17871 0.738855 0.029299999999999993 0.04039000000000004
6 0.32373 0.0473535 0.17286 0.064067
6 0.9082049999999999 0.045960999999999995 0.17187000000000008 0.064066
9 0.5400385 0.1476335 0.896483 0.16713299999999998
9 0.5268535000000001 0.413645 0.864253 0.04457
9 0.544435 0.685235 0.89551 0.08635000000000004
9 0.5444315000000001 0.926185 0.8974570000000001 0.05293000000000003
10 0.13379000000000002 0.5578000000000001 0.015619999999999995 0.11838000000000004
10 0.212405 0.5578000000000001 0.014649999999999996 0.11838000000000004
10 0.0996085 0.29666 0.015622999999999998 0.11977999999999997
10 0.250975 0.29596 0.015630000000000033 0.11838000000000001
10 0.97461 0.30152999999999996 0.015619999999999967 0.11837999999999999
10 0.101075 0.37883 0.02051 0.044560000000000044
10 0.251465 0.378135 0.02051 0.04317000000000004
10 0.21289 0.63231 0.019540000000000002 0.03064
10 0.134765 0.633705 0.019529999999999992 0.030649999999999955
10 0.101072 0.22145 0.022456000000000004 0.03064
10 0.25 0.22145 0.021480000000000027 0.03064
10 0.975585 0.22563 0.02149000000000001 0.03064
10 0.13281 0.48050499999999996 0.021480000000000013 0.03621000000000002
10 0.21289 0.48050499999999996 0.02148 0.03621000000000002
11 0.868165 0.86072 0.027349999999999985 0.03064
11 0.7666 0.854455 0.02734000000000003 0.029249999999999998
11 0.615235 0.057103 0.35156999999999994 0.044567999999999997
2 0.614745 0.58148 0.04784999999999995 0.1351
2 0.51416 0.57869 0.045899999999999996 0.1351
2 0.41357 0.5773 0.045899999999999996 0.1351
2 0.311035 0.575905 0.045889999999999986 0.13508999999999993
2 0.17529499999999998 0.16921999999999998 0.03223000000000001 0.023680000000000007
2 0.306155 0.17479 0.03222999999999998 0.02367999999999998
2 0.410645 0.17618499999999998 0.03222999999999998 0.023669999999999997
2 0.515135 0.17687999999999998 0.03222999999999998 0.022279999999999994
2 0.717285 0.17687999999999998 0.03223000000000009 0.022279999999999994
2 0.818355 0.17687999999999998 0.03125 0.022279999999999994
2 0.92041 0.17618499999999998 0.032220000000000026 0.023669999999999997
2 0.615725 0.17687999999999998 0.03222999999999998 0.022279999999999994
