2 0.38768 0.4442 0.09903999999999996 0.09189999999999998
2 0.634055 0.44639 0.09903000000000006 0.09189999999999998
2 0.1280195 0.445295 0.10628099999999999 0.10285
2 0.1280195 0.6312899999999999 0.10628099999999999 0.10721999999999998
2 0.38647 0.6312899999999999 0.10627999999999999 0.10721999999999998
2 0.635265 0.626915 0.09660999999999997 0.10722999999999994
2 0.92029 0.260395 0.06764000000000003 0.08315000000000003
2 0.64734 0.25383 0.08696000000000004 0.09628
2 0.44686000000000003 0.25164 0.08695999999999998 0.09628
2 0.90821 0.445295 0.043480000000000074 0.08533000000000002
2 0.20048 0.832605 0.10628000000000001 0.12473000000000001
2 0.660625 0.808535 0.07004999999999995 0.07658999999999994
3 0.56884 0.84573 0.08454000000000006 0.15974
5 0.12439449999999999 0.5 0.152171 0.02844000000000002
5 0.38768 0.495625 0.15218000000000004 0.02845000000000003
5 0.635265 0.5 0.14974999999999994 0.02844000000000002
5 0.6461349999999999 0.683805 0.15217000000000003 0.028450000000000086
5 0.392515 0.691465 0.15217000000000003 0.030629999999999935
5 0.131643 0.695845 0.152174 0.030630000000000046
5 0.45169000000000004 0.30196999999999996 0.1256 0.026260000000000006
5 0.64855 0.306345 0.12317999999999996 0.026249999999999996
5 0.90459 0.49672000000000005 0.06522000000000006 0.026260000000000006
5 0.902175 0.30962500000000004 0.07005000000000006 0.02406999999999998
5 0.20531 0.9015299999999999 0.14976 0.01749999999999996
7 0.0410625 0.44092 0.057971 0.10283999999999999
1 0.5024132 0.49124949999999995 0.9903336 0.956241
7 0.21135 0.445295 0.05556 0.10285
7 0.304345 0.44639 0.05797000000000002 0.10504000000000002
7 0.46980500000000003 0.44639 0.055550000000000044 0.10504000000000002
7 0.55918 0.44857500000000006 0.055560000000000054 0.10503000000000001
7 0.7185999999999999 0.44858 0.05071999999999999 0.10066000000000003
7 0.71739 0.62473 0.053139999999999965 0.10722000000000009
7 0.5603899999999999 0.6291 0.053140000000000076 0.10722000000000009
7 0.47343 0.626915 0.05314000000000002 0.10722999999999994
7 0.30918 0.6312899999999999 0.05314000000000002 0.10721999999999998
7 0.217395 0.6312899999999999 0.057969999999999994 0.11160000000000003
7 0.0410625 0.63348 0.057971 0.11160000000000003
7 0.589375 0.25164 0.03865000000000007 0.09628
7 0.4686 0.25164 0.03864000000000001 0.08751999999999999
7 0.427535 0.24836000000000003 0.03864999999999996 0.08534
7 0.708935 0.25383 0.036229999999999984 0.09628
2 0.7487900000000001 0.101749 0.043480000000000074 0.05470199999999999
7 0.7475849999999999 0.100658 0.03141000000000005 0.04814399999999999
7 0.11956349999999999 0.8369800000000001 0.055553000000000005 0.1291000000000001
7 0.28623 0.83151 0.05071999999999999 0.13129999999999997
8 0.28261000000000003 0.533915 0.05314000000000002 0.10941000000000001
8 0.32245999999999997 0.723195 0.2971 0.054710000000000036
10 0.950485 0.77571 0.036229999999999984 0.2560199999999999
