1 0.50000135 0.5010207999999999 0.9945973 0.9938783999999999
2 0.34797500000000003 0.29898 0.09864999999999996 0.09592
2 0.17365 0.30204 0.09594000000000003 0.09795999999999999
2 0.17365 0.49694000000000005 0.09594000000000003 0.09592000000000006
2 0.350675 0.49898 0.09594999999999998 0.09592
2 0.170945 0.69796 0.09595000000000001 0.09796000000000005
2 0.35202500000000003 0.70102 0.09595000000000004 0.09592
2 0.150675 0.124491 0.08783000000000002 0.08979800000000002
2 0.521625 0.100001 0.09189000000000003 0.089798
2 0.520945 0.29591999999999996 0.10675000000000007 0.09795999999999999
2 0.7216199999999999 0.29592 0.09999999999999998 0.09387999999999999
2 0.89324 0.30000000000000004 0.09999999999999998 0.09388000000000002
2 0.89865 0.49592 0.09999999999999998 0.09388000000000002
2 0.72838 0.49592 0.09999999999999998 0.09388000000000002
2 0.72838 0.69592 0.09999999999999998 0.09387999999999996
2 0.8999999999999999 0.69388 0.09999999999999998 0.09388000000000007
2 0.5256799999999999 0.69796 0.09999999999999998 0.09387999999999996
2 0.5256799999999999 0.49795999999999996 0.09999999999999998 0.09795999999999999
2 0.9033800000000001 0.1163255 0.08784000000000003 0.07754899999999999
2 0.347295 0.0959165 0.08918999999999999 0.077547
2 0.724325 0.072449 0.0891900000000001 0.034694
2 0.800675 0.915305 0.09594999999999998 0.13673000000000002
2 0.25473 0.89592 0.06352000000000002 0.09795999999999994
2 0.361485 0.9010199999999999 0.06350999999999996 0.09999999999999998
2 0.1527 0.89592 0.06215999999999999 0.09795999999999994
2 0.462835 0.89898 0.06350999999999996 0.10000000000000009
6 0.358105 0.1551005 0.13243 0.155099
6 0.7533799999999999 0.1520395 0.1473000000000001 0.157141
6 0.0500002 0.363265 0.0891896 0.13468999999999998
6 0.0500002 0.57959 0.0891896 0.13469999999999993
6 0.53649 0.357145 0.15946 0.12653000000000003
6 0.5391900000000001 0.565305 0.15946000000000005 0.12652999999999992
6 0.54189 0.7673449999999999 0.15945999999999994 0.12652999999999992
3 0.69257 0.92041 0.09054000000000006 0.14693999999999996
5 0.170945 0.35204500000000005 0.11487 0.026529999999999998
5 0.35067499999999996 0.34897999999999996 0.11486999999999997 0.028579999999999994
5 0.172295 0.546935 0.11486999999999999 0.028570000000000095
5 0.35067499999999996 0.546935 0.11486999999999997 0.028570000000000095
5 0.349325 0.7520450000000001 0.11487000000000003 0.026530000000000054
5 0.172295 0.7520450000000001 0.11486999999999999 0.026530000000000054
5 0.7256750000000001 0.347955 0.11621000000000004 0.026529999999999998
5 0.89527 0.347955 0.11485999999999996 0.026529999999999998
5 0.72635 0.5459149999999999 0.11486000000000007 0.026530000000000054
5 0.9027000000000001 0.5459149999999999 0.1162200000000001 0.026530000000000054
5 0.727705 0.75102 0.11486999999999992 0.02858000000000005
5 0.89527 0.741835 0.11485999999999996 0.026529999999999943
5 0.15202500000000002 0.9469350000000001 0.08513000000000001 0.024490000000000012
5 0.258785 0.9489749999999999 0.08513000000000001 0.024490000000000012
5 0.36419 0.951025 0.08514 0.024490000000000012
7 0.150675 0.1255115 0.08513 0.083677
7 0.5223 0.0908165 0.08783999999999992 0.067347
7 0.36756500000000003 0.096937 0.04594999999999999 0.075506
7 0.704055 0.072449 0.04325000000000001 0.030612
7 0.750675 0.0714285 0.03378999999999999 0.028571
7 0.174325 0.287755 0.08918999999999999 0.06123000000000001
7 0.172975 0.493875 0.08919000000000002 0.08162999999999998
7 0.35067499999999996 0.493875 0.09325 0.08162999999999998
7 0.171625 0.669385 0.09189000000000003 0.03265000000000007
7 0.35202999999999995 0.6989799999999999 0.09054000000000001 0.08368000000000009
7 0.50473 0.489795 0.05269999999999997 0.07755000000000001
7 0.559455 0.50714 0.029730000000000034 0.10816000000000003
7 0.50676 0.69592 0.05675999999999992 0.08572000000000002
9 0.504729 0.80714 0.974322 0.04286000000000001
2 0.9087799999999999 0.9163250000000001 0.08784000000000003 0.13876999999999995
