1 0.5000011 0.50146485 0.9975178 0.9970703
2 0.110559 0.146975 0.057142 0.04784999999999999
2 0.16397499999999998 0.14844000000000002 0.027329999999999993 0.03906000000000001
2 0.057764 0.15088000000000001 0.028572 0.04003999999999999
2 0.24906499999999998 0.14795 0.028569999999999984 0.04004000000000002
2 0.359625 0.14893 0.02857000000000004 0.04003999999999999
2 0.44596 0.14697500000000002 0.03477999999999998 0.04199
2 0.55404 0.147465 0.03478000000000003 0.04296999999999998
2 0.93851 0.15380500000000003 0.03602000000000005 0.04199
2 0.8323 0.15088000000000001 0.03477999999999992 0.04200000000000001
2 0.74907 0.14795 0.03478000000000003 0.04199999999999998
2 0.63913 0.146485 0.03601999999999994 0.04297000000000001
2 0.302485 0.142575 0.05839 0.04883
2 0.501865 0.14209 0.06458999999999998 0.0498
2 0.88447 0.14844000000000002 0.06459999999999999 0.050780000000000006
2 0.69317 0.143555 0.06459999999999999 0.05078999999999999
2 0.1080735 0.22704999999999997 0.14161300000000002 0.05176
2 0.1099395 0.30957 0.14286100000000002 0.05274000000000001
2 0.30496999999999996 0.2251 0.14782 0.04980000000000001
2 0.30435 0.30859000000000003 0.14658 0.05077999999999999
2 0.501865 0.22558999999999998 0.14659 0.05077999999999999
2 0.698135 0.22655999999999998 0.14659 0.05078000000000002
2 0.891305 0.23047 0.14783000000000002 0.050779999999999964
2 0.503105 0.30762 0.14659 0.05077999999999999
2 0.69938 0.31055 0.14657999999999993 0.05077999999999999
2 0.8975150000000001 0.31348 0.14783000000000002 0.05077999999999999
2 0.8944099999999999 0.396485 0.1441 0.05273
2 0.70062 0.39502 0.1441 0.05371999999999999
2 0.504345 0.39307000000000003 0.14906999999999992 0.05175999999999997
2 0.302485 0.39404 0.14783000000000002 0.05176000000000003
2 0.106834 0.396 0.149072 0.05175999999999997
2 0.106834 0.479 0.149072 0.05175999999999997
2 0.105588 0.563965 0.149064 0.051750000000000074
2 0.1086965 0.6499 0.147827 0.05176000000000003
2 0.10993750000000001 0.7338899999999999 0.147825 0.05175999999999992
2 0.30310499999999996 0.479 0.14906999999999998 0.05175999999999997
2 0.30310499999999996 0.563965 0.14906999999999998 0.051750000000000074
2 0.308075 0.65088 0.14907 0.05176000000000003
2 0.30683499999999997 0.73584 0.14906999999999998 0.05175999999999992
2 0.503105 0.73682 0.14907000000000004 0.05176000000000003
2 0.503105 0.6518550000000001 0.14907000000000004 0.051750000000000074
2 0.50621 0.563475 0.14781999999999995 0.052730000000000055
2 0.504345 0.479 0.14906999999999992 0.05175999999999997
2 0.699375 0.47997999999999996 0.14907000000000004 0.05175999999999997
2 0.89503 0.48290999999999995 0.14782000000000006 0.05175999999999997
2 0.898135 0.56592 0.14907000000000004 0.05176000000000003
2 0.702485 0.56592 0.14783000000000002 0.05176000000000003
2 0.704345 0.65088 0.14907000000000004 0.05176000000000003
2 0.89503 0.65283 0.14782000000000006 0.05176000000000003
2 0.890685 0.737305 0.14906999999999992 0.052729999999999944
2 0.703105 0.73682 0.14907000000000004 0.05176000000000003
2 0.308075 0.828615 0.14659 0.061530000000000085
2 0.708075 0.830565 0.14659 0.061530000000000085
2 0.50621 0.82617 0.16274 0.056640000000000024
5 0.1105575 0.18262 0.149065 0.027340000000000003
5 0.301865 0.18066500000000002 0.14907 0.027350000000000013
5 0.498755 0.181155 0.15031000000000005 0.026370000000000005
5 0.696275 0.18262 0.15030999999999994 0.027340000000000003
5 0.890065 0.186525 0.15030999999999994 0.027349999999999985
5 0.89441 0.27002000000000004 0.14905999999999997 0.026359999999999995
5 0.7 0.266115 0.15032 0.026370000000000005
5 0.501865 0.265135 0.14907000000000004 0.026370000000000005
5 0.301865 0.26758000000000004 0.14907 0.027339999999999975
5 0.1105575 0.268065 0.149065 0.026370000000000005
5 0.106213 0.350585 0.150314 0.027349999999999985
5 0.301865 0.34912 0.14907 0.026359999999999995
5 0.498755 0.347655 0.15031000000000005 0.027349999999999985
5 0.699375 0.350095 0.14907000000000004 0.026370000000000005
5 0.890685 0.35448999999999997 0.14906999999999992 0.027339999999999975
5 0.8956500000000001 0.43994 0.15404000000000007 0.030279999999999974
5 0.69938 0.437015 0.15403999999999995 0.03027000000000002
5 0.50186 0.436035 0.15403999999999995 0.03027000000000002
5 0.50373 0.523435 0.15528000000000003 0.03125
5 0.508075 0.605955 0.15403 0.03027000000000002
5 0.50683 0.6958 0.15403999999999995 0.030279999999999974
5 0.7031050000000001 0.5200199999999999 0.15403 0.030279999999999974
5 0.8981399999999999 0.523925 0.15404000000000007 0.03027000000000002
5 0.896895 0.608885 0.15403 0.03027000000000002
5 0.8956500000000001 0.693845 0.15404000000000007 0.03027000000000002
5 0.7018599999999999 0.609865 0.15404000000000007 0.03027000000000002
5 0.7018599999999999 0.6928700000000001 0.15404000000000007 0.030279999999999974
5 0.1055905 0.437985 0.15403899999999998 0.03027000000000002
5 0.30559000000000003 0.436035 0.15404 0.03027000000000002
5 0.30186 0.522465 0.15403999999999998 0.03125
5 0.1055905 0.521975 0.15403899999999998 0.03027000000000002
5 0.109319 0.606935 0.154042 0.03027000000000002
5 0.30559000000000003 0.605955 0.15404 0.03027000000000002
5 0.30683 0.692385 0.15404000000000004 0.03125
5 0.11055999999999999 0.68994 0.15404 0.030280000000000085
9 0.49751334999999997 0.05419905 0.9875733 0.09081990000000001
9 0.5006206 0.78125 0.9888188 0.048820000000000086
9 0.5031067 0.870605 0.9913065999999999 0.026370000000000005
11 0.123601 0.93945 0.16769799999999999 0.11914000000000002
11 0.303105 0.91211 0.15652999999999997 0.056640000000000024
