1 0.4993788 0.47656309999999996 0.9937824 0.9453138
2 0.16107 0.373535 0.08830000000000002 0.12597000000000003
2 0.451495 0.36865000000000003 0.08954999999999996 0.12598000000000004
2 0.746265 0.36865000000000003 0.08955000000000002 0.12598000000000004
2 0.15485 0.61133 0.10572000000000001 0.13476
2 0.452115 0.609375 0.10572999999999999 0.13477000000000006
2 0.75 0.606445 0.1044799999999999 0.13477000000000006
2 0.739425 0.14502 0.1007499999999999 0.09668
2 0.45336 0.14844 0.10074 0.0957
2 0.163555 0.154785 0.10075 0.09666999999999999
3 0.451495 0.862305 0.14925000000000005 0.16406999999999994
4 0.158582 0.2793 0.16293600000000003 0.056640000000000024
4 0.45398000000000005 0.27295 0.16418000000000005 0.05175999999999997
4 0.7444 0.27246 0.1704 0.058599999999999985
4 0.1585815 0.51416 0.170397 0.05565999999999999
4 0.45336 0.51123 0.17040000000000005 0.05565999999999999
4 0.7506200000000001 0.507325 0.1704 0.05566999999999994
5 0.163555 0.22314499999999998 0.12312999999999999 0.04395000000000002
5 0.455225 0.21435500000000002 0.12189 0.04395000000000002
5 0.741915 0.20849499999999999 0.12312999999999996 0.04395000000000002
5 0.4546 0.447755 0.12314000000000003 0.04394999999999999
5 0.1560935 0.45703499999999997 0.12313299999999999 0.04297000000000001
5 0.745645 0.44628500000000004 0.12312999999999996 0.04297000000000001
5 0.1536065 0.70166 0.160447 0.057620000000000005
5 0.45211500000000004 0.69678 0.16045000000000004 0.057620000000000005
5 0.749375 0.69531 0.16044999999999998 0.056640000000000024
7 0.22948 0.37060499999999996 0.05099999999999999 0.12989
7 0.093904 0.375 0.05099200000000001 0.13085999999999998
7 0.380595 0.364745 0.049750000000000016 0.12989
7 0.524875 0.3667 0.04974999999999996 0.12988000000000005
7 0.819655 0.36523 0.04974999999999996 0.13085999999999998
7 0.6753750000000001 0.36865 0.04975000000000007 0.12988
9 0.5074645 0.737795 0.962691 0.04198999999999997
11 0.34079499999999996 0.827635 0.06219000000000002 0.11034999999999995
11 0.583955 0.865235 0.036070000000000046 0.13866999999999996
11 0.15547255000000001 0.84082 0.3009949 0.19531999999999994
11 0.74813 0.8466800000000001 0.26990000000000003 0.1582
