1 0.47991249999999996 0.5013055 0.921135 0.997389
2 0.5558000000000001 0.0724525 0.06994 0.090075
2 0.42485 0.07115 0.06994 0.09008
2 0.193455 0.49804499999999996 0.09820999999999999 0.11618999999999996
2 0.7455350000000001 0.49804499999999996 0.09821000000000002 0.11618999999999996
2 0.746275 0.7212799999999999 0.09375 0.13185999999999998
2 0.191965 0.713445 0.09522999999999998 0.13185000000000002
2 0.47098 0.7376 0.07291999999999998 0.17754000000000003
2 0.46131 0.51697 0.09226000000000001 0.15404
2 0.46577 0.28786 0.09523999999999999 0.11880000000000002
2 0.19791999999999998 0.29047 0.09225999999999998 0.11880000000000002
2 0.74702 0.28786 0.09226000000000001 0.11880000000000002
2 0.48586 0.0698445 0.040179999999999993 0.092691
3 0.463545 0.9360299999999999 0.09375 0.11487999999999998
4 0.4561 0.41906 0.16815999999999998 0.041779999999999984
4 0.18899 0.627285 0.17262 0.040470000000000006
4 0.7433000000000001 0.6305499999999999 0.1622 0.044379999999999975
5 0.19122 0.560055 0.1503 0.020889999999999964
5 0.747765 0.565275 0.13839 0.020889999999999964
6 0.415925 0.5920350000000001 0.35863 0.16579
6 0.412945 0.825715 0.35863 0.15535
7 0.11979100000000001 0.287205 0.05505800000000001 0.12011000000000002
7 0.2686 0.28982 0.052080000000000015 0.12010000000000001
7 0.38914 0.287205 0.052080000000000015 0.12011000000000002
7 0.539435 0.28785499999999997 0.05208999999999997 0.12140999999999999
7 0.72619 0.286555 0.04464000000000001 0.11619000000000002
7 0.7715799999999999 0.288515 0.040179999999999993 0.11749000000000001
7 0.113839 0.496085 0.052082 0.12271000000000004
7 0.26637 0.498695 0.047619999999999996 0.12271000000000004
7 0.38244 0.513055 0.047619999999999996 0.15143
7 0.536455 0.513705 0.04910999999999999 0.15013000000000004
7 0.67039 0.49804499999999996 0.052080000000000015 0.12140999999999996
7 0.820685 0.49804499999999996 0.05208999999999997 0.12140999999999996
7 0.82143 0.7206250000000001 0.05059999999999998 0.13577000000000006
7 0.67039 0.719325 0.052080000000000015 0.13576999999999995
7 0.5372 0.74217 0.047619999999999996 0.18145999999999995
7 0.38616 0.73956 0.04910000000000003 0.18145999999999995
7 0.1108605 0.710835 0.052079 0.1344700000000001
7 0.26488 0.71214 0.050600000000000006 0.1318600000000001
9 0.475449 0.163185 0.9003019999999999 0.07311000000000001
9 0.479168 0.351175 0.904764 0.02349000000000001
9 0.482885 0.786555 0.90327 0.022189999999999932
11 0.151787 0.8812 0.247026 0.08094000000000001
11 0.20238 0.958225 0.10714000000000001 0.06789
11 0.75 0.941905 0.13690000000000002 0.10053000000000001
11 0.694195 0.8805499999999999 0.33185 0.0535199999999999
