1 0.527832 0.49735999999999997 0.944336 0.57784
2 0.0898445 0.421505 0.031251 0.07519000000000003
2 0.162105 0.420845 0.03125 0.07651000000000002
2 0.234375 0.418865 0.03125 0.07518999999999998
2 0.297365 0.418865 0.03027000000000002 0.07518999999999998
2 0.369145 0.41161000000000003 0.03125 0.08180000000000004
2 0.444335 0.41755 0.03125 0.07519999999999999
2 0.527345 0.41689 0.03125 0.07651999999999998
2 0.610355 0.41623 0.03125 0.07519999999999999
2 0.684575 0.41161000000000003 0.03125 0.07915999999999995
2 0.755855 0.418865 0.03125 0.07518999999999998
2 0.824215 0.42018500000000003 0.03125 0.07519000000000003
2 0.88916 0.418865 0.030279999999999974 0.07518999999999998
2 0.955565 0.42018500000000003 0.03027000000000002 0.07519000000000003
2 0.0898445 0.55079 0.031251 0.07519999999999993
2 0.160155 0.55079 0.03125 0.07519999999999993
2 0.23535499999999998 0.55277 0.031249999999999972 0.07652000000000003
2 0.298825 0.55079 0.03125 0.07519999999999993
2 0.367185 0.5481499999999999 0.03125 0.07520000000000004
2 0.686525 0.5461750000000001 0.03125 0.07650999999999997
2 0.755855 0.54947 0.03125 0.07519999999999993
2 0.821775 0.5481499999999999 0.03027000000000002 0.07520000000000004
2 0.887695 0.54947 0.03125 0.07519999999999993
2 0.954105 0.5481499999999999 0.03125 0.07520000000000004
2 0.822265 0.670185 0.027349999999999985 0.06069000000000002
2 0.88721 0.670185 0.028320000000000012 0.06069000000000002
2 0.9536100000000001 0.667545 0.028320000000000012 0.06069000000000002
2 0.75586 0.671505 0.02734000000000003 0.06069000000000002
2 0.686525 0.671505 0.027350000000000096 0.06069000000000002
2 0.61182 0.674145 0.028320000000000012 0.06068999999999991
2 0.52783 0.672825 0.028320000000000012 0.06068999999999991
2 0.44287 0.674145 0.028320000000000012 0.06068999999999991
2 0.36865000000000003 0.674145 0.028319999999999956 0.06068999999999991
2 0.29834 0.6767799999999999 0.028320000000000012 0.060679999999999956
2 0.23535 0.67546 0.027340000000000003 0.060679999999999956
2 0.090331 0.672825 0.028317999999999996 0.06068999999999991
2 0.444335 0.55013 0.035150000000000015 0.07387999999999995
2 0.527345 0.546835 0.035150000000000015 0.08046999999999993
2 0.6113299999999999 0.5481499999999999 0.03515999999999997 0.07784000000000002
2 0.177735 0.29749000000000003 0.019529999999999992 0.04089999999999999
2 0.284665 0.293535 0.020510000000000028 0.04088999999999998
2 0.8808549999999999 0.293535 0.019529999999999936 0.04088999999999998
2 0.777835 0.292215 0.020509999999999917 0.04088999999999998
2 0.52588 0.277705 0.03614000000000006 0.03299000000000002
3 0.16357500000000003 0.7124 0.06153 0.1372
4 0.09033 0.50066 0.05566 0.027700000000000002
4 0.16161999999999999 0.50132 0.055660000000000015 0.02901999999999999
4 0.234865 0.5 0.05567 0.029020000000000046
4 0.298825 0.49736 0.054690000000000016 0.029020000000000046
4 0.75635 0.49736 0.057620000000000005 0.029020000000000046
4 0.82373 0.49736 0.057620000000000005 0.029020000000000046
4 0.89014 0.49736 0.057620000000000005 0.029020000000000046
4 0.95459 0.49736 0.057620000000000005 0.029020000000000046
4 0.36865000000000003 0.490105 0.05175999999999997 0.03824999999999995
4 0.68701 0.48879000000000006 0.05176000000000003 0.038260000000000016
5 0.36865000000000003 0.45448500000000003 0.04980000000000001 0.011869999999999992
5 0.68408 0.451845 0.049800000000000066 0.011870000000000047
6 0.44238500000000003 0.600265 0.05273 0.026390000000000025
6 0.527345 0.601585 0.052730000000000055 0.026390000000000025
6 0.612305 0.600265 0.052729999999999944 0.026390000000000025
5 0.44433500000000004 0.46636 0.05273 0.02505999999999997
5 0.527835 0.46504 0.053710000000000035 0.02505999999999997
5 0.609865 0.46636 0.053709999999999924 0.02505999999999997
7 0.109375 0.420845 0.017570000000000002 0.07651000000000002
7 0.067383 0.421505 0.017578000000000003 0.07519000000000003
7 0.13916 0.41952500000000004 0.016600000000000004 0.07651000000000002
7 0.18310500000000002 0.418865 0.016609999999999986 0.07518999999999998
7 0.21191 0.41952500000000004 0.017580000000000012 0.07651000000000002
7 0.25634999999999997 0.418205 0.016600000000000004 0.07650999999999997
7 0.27588 0.41755 0.016600000000000004 0.07519999999999999
7 0.3208 0.418865 0.016600000000000004 0.07518999999999998
7 0.34473 0.41029000000000004 0.017579999999999985 0.07651999999999998
7 0.390625 0.41029000000000004 0.017569999999999975 0.07651999999999998
7 0.41991999999999996 0.41755 0.017579999999999985 0.07519999999999999
7 0.46875 0.41755 0.01758000000000004 0.07519999999999999
7 0.504395 0.41623 0.01661000000000007 0.07519999999999999
7 0.549805 0.41623 0.017570000000000086 0.07519999999999999
7 0.58887 0.41689 0.01757999999999993 0.07651999999999998
7 0.634765 0.41689 0.017569999999999975 0.07651999999999998
7 0.66309 0.40963000000000005 0.01758000000000004 0.07519999999999999
7 0.7075199999999999 0.41029000000000004 0.01660000000000006 0.07651999999999998
7 0.73535 0.41689 0.01758000000000004 0.07651999999999998
7 0.77881 0.418865 0.016599999999999948 0.07518999999999998
7 0.8037099999999999 0.41755 0.01758000000000004 0.07519999999999999
7 0.8457 0.41755 0.01757999999999993 0.07519999999999999
7 0.86963 0.418205 0.016599999999999948 0.07650999999999997
7 0.91162 0.41755 0.016599999999999948 0.07519999999999999
7 0.97803 0.418865 0.01660000000000006 0.07518999999999998
7 0.93701 0.41755 0.012699999999999934 0.07519999999999999
7 0.112795 0.55079 0.018549999999999997 0.07519999999999993
7 0.067871 0.55079 0.016602000000000006 0.07519999999999993
7 0.13916 0.55211 0.016600000000000004 0.07519999999999993
7 0.18408 0.55079 0.016600000000000004 0.07519999999999993
7 0.2124 0.55079 0.016600000000000004 0.07519999999999993
7 0.256835 0.55013 0.015630000000000005 0.07651999999999992
7 0.29003999999999996 0.55079 0.015620000000000023 0.07519999999999993
7 0.30664 0.55079 0.015620000000000023 0.07519999999999993
7 0.34375 0.5481499999999999 0.015619999999999967 0.07520000000000004
7 0.390625 0.5468299999999999 0.015630000000000033 0.07520000000000004
7 0.6626000000000001 0.545515 0.01660000000000006 0.07518999999999998
7 0.708985 0.545515 0.015630000000000033 0.07518999999999998
7 0.7348600000000001 0.54947 0.01660000000000006 0.07519999999999993
7 0.77881 0.55079 0.016599999999999948 0.07519999999999993
7 0.802735 0.55079 0.015630000000000033 0.07519999999999993
7 0.8457049999999999 0.5481499999999999 0.01562999999999992 0.07520000000000004
7 0.86768 0.54881 0.016599999999999948 0.07652000000000003
7 0.90918 0.54881 0.015619999999999967 0.07652000000000003
7 0.93408 0.54947 0.016599999999999948 0.07519999999999993
7 0.976565 0.54881 0.015630000000000033 0.07652000000000003
7 0.072266 0.672165 0.013672000000000004 0.05936999999999992
7 0.111815 0.672165 0.012690000000000007 0.05936999999999992
7 0.213865 0.672165 0.013670000000000015 0.05936999999999992
7 0.25634999999999997 0.673485 0.012699999999999989 0.05936999999999992
7 0.27734499999999995 0.673485 0.013670000000000015 0.05936999999999992
7 0.320315 0.674145 0.013670000000000015 0.06068999999999991
7 0.360355 0.673485 0.013670000000000015 0.05936999999999992
7 0.375 0.673485 0.013680000000000025 0.05936999999999992
7 0.43554499999999996 0.673485 0.013670000000000015 0.05936999999999992
7 0.450195 0.673485 0.013670000000000015 0.05936999999999992
7 0.520505 0.673485 0.013670000000000071 0.05936999999999992
7 0.53418 0.672165 0.013679999999999914 0.05936999999999992
7 0.604495 0.674805 0.013670000000000071 0.05936999999999992
7 0.61914 0.674145 0.013680000000000025 0.06068999999999991
7 0.66455 0.672165 0.012700000000000045 0.05936999999999992
7 0.7070350000000001 0.6708449999999999 0.01366999999999996 0.059370000000000034
7 0.7480450000000001 0.672165 0.01366999999999996 0.05936999999999992
7 0.762695 0.672165 0.013670000000000071 0.05936999999999992
7 0.8022450000000001 0.6708449999999999 0.012689999999999979 0.059370000000000034
7 0.84082 0.6695249999999999 0.013679999999999914 0.059370000000000034
7 0.870115 0.6695249999999999 0.01366999999999996 0.059370000000000034
7 0.907225 0.6695249999999999 0.01366999999999996 0.059370000000000034
7 0.933595 0.6695249999999999 0.01366999999999996 0.059370000000000034
7 0.97461 0.6682049999999999 0.013680000000000025 0.059370000000000034
7 0.16504 0.29683000000000004 0.007819999999999994 0.03694000000000003
7 0.19043 0.29683000000000004 0.007820000000000021 0.03694000000000003
7 0.297365 0.29288000000000003 0.008789999999999965 0.03694000000000003
7 0.271485 0.294195 0.007810000000000039 0.03693000000000002
7 0.895015 0.29551 0.008790000000000076 0.03693999999999997
7 0.8671850000000001 0.29288000000000003 0.007809999999999984 0.03694000000000003
7 0.791995 0.29288000000000003 0.007810000000000095 0.03694000000000003
7 0.763675 0.29288000000000003 0.007810000000000095 0.03694000000000003
8 0.45458999999999994 0.277705 0.11035999999999996 0.051449999999999996
8 0.58252 0.27176999999999996 0.12597999999999998 0.06331999999999999
8 0.44433500000000004 0.49735999999999997 0.039069999999999994 0.02637999999999996
8 0.527345 0.49604 0.03907000000000005 0.02637999999999996
8 0.6113299999999999 0.4967 0.039059999999999984 0.02505999999999997
9 0.5288065000000001 0.35092 0.934567 0.03166000000000002
9 0.5278335 0.4657 0.940433 0.02637999999999996
9 0.5283185 0.6029 0.935543 0.04486000000000001
9 0.5263685 0.734825 0.931643 0.05013000000000001
10 0.48633000000000004 0.470975 0.015620000000000023 0.20316999999999996
10 0.569335 0.469655 0.015630000000000033 0.20316999999999996
10 0.48534999999999995 0.579815 0.02148 0.014510000000000023
10 0.56982 0.578495 0.022459999999999924 0.014510000000000023
10 0.485355 0.360815 0.025389999999999968 0.01715
10 0.5683549999999999 0.360155 0.025389999999999913 0.01583000000000001
4 0.17725 0.25528 0.045899999999999996 0.030340000000000034
4 0.28467 0.25395999999999996 0.045899999999999996 0.030339999999999978
4 0.882325 0.25329999999999997 0.045889999999999986 0.02901999999999999
4 0.777345 0.25329999999999997 0.04687000000000008 0.02901999999999999
