2 0.54505 0.30235 0.06006 0.07478000000000001
2 0.8581099999999999 0.291665 0.04354000000000002 0.07479000000000002
2 0.23123 0.30235 0.04503999999999997 0.07052000000000003
2 0.23048 0.45833500000000005 0.052559999999999996 0.09615000000000001
2 0.051051 0.46047000000000005 0.04804800000000001 0.09188000000000002
2 0.04955 0.62073 0.048048 0.09187999999999996
2 0.22973 0.621795 0.051059999999999994 0.09400999999999993
2 0.045045 0.7799149999999999 0.04804800000000001 0.09401000000000004
2 0.22973 0.7863249999999999 0.051059999999999994 0.0982900000000001
2 0.535285 0.455125 0.052549999999999986 0.09828999999999999
2 0.5367850000000001 0.622865 0.052549999999999986 0.09614999999999996
2 0.537535 0.793805 0.05105000000000004 0.09614999999999996
2 0.866365 0.450855 0.05405000000000004 0.09401000000000004
2 0.8716200000000001 0.621795 0.05555999999999994 0.09828999999999999
2 0.875375 0.7873950000000001 0.057050000000000045 0.09615000000000007
2 0.30556 0.602565 0.019519999999999982 0.05129000000000006
2 0.30556 0.766025 0.019519999999999982 0.044870000000000076
2 0.30630999999999997 0.438035 0.021019999999999983 0.047009999999999996
2 0.30556 0.28953 0.019519999999999982 0.04488000000000003
2 0.147145 0.76389 0.015010000000000023 0.04914000000000007
2 0.147145 0.60043 0.015010000000000023 0.05127999999999999
2 0.15015 0.44123999999999997 0.015020000000000006 0.04914000000000002
2 0.15165 0.2938 0.015020000000000006 0.04059999999999997
2 0.36111 0.246795 0.019519999999999982 0.03632999999999997
2 0.38814 0.24573 0.019519999999999982 0.038459999999999966
2 0.41366 0.246795 0.019520000000000037 0.04058999999999999
2 0.28979 0.14316 0.042039999999999966 0.05556000000000001
2 0.69444 0.128205 0.04053999999999991 0.05555
2 0.6584099999999999 0.28098 0.019520000000000093 0.04059999999999997
2 0.684685 0.28098 0.01801000000000008 0.04059999999999997
2 0.7117100000000001 0.28098 0.018020000000000036 0.04059999999999997
2 0.78303 0.27885000000000004 0.019519999999999982 0.040600000000000025
2 0.7882899999999999 0.43269 0.021019999999999928 0.05341999999999997
2 0.794295 0.600425 0.01800999999999997 0.047009999999999996
2 0.7973 0.771365 0.018019999999999925 0.047009999999999996
2 0.36111 0.423075 0.019519999999999982 0.02137
2 0.38888999999999996 0.423075 0.021019999999999983 0.02137
2 0.41441 0.423075 0.02102000000000004 0.02137
2 0.36336 0.52671 0.021019999999999983 0.08333999999999997
2 0.38888999999999996 0.52564 0.021019999999999983 0.08119999999999994
2 0.415165 0.524575 0.022529999999999994 0.08332999999999996
2 0.36336 0.6933750000000001 0.021019999999999983 0.08333000000000002
2 0.38888999999999996 0.69231 0.021019999999999983 0.08119999999999994
2 0.415165 0.6933750000000001 0.022529999999999994 0.08333000000000002
2 0.66366 0.52564 0.02102000000000004 0.08119999999999994
2 0.69069 0.52564 0.02102000000000004 0.08119999999999994
2 0.71697 0.523505 0.022520000000000095 0.08119000000000004
2 0.66892 0.6933750000000001 0.019519999999999982 0.08333000000000002
2 0.69444 0.69231 0.019520000000000093 0.08119999999999994
2 0.72072 0.6933750000000001 0.02102000000000004 0.08333000000000002
2 0.36261 0.8344 0.01651999999999998 0.03632000000000002
3 0.41591500000000003 0.858975 0.04804999999999998 0.11538999999999999
3 0.735735 0.85043 0.04805000000000004 0.11538000000000004
5 0.38814 0.27137 0.08557999999999999 0.012820000000000054
5 0.68919 0.30556000000000005 0.08408000000000004 0.012819999999999998
5 0.38964 0.5705100000000001 0.08557999999999999 0.012819999999999943
5 0.38888999999999996 0.43589999999999995 0.08407999999999999 0.012819999999999998
5 0.39039 0.7414499999999999 0.08407999999999999 0.012819999999999943
5 0.69069 0.56838 0.08408000000000004 0.012820000000000054
5 0.696695 0.740385 0.08409 0.014950000000000019
5 0.305555 0.46580999999999995 0.025529999999999997 0.012819999999999998
5 0.304805 0.629275 0.02703 0.010689999999999977
5 0.30405499999999996 0.79487 0.025529999999999997 0.012819999999999943
5 0.147145 0.79487 0.02703 0.012819999999999943
5 0.147145 0.63034 0.02703 0.012820000000000054
5 0.14865 0.46795 0.024019999999999986 0.008539999999999992
5 0.15165 0.31624 0.024020000000000014 0.008539999999999992
5 0.306305 0.31410499999999997 0.024029999999999996 0.008550000000000002
5 0.783785 0.30342 0.024029999999999996 0.012819999999999998
5 0.78979 0.46153999999999995 0.02401999999999993 0.012819999999999998
5 0.7973 0.80342 0.02401999999999993 0.012820000000000054
5 0.793545 0.63034 0.02552999999999994 0.012820000000000054
5 0.23273 0.50641 0.06306 0.012820000000000054
5 0.22823 0.67308 0.06305999999999998 0.012820000000000054
5 0.23123 0.83761 0.06306 0.012819999999999943
5 0.0480485 0.8311999999999999 0.063063 0.012819999999999943
5 0.0465465 0.6688000000000001 0.063063 0.012819999999999943
5 0.048798999999999995 0.5085500000000001 0.058558 0.012819999999999943
5 0.5382849999999999 0.50748 0.06757000000000002 0.010680000000000023
5 0.535285 0.67628 0.06757000000000002 0.010680000000000023
5 0.53979 0.84722 0.06756000000000006 0.010680000000000023
5 0.8693649999999999 0.50107 0.06907000000000008 0.010680000000000023
5 0.873875 0.67201 0.06907000000000008 0.010680000000000023
5 0.8731249999999999 0.84295 0.06757000000000002 0.010680000000000023
7 0.19144 0.45833499999999994 0.025519999999999987 0.10042999999999996
7 0.26952 0.456195 0.025519999999999987 0.10043000000000002
7 0.087087 0.45726500000000003 0.027025999999999994 0.09400999999999998
7 0.015766 0.45833 0.025526 0.09188000000000002
1 0.50075075 0.48504515 0.9984985 0.9572697
7 0.01276275 0.61859 0.0225225 0.09187999999999996
7 0.0840845 0.61966 0.02702700000000001 0.09401999999999999
7 0.19144 0.61966 0.025519999999999987 0.09401999999999999
7 0.26876999999999995 0.621795 0.02701999999999999 0.09400999999999993
7 0.0825825 0.78205 0.027026999999999995 0.09401999999999999
7 0.01126125 0.7799149999999999 0.019519500000000002 0.09401000000000004
7 0.26952 0.788465 0.025519999999999987 0.09828999999999999
7 0.19144 0.7873950000000001 0.025519999999999987 0.09615000000000007
7 0.19745000000000001 0.304485 0.022520000000000012 0.07479000000000002
7 0.26576500000000003 0.30235 0.02403000000000005 0.07478000000000001
7 0.5930949999999999 0.29487 0.033030000000000004 0.07691999999999999
7 0.49925 0.29701 0.03154000000000001 0.07691999999999999
7 0.825075 0.29059999999999997 0.025530000000000053 0.07692000000000004
7 0.8979 0.291665 0.02102000000000004 0.07479000000000002
7 0.9512 0.28846 0.022519999999999984 0.07691999999999999
7 0.8265750000000001 0.450855 0.03152999999999995 0.09828999999999999
7 0.9084049999999999 0.45192 0.02703 0.09188000000000002
7 0.955705 0.44979 0.025530000000000053 0.09188000000000002
7 0.493995 0.455125 0.02703 0.09828999999999999
7 0.5765750000000001 0.45299500000000004 0.02703 0.09829000000000004
7 0.495495 0.622865 0.027029999999999943 0.10043000000000002
7 0.5765750000000001 0.622865 0.02703 0.10043000000000002
7 0.832585 0.619655 0.028529999999999944 0.09828999999999999
7 0.913665 0.61859 0.028530000000000055 0.10041999999999995
7 0.96021 0.61859 0.02851999999999999 0.10041999999999995
7 0.834835 0.7916650000000001 0.02703 0.10042999999999991
7 0.888135 0.7884599999999999 0.028529999999999944 0.08974000000000004
7 0.49924500000000005 0.793805 0.02853 0.10043000000000002
7 0.58108 0.793805 0.027019999999999933 0.10043000000000002
8 0.42117 0.785255 0.09760000000000002 0.08333000000000002
8 0.747 0.780985 0.10359999999999991 0.07479000000000002
9 0.49849875 0.38355 0.9819825 0.04059999999999997
