4 0.226565 0.43457 0.13021 0.023440000000000016
4 0.37760499999999997 0.43701 0.13021 0.022460000000000035
2 0.222655 0.49609500000000006 0.08593000000000003 0.09571000000000002
2 0.375 0.49804499999999996 0.08333999999999997 0.09374999999999994
2 0.5306 0.49853500000000006 0.08463999999999999 0.09473000000000004
2 0.6888000000000001 0.49756 0.08594000000000002 0.09278000000000003
4 0.5332049999999999 0.437015 0.12890999999999997 0.020510000000000028
4 0.69401 0.43701 0.13541999999999998 0.022460000000000035
4 0.85547 0.43408 0.13801999999999992 0.02245999999999998
2 0.84961 0.49658499999999994 0.08984000000000003 0.09276999999999996
2 0.8463499999999999 0.70459 0.08853999999999995 0.11229999999999996
2 0.684895 0.70459 0.08592999999999995 0.11229999999999996
3 0.766275 0.902835 0.17316999999999994 0.17285000000000006
3 0.37305 0.91748 0.08723999999999998 0.12988
2 0.21875 0.898925 0.07032000000000002 0.09277000000000002
4 0.2194 0.831055 0.13672 0.04100999999999999
4 0.376305 0.831545 0.14322999999999997 0.04198999999999997
4 0.529945 0.831055 0.14322999999999997 0.03906999999999994
4 0.535155 0.61914 0.15625000000000006 0.05274000000000001
2 0.526695 0.705565 0.08463000000000004 0.11230999999999991
2 0.37434999999999996 0.705565 0.08463999999999999 0.11230999999999991
2 0.222005 0.7050799999999999 0.08463000000000001 0.11327999999999994
4 0.38021 0.6181650000000001 0.15364 0.052730000000000055
4 0.227215 0.61816 0.14712999999999998 0.056640000000000024
4 0.772135 0.60449 0.31770999999999994 0.08984000000000003
1 0.548177 0.49853295000000003 0.903646 0.9833941
2 0.52474 0.895505 0.07292000000000004 0.08789000000000002
5 0.22331 0.55713 0.13932 0.03614000000000006
5 0.375 0.561035 0.13802000000000003 0.036129999999999995
5 0.5319 0.559085 0.13932 0.036130000000000106
5 0.84961 0.555175 0.13932 0.036129999999999995
5 0.6894499999999999 0.558105 0.13932 0.036129999999999995
5 0.222005 0.7817350000000001 0.13932999999999998 0.04785000000000006
5 0.37370000000000003 0.7817350000000001 0.13801999999999998 0.04785000000000006
5 0.52539 0.7817350000000001 0.13931999999999994 0.04785000000000006
5 0.767575 0.7675799999999999 0.30599 0.021480000000000055
5 0.86263 0.356445 0.14714000000000005 0.029289999999999983
5 0.69987 0.358885 0.14714000000000005 0.03027000000000002
5 0.54297 0.358885 0.14844000000000002 0.03027000000000002
5 0.384765 0.356445 0.14713000000000004 0.029289999999999983
5 0.22070499999999998 0.35302500000000003 0.14712999999999998 0.030269999999999964
5 0.86914 0.199705 0.16015999999999997 0.07715
5 0.702475 0.20166 0.16015000000000001 0.07713999999999999
2 0.859375 0.300295 0.0885499999999999 0.09276999999999996
2 0.69792 0.302735 0.08854000000000006 0.09375
2 0.5364599999999999 0.301755 0.08853999999999995 0.09375
2 0.38021000000000005 0.30322499999999997 0.08854000000000001 0.09276999999999996
2 0.86263 0.119631 0.08983999999999992 0.092778
8 0.764975 0.76709 0.34765 0.16503999999999996
9 0.546875 0.40283 0.8828100000000001 0.061519999999999964
9 0.54427 0.575685 0.8724 0.024410000000000043
8 0.955075 0.51172 0.055989999999999984 0.08594000000000002
11 0.436845 0.87988 0.055989999999999984 0.08007999999999993
11 0.479815 0.830075 0.05338999999999999 0.019530000000000047
