1 0.5492400000000001 0.57666 0.6742400000000001 0.84472
2 0.434975 0.61523 0.06186999999999998 0.0625
2 0.5991150000000001 0.61572 0.06186999999999998 0.06152000000000002
2 0.76452 0.61523 0.061860000000000026 0.0625
2 0.76452 0.50391 0.061860000000000026 0.062499999999999944
2 0.5991150000000001 0.5043949999999999 0.06186999999999998 0.061529999999999974
2 0.434975 0.50537 0.06186999999999998 0.06152000000000002
2 0.600375 0.393555 0.06187000000000009 0.06054999999999999
2 0.7638849999999999 0.393555 0.06313000000000002 0.06054999999999999
2 0.435605 0.393065 0.06312999999999996 0.05957000000000001
2 0.7657849999999999 0.71289 0.06186999999999998 0.056640000000000024
2 0.600375 0.71338 0.06187000000000009 0.05566000000000004
2 0.434975 0.714845 0.06186999999999998 0.054690000000000016
2 0.767045 0.83594 0.06186999999999998 0.07811999999999997
2 0.599745 0.834965 0.06313000000000002 0.07616999999999996
2 0.76831 0.944825 0.07954000000000006 0.06542999999999999
2 0.599745 0.9443349999999999 0.08081000000000005 0.06445000000000001
2 0.24369 0.948735 0.04797999999999997 0.0654300000000001
2 0.76452 0.27539 0.05933999999999995 0.04687999999999998
2 0.60164 0.27685499999999996 0.05934000000000006 0.047850000000000004
2 0.440025 0.27636499999999997 0.059350000000000014 0.04687000000000002
2 0.7657849999999999 0.19824 0.04419000000000006 0.04102
2 0.60543 0.19922 0.04420000000000002 0.04102
2 0.44633500000000004 0.19873000000000002 0.04419000000000001 0.04200000000000001
5 0.599115 0.6499 0.06945000000000001 0.010739999999999972
5 0.765785 0.6499 0.06945000000000001 0.010739999999999972
5 0.43434 0.648925 0.06818000000000002 0.010750000000000037
5 0.60038 0.538575 0.06943999999999995 0.010750000000000037
5 0.76452 0.5376 0.06943999999999995 0.010739999999999972
5 0.43371000000000004 0.538575 0.06944 0.010750000000000037
6 0.546715 0.293945 0.66667 0.05273
6 0.7657849999999999 0.754395 0.08206999999999998 0.03027000000000002
6 0.5984849999999999 0.752925 0.08080999999999994 0.03125
6 0.546085 0.86963 0.65783 0.05176000000000003
7 0.42235 0.39453 0.03156000000000003 0.056640000000000024
7 0.45202 0.39453 0.02777999999999997 0.056640000000000024
7 0.58649 0.39453 0.03155999999999992 0.056640000000000024
7 0.61616 0.39453 0.027780000000000027 0.056640000000000024
7 0.74874 0.39551000000000003 0.030299999999999994 0.05663999999999997
7 0.77904 0.39551000000000003 0.030299999999999994 0.05663999999999997
7 0.74937 0.504395 0.03156000000000003 0.057609999999999995
7 0.7803 0.50391 0.030299999999999994 0.05663999999999997
7 0.61553 0.50586 0.029039999999999955 0.05663999999999997
7 0.58144 0.50537 0.021459999999999924 0.057620000000000005
7 0.41793 0.50488 0.022720000000000018 0.056640000000000024
7 0.45076 0.50586 0.027780000000000027 0.05663999999999997
7 0.458965 0.6147450000000001 0.011369999999999991 0.05957000000000001
7 0.41225 0.6147450000000001 0.011360000000000037 0.05957000000000001
7 0.58586 0.6152299999999999 0.030299999999999994 0.05663999999999991
7 0.6155299999999999 0.614745 0.026519999999999988 0.05760999999999994
7 0.78093 0.61426 0.029039999999999955 0.056640000000000024
7 0.75 0.614745 0.030299999999999994 0.05760999999999994
7 0.7399 0.71289 0.010099999999999998 0.05468000000000006
7 0.7910349999999999 0.71289 0.008830000000000005 0.05468000000000006
7 0.574495 0.71338 0.010110000000000063 0.05566000000000004
7 0.61995 0.725585 0.022720000000000073 0.07813000000000003
7 0.6186849999999999 0.83594 0.022730000000000028 0.07421999999999995
7 0.575755 0.83545 0.01263000000000003 0.07520000000000004
7 0.7436849999999999 0.83594 0.01263000000000003 0.07811999999999997
7 0.79167 0.83545 0.010099999999999998 0.07713999999999999
2 0.23547999999999997 0.84033 0.04419999999999999 0.07519999999999993
7 0.21843 0.84326 0.010100000000000026 0.06933999999999996
7 0.25126 0.84033 0.01009999999999997 0.07323999999999997
8 0.5991150000000001 0.5625 0.026509999999999923 0.023439999999999905
8 0.7645200000000001 0.5625 0.026519999999999988 0.023439999999999905
8 0.43371 0.5629900000000001 0.026519999999999988 0.024419999999999997
9 0.569445 0.328125 0.6161700000000001 0.06835000000000002
9 0.60164 0.23486 0.5543 0.034180000000000016
9 0.58523 0.447265 0.5846 0.04492999999999997
9 0.573865 0.77832 0.60985 0.03516000000000008
10 0.517045 0.623535 0.04418999999999995 0.28417
10 0.6837150000000001 0.625 0.04419000000000006 0.28319999999999995
10 0.847225 0.623535 0.04292999999999991 0.28417
10 0.350375 0.62402 0.04419000000000001 0.28319999999999995
10 0.516415 0.4668 0.06061 0.029299999999999993
10 0.68308 0.467775 0.06059999999999999 0.03125
10 0.844695 0.465825 0.06061000000000005 0.03125
10 0.35101 0.467285 0.06059999999999999 0.03027000000000002
2 0.9261349999999999 0.35009999999999997 0.05429000000000006 0.04004000000000002
2 0.9274 0.43066499999999996 0.05682000000000009 0.05468999999999996
2 0.92361 0.20459 0.05175999999999992 0.03808
2 0.9753799999999999 0.20410499999999998 0.046719999999999984 0.037110000000000004
2 0.9267650000000001 0.49756 0.05303000000000002 0.03807999999999995
2 0.93119 0.583985 0.05934000000000006 0.044930000000000025
7 0.434975 0.19922 0.02146999999999999 0.03906000000000001
7 0.45643999999999996 0.19922 0.02145999999999998 0.03906000000000001
7 0.5947 0.200195 0.020199999999999996 0.03907000000000002
7 0.616795 0.19922 0.02146999999999999 0.03906000000000001
7 0.75505 0.19922 0.020199999999999996 0.03906000000000001
7 0.7758849999999999 0.19775500000000001 0.02146999999999999 0.038089999999999985
7 0.42677 0.27637 0.030299999999999994 0.04491999999999996
7 0.455175 0.27637 0.026510000000000034 0.04491999999999996
7 0.6155299999999999 0.27588 0.026519999999999988 0.045899999999999996
7 0.58775 0.27637 0.0265200000000001 0.04491999999999996
7 0.75 0.27539 0.030299999999999994 0.04687999999999998
7 0.77904 0.27539 0.027780000000000027 0.04687999999999998
