1 0.4013675 0.513846 0.777345 0.959288
2 0.40381 0.270355 0.030279999999999974 0.08795
2 0.403325 0.456025 0.03125 0.10423000000000004
2 0.402345 0.653095 0.029290000000000038 0.10097
2 0.402835 0.0944635 0.03222999999999998 0.058633000000000005
2 0.49658500000000005 0.0944635 0.032230000000000036 0.058633000000000005
2 0.541505 0.096907 0.03222999999999998 0.05700599999999999
2 0.6167 0.0960925 0.032220000000000026 0.05863499999999999
2 0.660645 0.096907 0.03222999999999998 0.05700599999999999
2 0.7387699999999999 0.092834 0.032220000000000026 0.05863199999999999
2 0.3042 0.0960925 0.03221999999999997 0.05863499999999999
2 0.305175 0.27280000000000004 0.030269999999999964 0.08632000000000001
2 0.260255 0.27443 0.03027000000000002 0.08631999999999998
2 0.188965 0.27280000000000004 0.03026999999999999 0.08632000000000001
2 0.142575 0.27117 0.03125 0.08632000000000001
2 0.06396500000000001 0.26872999999999997 0.030274000000000002 0.08793999999999999
2 0.49756 0.27198500000000003 0.03028000000000003 0.08795000000000003
2 0.5424800000000001 0.27198500000000003 0.030279999999999974 0.08795000000000003
2 0.615725 0.27443 0.03027000000000002 0.08631999999999998
2 0.660645 0.27280000000000004 0.03027000000000002 0.08632000000000001
2 0.737795 0.27280000000000004 0.03027000000000002 0.08632000000000001
2 0.49756 0.460095 0.03028000000000003 0.10260999999999998
2 0.544435 0.45928499999999994 0.03027000000000002 0.10422999999999999
2 0.613285 0.457655 0.03125 0.10422999999999993
2 0.660645 0.457655 0.03027000000000002 0.10422999999999993
2 0.737795 0.456025 0.03027000000000002 0.10423000000000004
2 0.3042 0.456025 0.03028000000000003 0.10423000000000004
2 0.259765 0.457655 0.03125000000000003 0.10422999999999993
2 0.186035 0.45928499999999994 0.03026999999999999 0.10422999999999999
2 0.141115 0.460095 0.03026999999999999 0.10260999999999998
2 0.064453 0.454395 0.031249999999999993 0.10422999999999999
2 0.302245 0.657165 0.03027000000000002 0.10261000000000009
2 0.2583 0.655535 0.03028000000000003 0.10260999999999998
2 0.186035 0.65472 0.03026999999999999 0.10097999999999996
2 0.141115 0.65635 0.03026999999999999 0.10098000000000007
2 0.0649415 0.65228 0.030272999999999994 0.10260000000000002
2 0.49609499999999995 0.655535 0.029289999999999983 0.10260999999999998
2 0.54297 0.65472 0.029299999999999993 0.10097999999999996
2 0.61328 0.657165 0.029299999999999993 0.10261000000000009
2 0.6591800000000001 0.655535 0.029299999999999993 0.10260999999999998
2 0.7387699999999999 0.65472 0.030279999999999974 0.10097999999999996
2 0.8456999999999999 0.32166 0.03320000000000001 0.07003999999999999
2 0.8491200000000001 0.5097700000000001 0.030279999999999974 0.09446000000000004
2 0.848145 0.6987 0.03027000000000002 0.09445999999999999
2 0.910155 0.32410000000000005 0.03321000000000007 0.07166
2 0.958985 0.322475 0.03320999999999996 0.07167000000000001
2 0.911135 0.5105850000000001 0.03125 0.09283000000000002
2 0.958985 0.513845 0.03125 0.09282999999999997
2 0.910155 0.701955 0.03125 0.09447000000000005
2 0.96045 0.700325 0.030279999999999974 0.09447000000000005
3 0.73779 0.90798 0.07324000000000008 0.14495999999999998
4 0.067871 0.388435 0.055664 0.021169999999999967
4 0.166995 0.391695 0.09960999999999999 0.021170000000000022
4 0.28613500000000003 0.391695 0.09961 0.021170000000000022
4 0.40625 0.385995 0.058599999999999985 0.01628999999999997
4 0.524415 0.391695 0.09960999999999998 0.021170000000000022
4 0.741695 0.390065 0.05957000000000001 0.021170000000000022
4 0.639645 0.391695 0.09960999999999998 0.021170000000000022
4 0.0673825 0.57655 0.06445300000000001 0.07817999999999992
4 0.166995 0.57003 0.11523 0.06840000000000002
4 0.283205 0.57003 0.11718999999999999 0.06840000000000002
4 0.40722499999999995 0.57655 0.07227 0.07817999999999992
4 0.74365 0.57899 0.07323999999999997 0.07654000000000005
4 0.52197 0.5716600000000001 0.12598000000000004 0.0683999999999999
4 0.6435550000000001 0.5716600000000001 0.11719000000000002 0.0683999999999999
5 0.065918 0.516285 0.055664 0.029309999999999947
5 0.166015 0.5195449999999999 0.10157 0.029310000000000058
5 0.40625 0.51954 0.056640000000000024 0.026059999999999972
5 0.2832 0.5219849999999999 0.10156000000000001 0.024430000000000063
5 0.52197 0.52117 0.10253999999999996 0.029320000000000013
5 0.63916 0.52117 0.10643999999999998 0.026059999999999972
5 0.74316 0.5179149999999999 0.056640000000000024 0.026050000000000018
9 0.402346 0.34446 0.771488 0.06678
9 0.40283399999999997 0.7329 0.764652 0.06513999999999998
9 0.403809 0.16693999999999998 0.766602 0.07980000000000001
10 0.104005 0.544785 0.014649999999999996 0.32085
10 0.027832 0.544785 0.014648000000000001 0.32085
10 0.361815 0.5456 0.014649999999999996 0.31922
10 0.44384500000000005 0.546415 0.014649999999999996 0.32085
10 0.70166 0.54723 0.014640000000000097 0.31922
10 0.779785 0.544785 0.01464999999999994 0.32085
10 0.1040015 0.7263850000000001 0.016597 0.04561000000000004
10 0.0273435 0.7263850000000001 0.015625 0.04235
10 0.362795 0.7263850000000001 0.014649999999999996 0.04235
10 0.44384999999999997 0.7272000000000001 0.012699999999999989 0.04398000000000002
10 0.7026399999999999 0.7288300000000001 0.01660000000000006 0.04071999999999998
10 0.780275 0.7263850000000001 0.01562999999999992 0.04561000000000004
11 0.0747075 0.899025 0.061524999999999996 0.14007000000000003
11 0.138185 0.908795 0.06346999999999998 0.15961000000000003
11 0.25928 0.90065 0.10839999999999997 0.14332
11 0.40234 0.899025 0.0625 0.14007000000000003
11 0.519045 0.90228 0.07715 0.14005999999999996
11 0.632325 0.7939750000000001 0.13183 0.047229999999999994
11 0.6293949999999999 0.91205 0.06738999999999995 0.16612000000000005
11 0.851075 0.82899 0.06347000000000003 0.03258000000000005
11 0.832035 0.857495 0.04296999999999995 0.027689999999999992
11 0.84619 0.920195 0.07323999999999997 0.13029000000000002
6 0.06543 0.721495 0.044922 0.03583000000000003
6 0.40380499999999997 0.721495 0.047850000000000004 0.03583000000000003
6 0.741695 0.723125 0.04784999999999995 0.03583000000000003
