1 0.49999954999999996 0.540525 0.9946009 0.65527
2 0.26046 0.37207 0.09715999999999997 0.0625
2 0.57355 0.401855 0.09176000000000006 0.05567
2 0.777325 0.40527 0.09177000000000002 0.05663999999999997
2 0.25978500000000004 0.601075 0.09581 0.12011000000000005
2 0.57287 0.61572 0.08772000000000002 0.11425999999999992
2 0.7807 0.61572 0.08771999999999991 0.11425999999999992
2 0.778 0.8042 0.08772000000000002 0.11426000000000003
2 0.57557 0.802735 0.08772000000000002 0.10743000000000003
4 0.25911 0.51367 0.18084 0.044920000000000015
4 0.5762499999999999 0.53369 0.16464 0.04590000000000005
4 0.78003 0.53662 0.1646399999999999 0.04590000000000005
7 0.192305 0.37207 0.044530000000000014 0.054680000000000006
7 0.32726 0.371095 0.044540000000000024 0.054690000000000016
7 0.50877 0.40088 0.04047999999999996 0.04980000000000001
7 0.6369750000000001 0.40185499999999996 0.040490000000000026 0.049809999999999965
7 0.7166 0.40332 0.04048000000000007 0.05077999999999999
7 0.8407549999999999 0.4043 0.040490000000000026 0.05077999999999999
7 0.192305 0.6015649999999999 0.04993 0.11719000000000002
7 0.32254000000000005 0.60205 0.04858000000000001 0.11816000000000004
7 0.5114700000000001 0.616215 0.04588000000000003 0.11133000000000004
7 0.638325 0.616215 0.045889999999999986 0.11133000000000004
7 0.7193 0.616215 0.04588000000000003 0.11133000000000004
7 0.83738 0.616215 0.044540000000000024 0.11133000000000004
7 0.60054 0.803715 0.05127999999999999 0.10547000000000006
7 0.547235 0.803715 0.052629999999999955 0.10547000000000006
7 0.75034 0.8042 0.05127999999999999 0.10643999999999998
7 0.80297 0.8042 0.05127999999999999 0.10643999999999998
9 0.501348 0.291505 0.981104 0.12403
9 0.50269835 0.6943349999999999 0.9865033 0.052730000000000055
