4 0.384115 0.47948999999999997 0.08333000000000002 0.015620000000000023
4 0.384765 0.57324 0.08463000000000004 0.029299999999999993
2 0.38932500000000003 0.634765 0.04167000000000004 0.08006999999999997
2 0.38866999999999996 0.51758 0.04036000000000001 0.05664000000000008
2 0.565105 0.5200199999999999 0.041669999999999985 0.05565999999999993
2 0.6510450000000001 0.5200199999999999 0.041669999999999985 0.05565999999999993
2 0.566405 0.626465 0.041669999999999985 0.05957000000000001
2 0.6510450000000001 0.6269549999999999 0.041669999999999985 0.05859000000000003
4 0.561195 0.482425 0.08072999999999997 0.01366999999999996
4 0.64909 0.482425 0.07941999999999994 0.01366999999999996
4 0.5631550000000001 0.575195 0.08202999999999994 0.029290000000000038
4 0.648435 0.575195 0.08072999999999997 0.029290000000000038
4 0.735025 0.575195 0.07943 0.029290000000000038
4 0.8229150000000001 0.57422 0.07812999999999992 0.02734000000000003
4 0.735025 0.480955 0.07943 0.012690000000000035
4 0.822265 0.480955 0.07682999999999995 0.012690000000000035
2 0.73763 0.5200199999999999 0.04035999999999995 0.05565999999999993
2 0.82357 0.5200199999999999 0.04035999999999995 0.05565999999999993
2 0.73763 0.627445 0.04035999999999995 0.05957000000000001
2 0.82357 0.6269549999999999 0.04035999999999995 0.05859000000000003
2 0.82357 0.73633 0.04035999999999995 0.05274000000000001
2 0.73828 0.740235 0.04165999999999992 0.06054999999999999
2 0.73828 0.8530249999999999 0.04165999999999992 0.05957000000000001
4 0.821615 0.68799 0.08593000000000006 0.022459999999999924
4 0.736325 0.688475 0.08203000000000005 0.021489999999999898
4 0.64974 0.688475 0.08594000000000002 0.021489999999999898
4 0.5611999999999999 0.688475 0.08853999999999995 0.021489999999999898
2 0.56706 0.740235 0.04035999999999995 0.06054999999999999
2 0.652995 0.740235 0.04037000000000002 0.06054999999999999
2 0.5677099999999999 0.85303 0.04165999999999992 0.06152000000000002
2 0.652995 0.8530249999999999 0.04037000000000002 0.05957000000000001
2 0.367185 0.73096 0.044269999999999976 0.06348000000000009
2 0.388675 0.85254 0.04297000000000001 0.06054000000000004
3 0.82422 0.913575 0.052080000000000015 0.10448999999999997
1 0.634115 0.654295 0.7291700000000001 0.64649
2 0.910155 0.52051 0.041669999999999985 0.056640000000000024
2 0.908855 0.6269549999999999 0.041669999999999985 0.05859000000000003
2 0.910155 0.7421850000000001 0.041669999999999985 0.06054999999999999
2 0.38607 0.355955 0.02474000000000004 0.01855000000000001
4 0.908855 0.47997999999999996 0.08072999999999997 0.012699999999999989
4 0.908855 0.57471 0.08072999999999997 0.028320000000000012
4 0.909505 0.6879900000000001 0.08722999999999992 0.024419999999999997
5 0.5625 0.665525 0.07811999999999997 0.024410000000000043
5 0.64974 0.665525 0.07811999999999997 0.024410000000000043
5 0.73698 0.665525 0.07811999999999997 0.024410000000000043
5 0.8229150000000001 0.66553 0.08073000000000008 0.022460000000000035
5 0.911455 0.6665000000000001 0.08072999999999997 0.022460000000000035
5 0.38607 0.894045 0.07161999999999996 0.024410000000000043
5 0.5644549999999999 0.893065 0.07161000000000006 0.024410000000000043
5 0.651695 0.893065 0.07160999999999995 0.024410000000000043
5 0.735025 0.894045 0.07161000000000006 0.024410000000000043
5 0.36523 0.773435 0.05078000000000005 0.025390000000000024
6 0.56315 0.78076 0.07941999999999994 0.022459999999999924
6 0.651045 0.78125 0.08072999999999997 0.021479999999999944
6 0.72917 0.779785 0.0625 0.02246999999999999
6 0.82682 0.7890649999999999 0.125 0.054690000000000016
8 0.384115 0.39502 0.04687000000000002 0.014639999999999986
8 0.477865 0.65625 0.05989 0.033199999999999896
8 0.29297 0.65283 0.04166000000000003 0.028320000000000012
8 0.8235699999999999 0.8325199999999999 0.06379999999999997 0.03808
9 0.6321599999999999 0.438475 0.72526 0.07030999999999998
9 0.63346 0.687015 0.72526 0.03027000000000002
9 0.63346 0.802735 0.72526 0.03125
9 0.634765 0.90869 0.72265 0.012699999999999934
10 0.460935 0.552245 0.018230000000000024 0.13769000000000003
10 0.492185 0.552245 0.01822999999999997 0.13769000000000003
10 0.311195 0.55127 0.01822999999999997 0.1377
10 0.27929499999999996 0.55127 0.019529999999999992 0.1377
10 0.31315000000000004 0.6254850000000001 0.029940000000000022 0.008789999999999965
10 0.28254999999999997 0.625 0.026040000000000008 0.007819999999999938
10 0.462235 0.625 0.03125 0.007819999999999938
10 0.492835 0.625975 0.029949999999999977 0.007809999999999984
10 0.28125 0.472165 0.023440000000000016 0.020510000000000028
10 0.31055 0.472165 0.02734000000000003 0.020510000000000028
10 0.46159 0.47314500000000004 0.02734000000000003 0.020509999999999973
10 0.49153500000000006 0.47314500000000004 0.02735000000000004 0.020509999999999973
10 0.335285 0.7255849999999999 0.009109999999999951 0.06054999999999999
10 0.31836 0.725095 0.009119999999999961 0.05957000000000001
10 0.410805 0.7255849999999999 0.009110000000000007 0.06054999999999999
10 0.39388 0.7255849999999999 0.009120000000000017 0.06054999999999999
10 0.31836 0.75879 0.01432 0.005859999999999976
10 0.33659 0.75879 0.01432 0.005859999999999976
10 0.41081 0.75879 0.01432 0.005859999999999976
10 0.39453 0.75879 0.010419999999999985 0.005859999999999976
10 0.31771 0.69092 0.015619999999999967 0.006839999999999957
10 0.335935 0.691405 0.015629999999999977 0.007809999999999984
10 0.39258 0.6918949999999999 0.01432 0.006830000000000003
10 0.410155 0.691405 0.015630000000000033 0.007809999999999984
10 0.5390649999999999 0.73486 0.007809999999999984 0.057620000000000005
10 0.5931 0.734375 0.009120000000000017 0.05858999999999992
10 0.62435 0.734375 0.009120000000000017 0.05858999999999992
10 0.678385 0.73486 0.007809999999999984 0.057620000000000005
10 0.710285 0.73486 0.009110000000000062 0.057620000000000005
10 0.76367 0.73486 0.009120000000000017 0.057620000000000005
10 0.88151 0.734375 0.007819999999999938 0.05858999999999992
10 0.84961 0.7338849999999999 0.009120000000000017 0.05567
10 0.7955749999999999 0.73291 0.007809999999999984 0.05565999999999993
10 0.7949200000000001 0.70215 0.01432 0.005860000000000087
10 0.88086 0.70215 0.01432 0.005860000000000087
10 0.85026 0.7026349999999999 0.013020000000000032 0.006830000000000003
10 0.7636700000000001 0.7026349999999999 0.01432 0.006830000000000003
10 0.710285 0.7026349999999999 0.014330000000000065 0.006830000000000003
10 0.677735 0.7026349999999999 0.014329999999999954 0.006830000000000003
10 0.62435 0.70215 0.01432 0.005860000000000087
10 0.5931 0.70166 0.01432 0.006840000000000068
10 0.53841 0.7026349999999999 0.01432 0.006830000000000003
10 0.53841 0.76611 0.011720000000000064 0.0048799999999999955
10 0.5931 0.7666 0.011720000000000064 0.005860000000000087
10 0.625 0.76611 0.013020000000000032 0.0048799999999999955
10 0.67904 0.7666 0.011719999999999953 0.005860000000000087
10 0.71094 0.7666 0.013020000000000032 0.005860000000000087
10 0.76432 0.7666 0.013020000000000032 0.005860000000000087
10 0.88151 0.765625 0.013020000000000032 0.005849999999999911
10 0.7793000000000001 0.876465 0.01432 0.09863
10 0.865235 0.876465 0.014329999999999954 0.09863
10 0.7799499999999999 0.9306650000000001 0.023440000000000016 0.007809999999999984
10 0.865885 0.9296850000000001 0.023430000000000062 0.007809999999999984
10 0.865885 0.8212900000000001 0.020830000000000015 0.011720000000000064
10 0.779945 0.8212900000000001 0.020829999999999904 0.011720000000000064
11 0.38802000000000003 0.94824 0.041659999999999975 0.056640000000000024
11 0.56836 0.94824 0.04296 0.056640000000000024
11 0.73828 0.9487300000000001 0.04165999999999992 0.05565999999999993
11 0.653645 0.947755 0.041669999999999985 0.053709999999999924
11 0.81836 0.774415 0.06640000000000001 0.02149000000000001
