1 0.55078 0.5163635 0.6582 0.859953
2 0.33496 0.270945 0.05274000000000001 0.10994999999999999
2 0.39453 0.270945 0.05274000000000001 0.10994999999999999
2 0.515625 0.269635 0.05273 0.10995000000000002
2 0.5791 0.2716 0.0527399999999999 0.10863999999999999
2 0.700195 0.268325 0.052729999999999944 0.10994999999999996
2 0.76318 0.269635 0.05176000000000003 0.10995000000000002
2 0.336425 0.510475 0.05175000000000002 0.10994999999999999
2 0.396485 0.510475 0.05273 0.10994999999999999
2 0.515625 0.509165 0.05273 0.10994999999999999
2 0.58008 0.510475 0.05274000000000001 0.10994999999999999
2 0.700195 0.51309 0.052729999999999944 0.10993999999999998
2 0.76367 0.51178 0.05274000000000001 0.10993999999999998
2 0.106444 0.262435 0.058592000000000005 0.14529
2 0.108401 0.547775 0.05859799999999998 0.16099000000000002
2 0.97217 0.166885 0.05176000000000003 0.12958999999999998
4 0.1025375 0.18063 0.10546499999999999 0.023559999999999998
4 0.1010735 0.408375 0.14355300000000001 0.08377000000000001
5 0.10205249999999999 0.352745 0.116215 0.04580999999999996
5 0.36475 0.335075 0.15918 0.034030000000000005
5 0.54785 0.33377 0.1582 0.034040000000000015
5 0.73096 0.33377 0.15918 0.034040000000000015
5 0.365235 0.57199 0.15821000000000002 0.03404000000000007
5 0.5449200000000001 0.57395 0.1582 0.03271999999999997
5 0.72949 0.573295 0.1582 0.034030000000000005
5 0.963865 0.23822 0.07030999999999998 0.023559999999999998
8 0.260745 0.368455 0.07226999999999997 0.24477
8 0.838865 0.373035 0.07226999999999995 0.25655000000000006
8 0.552245 0.39659500000000003 0.46973 0.07853000000000004
8 0.45703000000000005 0.311515 0.044920000000000015 0.06283
8 0.45703000000000005 0.23953000000000002 0.044920000000000015 0.06282000000000001
8 0.63965 0.240835 0.04491999999999996 0.06283
8 0.63965 0.31217 0.04491999999999996 0.06413999999999997
8 0.45703000000000005 0.47709499999999994 0.044920000000000015 0.06412999999999996
8 0.45703000000000005 0.5451600000000001 0.044920000000000015 0.06413999999999997
8 0.63965 0.479055 0.04491999999999996 0.06283
8 0.63916 0.5503899999999999 0.04393999999999998 0.06413999999999997
9 0.549805 0.16623 0.6347700000000001 0.047119999999999995
9 0.555175 0.6073299999999999 0.63965 0.04188000000000003
8 0.859865 0.5818049999999999 0.03222999999999998 0.07723000000000002
10 0.17969000000000002 0.26702 0.015619999999999995 0.11779999999999999
10 0.143555 0.267675 0.015630000000000005 0.11911000000000002
10 0.0654295 0.26832500000000004 0.015625 0.11781000000000003
10 0.1499 0.5503899999999999 0.012699999999999989 0.15576
10 0.060547000000000004 0.5517000000000001 0.013671999999999997 0.15576
10 0.18018 0.331155 0.022460000000000008 0.010470000000000035
10 0.14404 0.3305 0.02245999999999998 0.00653999999999999
10 0.065918 0.331155 0.022459999999999994 0.007849999999999968
10 0.14892499999999997 0.63547 0.02051 0.011780000000000013
10 0.14989999999999998 0.46465999999999996 0.018559999999999993 0.015699999999999992
10 0.061035 0.46597 0.018554 0.015699999999999992
10 0.144045 0.198295 0.01855000000000001 0.022249999999999992
10 0.180175 0.19764500000000002 0.01855000000000001 0.020949999999999996
10 0.0649415 0.19895000000000002 0.018554999999999995 0.020939999999999986
11 0.11425950000000001 0.8193699999999999 0.085941 0.21728000000000003
11 0.15186 0.7231650000000001 0.04003999999999999 0.10079000000000005
11 0.5512699999999999 0.67081 0.65528 0.08245999999999998
11 0.358885 0.805625 0.20605 0.18716999999999995
11 0.553715 0.82199 0.16797000000000006 0.21466000000000007
11 0.7417 0.80759 0.20409999999999995 0.18847999999999998
