1 0.49755950000000004 0.508881 0.920901 0.878418
2 0.13672 0.279375 0.054680000000000006 0.11338999999999999
2 0.299805 0.27869 0.05273 0.11748
2 0.46435499999999996 0.277325 0.05370999999999998 0.11474999999999999
2 0.654785 0.27596 0.05567 0.12022
2 0.85449 0.27732 0.05274000000000001 0.12022000000000002
2 0.13720500000000002 0.562155 0.05371000000000001 0.12705
2 0.29834 0.562155 0.05371999999999999 0.12705
2 0.46240499999999995 0.562155 0.05370999999999998 0.12705
2 0.652835 0.563525 0.053710000000000035 0.12705
2 0.8491249999999999 0.5648949999999999 0.053710000000000035 0.12705
3 0.84717 0.821035 0.10840000000000005 0.18579
4 0.1362285 0.19399 0.08886299999999998 0.04643999999999998
4 0.299315 0.19672499999999998 0.08887 0.04645000000000002
4 0.46631 0.192625 0.08886 0.04644999999999999
4 0.65869 0.19399 0.08885999999999994 0.04643999999999998
4 0.8584 0.19399 0.08984000000000003 0.04643999999999998
4 0.30078 0.447405 0.10155999999999998 0.09153
4 0.46484 0.447405 0.10155999999999998 0.09153
4 0.65723 0.448775 0.10155999999999998 0.09153
4 0.1376935 0.44877 0.09765299999999999 0.08879999999999999
4 0.8574200000000001 0.445355 0.10937999999999992 0.09836999999999996
5 0.135255 0.6543749999999999 0.08886999999999999 0.06011
5 0.300295 0.6543749999999999 0.08887 0.06011
5 0.46631 0.65369 0.08886 0.06147999999999998
5 0.65869 0.65847 0.08885999999999994 0.06010000000000004
5 0.8574200000000001 0.659835 0.08984000000000003 0.06011
9 0.495116 0.1249995 0.9121079999999999 0.09426100000000001
9 0.49804800000000005 0.35314 0.914064 0.031420000000000003
9 0.4985345 0.69809 0.9111309999999999 0.02732000000000001
11 0.13623 0.746585 0.05761999999999999 0.03142999999999996
11 0.136715 0.80123 0.03710999999999999 0.03415999999999997
11 0.30273 0.745905 0.056640000000000024 0.032789999999999986
11 0.30273 0.8381149999999999 0.05078000000000005 0.12978999999999996
11 0.55908 0.74249 0.25098000000000004 0.031420000000000003
11 0.460935 0.822405 0.048829999999999985 0.10655000000000003
11 0.509765 0.82582 0.019530000000000047 0.11065999999999998
11 0.55762 0.82787 0.05078000000000005 0.11475999999999997
11 0.60547 0.8292349999999999 0.021480000000000055 0.11748999999999998
11 0.655275 0.8285549999999999 0.04883000000000004 0.11338999999999999
3 0.137205 0.883195 0.036129999999999995 0.12158999999999998
11 0.918455 0.719265 0.012689999999999979 0.015029999999999988
