1 0.54004 0.511629 0.70312 0.965802
2 0.1044915 0.28454 0.074217 0.08482
2 0.10107649999999999 0.38851 0.07324699999999999 0.08207999999999999
2 0.09961 0.487685 0.07422000000000001 0.08070999999999995
2 0.0976585 0.593025 0.07422300000000001 0.08071000000000006
2 0.0976585 0.6942550000000001 0.07422300000000001 0.08070999999999995
2 0.0976585 0.796855 0.07422300000000001 0.08071000000000006
2 0.09472850000000001 0.898085 0.07422300000000001 0.08071000000000006
2 0.52295 0.1539 0.028320000000000012 0.08892000000000001
2 0.5605500000000001 0.15731499999999998 0.029299999999999993 0.08754999999999999
2 0.35254 0.15594999999999998 0.029299999999999993 0.07934
2 0.31543 0.15595 0.029299999999999993 0.08208
2 0.3125 0.37209499999999995 0.03320000000000001 0.11491000000000001
2 0.35254 0.37209499999999995 0.03320000000000001 0.11491000000000001
2 0.52051 0.37209499999999995 0.03320000000000001 0.11491000000000001
2 0.5625 0.37209499999999995 0.033199999999999896 0.11491000000000001
2 0.768555 0.374145 0.03320999999999996 0.11355000000000004
2 0.72949 0.374145 0.03320000000000001 0.11355000000000004
2 0.7675799999999999 0.574555 0.03320000000000001 0.12039
2 0.7265600000000001 0.5772900000000001 0.03320000000000001 0.12038000000000004
2 0.769045 0.7790699999999999 0.03222999999999998 0.11902000000000001
2 0.728025 0.78044 0.03222999999999998 0.11902000000000001
2 0.5459 0.55677 0.04687999999999992 0.12586000000000003
2 0.54297 0.76744 0.04687999999999992 0.12586000000000008
2 0.35107 0.5752349999999999 0.03417999999999999 0.12174999999999991
2 0.30811 0.576605 0.03417999999999999 0.12175000000000002
2 0.34717 0.787275 0.03417999999999999 0.12174999999999991
2 0.30518 0.783175 0.03417999999999999 0.12174999999999991
2 0.453125 0.762655 0.05664999999999998 0.12722999999999995
2 0.45703 0.545825 0.056640000000000024 0.12858999999999998
6 0.51514 0.42749499999999996 0.2041 0.11081000000000002
7 0.458495 0.545145 0.047850000000000004 0.11901
7 0.546385 0.51573 0.04198999999999997 0.04104000000000002
7 0.54346 0.71888 0.040039999999999965 0.020519999999999983
7 0.35156 0.783175 0.023440000000000016 0.11080999999999996
7 0.30957 0.78181 0.023440000000000016 0.11627999999999994
7 0.293945 0.5731850000000001 0.05859000000000003 0.10123000000000004
7 0.336425 0.57182 0.06153000000000003 0.10124
7 0.769045 0.5766100000000001 0.026370000000000005 0.11354000000000009
7 0.728515 0.5772900000000001 0.025390000000000024 0.11218000000000006
2 0.54053 0.95896 0.05175999999999992 0.06565999999999994
2 0.452635 0.9596450000000001 0.05567 0.06703000000000003
7 0.45508000000000004 0.959645 0.04687999999999998 0.06428999999999996
7 0.5424800000000001 0.95896 0.040039999999999965 0.06020000000000003
9 0.5410200000000001 0.245555 0.69336 0.11354999999999998
9 0.541015 0.45964499999999997 0.68555 0.07661000000000001
9 0.5376 0.66621 0.68652 0.0766
9 0.53662 0.8727750000000001 0.68652 0.07660999999999996
8 0.453125 0.639535 0.06835000000000002 0.034190000000000054
8 0.543945 0.6491100000000001 0.07227000000000006 0.04514000000000007
4 0.31836 0.48632 0.14062000000000002 0.04513999999999996
4 0.7412099999999999 0.48632000000000003 0.13672000000000006 0.047880000000000034
4 0.75293 0.69699 0.11524000000000001 0.031460000000000043
4 0.325195 0.697675 0.13477 0.043769999999999976
