2 0.31379999999999997 0.29101499999999997 0.05990000000000001 0.08398999999999998
2 0.475915 0.29101499999999997 0.055989999999999984 0.08398999999999998
4 0.31315 0.234375 0.10026000000000002 0.015629999999999977
4 0.47526 0.23486 0.09895999999999999 0.016599999999999976
2 0.47591 0.45703499999999997 0.11068 0.09374999999999994
2 0.3112 0.42334 0.0625 0.030279999999999974
2 0.31184999999999996 0.46143 0.06119999999999998 0.040039999999999965
4 0.3125 0.39209 0.10938000000000003 0.03808
4 0.47721499999999994 0.394045 0.16014999999999996 0.03809000000000001
2 0.47461 0.6333 0.10546000000000005 0.09082000000000001
2 0.31185 0.6328100000000001 0.058599999999999985 0.08984000000000003
2 0.47526 0.799315 0.05729999999999996 0.08691000000000004
3 0.31054499999999996 0.8793949999999999 0.08202999999999999 0.18847000000000003
3 0.47526 0.944825 0.04687999999999998 0.07911000000000001
2 0.671225 0.94043 0.042970000000000064 0.07031999999999994
2 0.727215 0.9418949999999999 0.040369999999999906 0.07128999999999996
2 0.667965 0.799805 0.04427000000000003 0.08789000000000002
2 0.728515 0.800295 0.04296999999999995 0.08887
2 0.69401 0.6328100000000001 0.10416000000000003 0.08984000000000003
2 0.670575 0.293945 0.04427000000000003 0.07812999999999998
2 0.7207049999999999 0.29346 0.042970000000000064 0.07909999999999995
1 0.41992209999999996 0.49657969999999996 0.8346358 0.9814406
2 0.695315 0.447265 0.14322999999999997 0.07812999999999998
2 0.133461 0.42822 0.12629800000000002 0.09667999999999999
2 0.149086 0.631835 0.108068 0.09179000000000004
2 0.13281199999999999 0.233885 0.135416 0.09863
2 0.5039049999999999 0.128905 0.044269999999999976 0.07617
2 0.44987 0.1274405 0.04296 0.079099
2 0.3431 0.1279285 0.04818 0.07226300000000001
2 0.28971 0.12890649999999998 0.04818 0.072267
2 0.714195 0.087891 0.10546999999999995 0.08593800000000001
2 0.93815 0.1132795 0.045580000000000065 0.08398099999999999
2 0.93815 0.282715 0.050779999999999936 0.09276999999999999
4 0.953125 0.0332035 0.09375 0.033203
4 0.1269545 0.15625 0.23047099999999998 0.03710000000000002
4 0.13411299999999998 0.344235 0.21093399999999998 0.03222999999999998
5 0.3125 0.35205 0.10155999999999998 0.045899999999999996
5 0.47656 0.35156 0.10156000000000004 0.044920000000000015
5 0.70052 0.33886499999999997 0.12239999999999995 0.019529999999999992
5 0.695965 0.693845 0.11588999999999994 0.036129999999999995
5 0.47526 0.696285 0.11718000000000006 0.037109999999999976
5 0.14518 0.695315 0.11588 0.037109999999999976
5 0.31185 0.6928700000000001 0.07162000000000002 0.03417999999999999
6 0.1302065 0.305175 0.156247 0.04589000000000004
6 0.1334635 0.12158 0.170573 0.03807999999999999
6 0.311195 0.5317350000000001 0.16927 0.11035000000000006
6 0.7076800000000001 0.53125 0.18620000000000003 0.09569999999999995
6 0.7141949999999999 0.194825 0.19140999999999997 0.13379000000000002
5 0.1282555 0.49316 0.154949 0.04491999999999996
5 0.47591000000000006 0.5224599999999999 0.11588000000000004 0.03515999999999997
8 0.3099 0.74414 0.1875 0.06445999999999996
2 0.14843499999999998 0.796385 0.057289999999999994 0.08691000000000004
5 0.47461 0.848145 0.08723999999999998 0.016610000000000014
5 0.14779 0.8501000000000001 0.08724 0.01660000000000006
5 0.70052 0.848635 0.13802000000000003 0.015630000000000033
9 0.41927125 0.709965 0.8229175 0.07616999999999996
9 0.4192723 0.52783 0.8203154 0.05566000000000004
9 0.41992125 0.18457 0.8242175 0.05860000000000001
10 0.21419 0.416505 0.024740000000000012 0.11035
10 0.37629999999999997 0.830565 0.015620000000000023 0.09863
10 0.24479 0.830075 0.015619999999999995 0.09960999999999998
10 0.37565000000000004 0.933105 0.029940000000000022 0.10448999999999997
10 0.24414000000000002 0.933595 0.029939999999999994 0.10350999999999999
10 0.24479 0.77881 0.023440000000000016 0.006839999999999957
10 0.376955 0.7792950000000001 0.022129999999999983 0.007809999999999984
10 0.21419500000000002 0.35253999999999996 0.029950000000000004 0.017579999999999985
10 0.048827999999999996 0.35009999999999997 0.029947999999999995 0.016600000000000004
11 0.69792 0.893555 0.125 0.019530000000000047
11 0.47460499999999994 0.891115 0.06900999999999996 0.018550000000000066
