1 0.4812624 0.5200415 0.9546352 0.938817
2 0.21499000000000001 0.149785 0.07099999999999998 0.07595
2 0.301775 0.15084 0.07101000000000002 0.07384000000000002
2 0.39053499999999997 0.154005 0.07100999999999996 0.07595000000000002
2 0.47929 0.156115 0.07099999999999995 0.07595000000000002
2 0.5690299999999999 0.156115 0.07297999999999993 0.07595000000000002
2 0.12623499999999999 0.15084 0.07100999999999999 0.07384000000000002
2 0.231755 0.31329 0.06115000000000001 0.10760000000000003
2 0.40434000000000003 0.3154 0.06312000000000001 0.11181999999999997
2 0.583825 0.316455 0.06311 0.10970999999999997
2 0.80572 0.32172999999999996 0.06113999999999997 0.10759999999999997
2 0.806705 0.520045 0.06311 0.13291000000000003
2 0.583825 0.51266 0.07101000000000002 0.13080000000000003
2 0.40434000000000003 0.51055 0.07100000000000001 0.13079999999999997
2 0.22879499999999997 0.50844 0.07100999999999999 0.13080000000000003
2 0.23077 0.70886 0.06312000000000001 0.11391999999999991
2 0.40434000000000003 0.71097 0.06312000000000001 0.11392000000000002
2 0.583825 0.7173 0.06311 0.11391999999999991
2 0.8086800000000001 0.71941 0.06311999999999995 0.11392000000000002
5 0.23077000000000003 0.594935 0.09468000000000001 0.059069999999999956
5 0.40434000000000003 0.60021 0.09468000000000004 0.06118000000000001
5 0.57988 0.60443 0.09467999999999999 0.06118000000000001
5 0.8086800000000001 0.607595 0.09467999999999999 0.059069999999999956
7 0.18442 0.310125 0.029579999999999995 0.10971000000000003
7 0.27712000000000003 0.31118 0.029579999999999995 0.10760000000000003
7 0.35601499999999997 0.31223500000000004 0.02958999999999995 0.10971000000000003
7 0.45069000000000004 0.31329 0.029579999999999995 0.10760000000000003
7 0.53452 0.314345 0.03156000000000003 0.10970999999999997
7 0.630175 0.316455 0.029590000000000005 0.10970999999999997
7 0.75937 0.31962 0.03156000000000003 0.10759999999999997
7 0.851085 0.32172999999999996 0.029590000000000005 0.10759999999999997
7 0.17357 0.507385 0.035500000000000004 0.13712999999999997
7 0.281065 0.50844 0.03747 0.13501999999999997
7 0.346155 0.509495 0.03747 0.13713000000000003
7 0.45660999999999996 0.511605 0.03748000000000001 0.13712999999999997
7 0.52564 0.51266 0.03747999999999996 0.13501999999999997
7 0.6360950000000001 0.51266 0.03747 0.13501999999999997
7 0.7504949999999999 0.51477 0.03747 0.13502000000000003
7 0.86292 0.51688 0.03747999999999996 0.13501999999999997
7 0.1785 0.707805 0.037479999999999986 0.11602999999999997
7 0.27810999999999997 0.7099150000000001 0.03550000000000003 0.11602999999999997
7 0.35503 0.7099150000000001 0.035499999999999976 0.11602999999999997
7 0.45167999999999997 0.7120249999999999 0.03550000000000003 0.11602999999999997
7 0.53057 0.716245 0.035499999999999976 0.11602999999999997
7 0.631165 0.714135 0.03551000000000004 0.11602999999999997
7 0.757395 0.7173 0.03551000000000004 0.11391999999999991
7 0.85799 0.71941 0.035499999999999976 0.11392000000000002
8 0.14201 0.721515 0.03550000000000002 0.08438999999999997
9 0.4911255 0.22257 0.915189 0.06961999999999999
9 0.498029 0.379745 0.9171619999999999 0.03374999999999995
9 0.49309549999999996 0.6308 0.919129 0.03376000000000001
9 0.49507 0.775315 0.9073 0.03586999999999996
10 0.674555 0.61709 0.03550999999999993 0.73628
10 0.67357 0.23418 0.053260000000000085 0.02954000000000001
10 0.936885 0.616035 0.03551000000000004 0.73417
11 0.252465 0.906115 0.10651 0.15400999999999998
11 0.413215 0.912445 0.10848999999999998 0.1540100000000001
11 0.57101 0.912445 0.10848000000000002 0.14978999999999998
11 0.290925 0.83228 0.06508999999999998 0.06962000000000002
11 0.790925 0.939875 0.04339000000000004 0.04852999999999996
11 0.8639049999999999 0.9430350000000001 0.05128999999999995 0.08439000000000008
