1 0.46532999999999997 0.5471955 0.53418 0.905609
2 0.26172 0.20109 0.03906000000000001 0.027359999999999995
2 0.39209 0.20246 0.03808 0.027359999999999995
2 0.5234399999999999 0.20177499999999998 0.039059999999999984 0.025989999999999985
2 0.657715 0.20246 0.03809000000000007 0.027359999999999995
2 0.263185 0.37756500000000004 0.05761000000000002 0.14775
2 0.39404 0.378245 0.057620000000000005 0.14910999999999996
2 0.52637 0.378245 0.056640000000000024 0.14910999999999996
2 0.657715 0.3762 0.05761000000000005 0.14774000000000004
2 0.263185 0.6675800000000001 0.05761000000000002 0.1477400000000001
2 0.39404 0.66621 0.057620000000000005 0.14773999999999998
2 0.52637 0.668265 0.056640000000000024 0.14911000000000008
2 0.6582 0.66895 0.056640000000000024 0.14773999999999998
2 0.08838 0.375515 0.057620000000000005 0.13817000000000002
2 0.087892 0.661425 0.058596 0.16005000000000003
2 0.827635 0.36252 0.08105000000000007 0.06840000000000002
2 0.850585 0.5690850000000001 0.09765000000000001 0.16963000000000006
2 0.85107 0.8119 0.09667999999999999 0.17374
2 0.78467 0.812585 0.024419999999999997 0.1751100000000001
2 0.78467 0.57524 0.024419999999999997 0.17373999999999995
4 0.089843 0.27086 0.103514 0.07113999999999998
4 0.266115 0.26881 0.12793 0.05607999999999999
4 0.398925 0.266075 0.12793000000000004 0.05609
4 0.530275 0.264705 0.12890999999999997 0.05609
4 0.663575 0.266075 0.12793 0.05609
4 0.094239 0.518465 0.147462 0.10123000000000004
4 0.2666 0.542405 0.125 0.08345000000000002
4 0.398925 0.543775 0.12403000000000003 0.08618999999999999
4 0.53369 0.545825 0.12402000000000002 0.09028999999999998
4 0.66455 0.545825 0.12402000000000002 0.09028999999999998
5 0.26416 0.7674399999999999 0.11426000000000003 0.05471999999999999
5 0.39941499999999996 0.768125 0.11523 0.056090000000000084
5 0.530275 0.7674399999999999 0.11523 0.05471999999999999
5 0.66211 0.769495 0.11524000000000001 0.05608999999999997
5 0.26514 0.46648500000000004 0.11426 0.03831000000000001
5 0.39795 0.46785 0.11425999999999997 0.0383
5 0.53369 0.46648500000000004 0.11426000000000003 0.03831000000000001
5 0.66553 0.46648500000000004 0.11425999999999992 0.03831000000000001
6 0.09326000000000001 0.7674449999999999 0.11816 0.06019000000000008
8 0.148925 0.18057 0.06152999999999999 0.04103999999999999
8 0.02978505 0.181255 0.0556639 0.04241
8 0.217775 0.19835999999999998 0.019529999999999992 0.030099999999999988
8 0.328125 0.19835999999999998 0.05859000000000003 0.030099999999999988
8 0.45947499999999997 0.197675 0.059569999999999956 0.03147
8 0.592775 0.19904 0.05859000000000003 0.03145999999999999
8 0.705565 0.19835999999999998 0.018550000000000066 0.030099999999999988
8 0.234865 0.19494 0.014649999999999996 0.04514000000000001
8 0.29248 0.194255 0.014639999999999986 0.046509999999999996
8 0.205565 0.194255 0.014649999999999996 0.046509999999999996
8 0.36572499999999997 0.194255 0.014649999999999996 0.046509999999999996
8 0.424315 0.19357000000000002 0.014649999999999996 0.045139999999999986
8 0.49951 0.19357000000000002 0.016600000000000004 0.045139999999999986
8 0.55664 0.192885 0.015619999999999967 0.046509999999999996
8 0.63379 0.192885 0.015619999999999967 0.046509999999999996
8 0.692385 0.194255 0.015630000000000033 0.046509999999999996
8 0.72461 0.194255 0.011719999999999953 0.046509999999999996
9 0.46484499999999995 0.16963250000000002 0.52539 0.142275
9 0.46533 0.46921999999999997 0.5224599999999999 0.054720000000000046
9 0.46532999999999997 0.80369 0.52832 0.12996000000000008
10 0.225095 0.37961999999999996 0.014649999999999996 0.11628
10 0.302245 0.37688 0.014649999999999996 0.11628
10 0.355955 0.37688 0.014649999999999996 0.11628
10 0.433595 0.37688 0.015630000000000033 0.11628
10 0.48926000000000003 0.37551 0.015620000000000023 0.11628
10 0.567385 0.37688 0.015630000000000033 0.11628
10 0.622555 0.37688 0.01464999999999994 0.11628
10 0.69922 0.37688 0.015620000000000078 0.11628
10 0.22558499999999998 0.66963 0.015630000000000005 0.11628000000000005
10 0.302735 0.66963 0.015629999999999977 0.11628000000000005
10 0.35791 0.668945 0.014639999999999986 0.11765000000000003
10 0.43457 0.6682600000000001 0.015620000000000023 0.11628000000000005
10 0.49121000000000004 0.6682600000000001 0.015620000000000023 0.11628000000000005
10 0.567875 0.66963 0.014650000000000052 0.11628000000000005
10 0.6230450000000001 0.66963 0.01562999999999992 0.11628000000000005
10 0.69922 0.67305 0.015620000000000078 0.11763999999999997
10 0.173825 0.32216 0.019529999999999992 0.12722
10 0.13672 0.6368 0.015619999999999995 0.14090000000000003
10 0.17529499999999998 0.41586500000000004 0.03026999999999999 0.06019000000000002
10 0.13623000000000002 0.721615 0.018559999999999993 0.028729999999999922
10 0.225585 0.73461 0.019529999999999992 0.013680000000000025
10 0.30322499999999997 0.73461 0.01855000000000001 0.013680000000000025
10 0.35791 0.73461 0.01856000000000002 0.013680000000000025
10 0.43554499999999996 0.7339249999999999 0.019529999999999992 0.012309999999999932
10 0.4917 0.73324 0.018559999999999965 0.013679999999999914
10 0.5683549999999999 0.73461 0.019529999999999936 0.013680000000000025
10 0.6230450000000001 0.73461 0.019529999999999936 0.013680000000000025
10 0.699215 0.73803 0.019530000000000047 0.012319999999999998
10 0.22510000000000002 0.44323 0.018559999999999993 0.013680000000000025
10 0.30322499999999997 0.44186000000000003 0.01855000000000001 0.01367999999999997
10 0.357425 0.44254499999999997 0.019529999999999992 0.012309999999999988
10 0.43506 0.44186000000000003 0.01856000000000002 0.01367999999999997
10 0.48828499999999997 0.44049 0.019529999999999992 0.013680000000000025
10 0.5683549999999999 0.44186000000000003 0.019529999999999936 0.01367999999999997
10 0.6220699999999999 0.44186000000000003 0.019540000000000002 0.01367999999999997
10 0.700195 0.44186000000000003 0.019530000000000047 0.01367999999999997
10 0.17334 0.240765 0.028320000000000012 0.03556999999999999
10 0.13623000000000002 0.560875 0.02049999999999999 0.010950000000000015
10 0.225585 0.600545 0.02149000000000001 0.021889999999999965
10 0.3042 0.600545 0.02245999999999998 0.021889999999999965
10 0.356445 0.600545 0.02149000000000001 0.021889999999999965
10 0.435545 0.5998600000000001 0.02149000000000001 0.020519999999999983
10 0.49121000000000004 0.5998600000000001 0.02148 0.020519999999999983
10 0.5688500000000001 0.600545 0.022460000000000035 0.021889999999999965
10 0.62256 0.600545 0.022459999999999924 0.021889999999999965
10 0.700195 0.60397 0.02149000000000001 0.020520000000000094
10 0.700195 0.30779500000000004 0.02149000000000001 0.02189000000000002
10 0.623535 0.30779500000000004 0.02246999999999999 0.02189000000000002
10 0.56836 0.30848 0.021479999999999944 0.020520000000000038
10 0.48975 0.30574999999999997 0.02245999999999998 0.020520000000000038
10 0.43408 0.30779500000000004 0.02245999999999998 0.02189000000000002
10 0.35546999999999995 0.30779500000000004 0.02148 0.02189000000000002
10 0.30225 0.30779500000000004 0.02245999999999998 0.02189000000000002
10 0.22510000000000002 0.31122 0.022460000000000008 0.020519999999999983
8 0.088378 0.84747 0.032224 0.05335999999999996
11 0.171385 0.9870000000000001 0.03026999999999999 0.020519999999999983
11 0.321285 0.939125 0.037109999999999976 0.017789999999999973
11 0.3208 0.9678500000000001 0.036140000000000005 0.017780000000000018
11 0.52881 0.945965 0.07323999999999997 0.10533000000000003
11 0.66016 0.945965 0.07421999999999995 0.10533000000000003
11 0.396485 0.945965 0.07421 0.10533000000000003
11 0.26416 0.94733 0.07324 0.10533999999999999
2 0.0883795 0.18194 0.04004099999999999 0.027359999999999995
