1 0.739255 0.50085735 0.47461 0.9948653000000001
2 0.14355500000000002 0.43235999999999997 0.041010000000000005 0.11130000000000001
2 0.13965 0.62671 0.039059999999999984 0.10274000000000005
2 0.137695 0.815925 0.041010000000000005 0.11131000000000002
2 0.40088 0.8167800000000001 0.04199999999999998 0.11302000000000001
2 0.40381 0.628425 0.040039999999999965 0.09931000000000001
2 0.40381 0.43493499999999996 0.040039999999999965 0.09588999999999998
2 0.5581050000000001 0.8099350000000001 0.04981000000000002 0.12671
2 0.62256 0.80736 0.049800000000000066 0.125
2 0.73291 0.80736 0.04589999999999994 0.125
2 0.575685 0.60788 0.026370000000000005 0.11643999999999999
2 0.6113299999999999 0.610445 0.02734000000000003 0.11814999999999998
2 0.862795 0.60788 0.026370000000000005 0.11643999999999999
2 0.896485 0.60788 0.027349999999999985 0.11643999999999999
2 0.72168 0.214045 0.02733999999999992 0.10959000000000002
2 0.756345 0.21746500000000002 0.026370000000000005 0.10958999999999999
2 0.612795 0.213185 0.026370000000000005 0.11131000000000002
2 0.577635 0.214045 0.026370000000000005 0.10959000000000002
2 0.864745 0.215755 0.026370000000000005 0.10959000000000002
2 0.899905 0.21746500000000002 0.026370000000000005 0.10958999999999999
2 0.72217 0.396405 0.024419999999999997 0.08391000000000004
2 0.7553700000000001 0.39469 0.024419999999999997 0.08389999999999997
2 0.864255 0.40924499999999997 0.025390000000000024 0.10959000000000002
2 0.897465 0.40924499999999997 0.025390000000000024 0.10959000000000002
2 0.25439 0.440925 0.022460000000000035 0.10444999999999999
2 0.28857 0.44435 0.022460000000000035 0.10446
2 0.285645 0.6438349999999999 0.02246999999999999 0.12671
2 0.25342 0.6421250000000001 0.022460000000000008 0.12671
2 0.25195 0.818495 0.023440000000000016 0.11301000000000005
2 0.284665 0.81935 0.026370000000000005 0.11129999999999995
2 0.14453 0.250855 0.029299999999999993 0.04622999999999999
2 0.27490000000000003 0.24743500000000002 0.028319999999999956 0.04623000000000002
2 0.40625 0.24572 0.029299999999999993 0.04624000000000003
2 0.7192400000000001 0.5967450000000001 0.024419999999999997 0.08391000000000004
2 0.753905 0.5933200000000001 0.025389999999999913 0.08389999999999997
4 0.143065 0.53339 0.08105 0.08048
4 0.40869 0.53339 0.08106000000000002 0.08048
4 0.60205 0.5137 0.09863999999999995 0.07192000000000004
4 0.88574 0.5042800000000001 0.09570000000000001 0.06335999999999997
4 0.60303 0.325345 0.10253999999999996 0.04794999999999999
4 0.8862300000000001 0.328765 0.10253999999999996 0.04794999999999999
5 0.143555 0.49914500000000006 0.06835 0.029110000000000025
5 0.40478499999999995 0.49743499999999996 0.06739 0.02910999999999997
5 0.40332 0.690925 0.06835999999999998 0.02910999999999997
5 0.13867000000000002 0.69007 0.06836 0.03081999999999996
5 0.13867 0.8767149999999999 0.062499999999999986 0.020549999999999957
5 0.40088 0.878425 0.06347999999999998 0.020550000000000068
5 0.26953 0.880135 0.08593999999999999 0.023970000000000047
5 0.60107 0.47517 0.09082000000000001 0.03254000000000001
5 0.878905 0.48031 0.08984999999999999 0.03254000000000001
5 0.876955 0.675515 0.08984999999999999 0.03252999999999995
5 0.592775 0.67894 0.0898500000000001 0.03254000000000001
4 0.750485 0.30822 0.09863 0.07191999999999998
6 0.28808999999999996 0.5137 0.14257999999999998 0.15754000000000007
6 0.28808999999999996 0.70719 0.14257999999999998 0.15754
6 0.765625 0.49229500000000004 0.16406999999999994 0.15239000000000003
6 0.768555 0.6857899999999999 0.16406999999999994 0.15239999999999998
6 0.2089825 0.23887 0.255855 0.07019999999999998
7 0.86328 0.393835 0.01758000000000004 0.07535000000000003
7 0.894045 0.38356 0.014650000000000052 0.054800000000000015
7 0.610355 0.380135 0.019530000000000047 0.05137000000000003
2 0.61035 0.40924499999999997 0.02734000000000003 0.11301
2 0.5761700000000001 0.40924499999999997 0.02734000000000003 0.11301
7 0.574215 0.38099 0.019530000000000047 0.053080000000000016
7 0.572755 0.56764 0.020510000000000028 0.03595999999999999
7 0.575195 0.21404 0.019530000000000047 0.10616000000000003
7 0.609375 0.18579 0.019530000000000047 0.05307999999999999
7 0.75244 0.179795 0.016599999999999948 0.03425
7 0.13964500000000002 0.588185 0.037110000000000004 0.022270000000000012
7 0.40381 0.39897499999999997 0.03808 0.020550000000000013
9 0.2592775 0.72089 0.43066499999999996 0.044520000000000004
1 0.25683500000000004 0.57192 0.44531000000000004 0.85616
9 0.7417 0.7149 0.46778 0.03937999999999997
9 0.738285 0.26798 0.46875 0.03937999999999997
9 0.740725 0.094177 0.46777 0.10958599999999999
9 0.258303 0.31678 0.440434 0.10616000000000003
