1 0.41162499999999996 0.5939800000000001 0.57129 0.7751800000000001
2 0.629395 0.871005 0.036129999999999995 0.09091000000000005
2 0.62744 0.70332 0.0341800000000001 0.08721999999999996
4 0.62891 0.639435 0.06835999999999998 0.04544999999999999
2 0.626465 0.54054 0.03416999999999992 0.08108000000000004
2 0.62598 0.388205 0.03320000000000001 0.07617000000000002
4 0.62891 0.330465 0.06835999999999998 0.041769999999999974
4 0.52246 0.6431199999999999 0.06446000000000002 0.04300000000000004
4 0.45264 0.642505 0.06347999999999998 0.041770000000000085
4 0.38184 0.6431199999999999 0.0625 0.04300000000000004
4 0.312985 0.6431199999999999 0.05957000000000001 0.04300000000000004
4 0.24120999999999998 0.643735 0.06249999999999997 0.041769999999999974
4 0.171385 0.64435 0.06153 0.045460000000000056
2 0.38037 0.705775 0.032220000000000026 0.07738999999999996
2 0.311035 0.705775 0.03222999999999998 0.07738999999999996
2 0.31152 0.87408 0.03320000000000001 0.09214
2 0.24072500000000002 0.87408 0.03223000000000001 0.08967999999999998
2 0.171385 0.874695 0.03223000000000001 0.09091000000000005
2 0.24072500000000002 0.70946 0.03223000000000001 0.08475999999999995
2 0.17041 0.70946 0.03222 0.08475999999999995
2 0.381345 0.8734649999999999 0.03222999999999998 0.09090999999999994
2 0.52051 0.87285 0.03320000000000001 0.08967999999999998
2 0.450685 0.8734649999999999 0.03222999999999998 0.09090999999999994
2 0.5200199999999999 0.70762 0.032220000000000026 0.08108000000000004
2 0.450685 0.70762 0.03222999999999998 0.08108000000000004
2 0.5200199999999999 0.545455 0.032220000000000026 0.08109
2 0.449705 0.54484 0.032230000000000036 0.07986000000000004
2 0.379885 0.54484 0.03125 0.07986000000000004
2 0.51953 0.393735 0.03320000000000001 0.07493000000000005
2 0.450195 0.39435 0.03125 0.07616
2 0.38037 0.39435 0.032220000000000026 0.07616
2 0.31006 0.545455 0.032220000000000026 0.08109
2 0.24023499999999998 0.546065 0.031249999999999972 0.08231
2 0.17041 0.54607 0.03222 0.07985999999999993
2 0.31006 0.394965 0.032220000000000026 0.07739000000000001
2 0.24023499999999998 0.393735 0.031249999999999972 0.07738999999999996
2 0.17041 0.393735 0.03222 0.07738999999999996
2 0.075195 0.42076 0.03125 0.07739999999999997
2 0.07665999999999999 0.578625 0.032226 0.0859899999999999
2 0.07714850000000001 0.745085 0.03515700000000001 0.0823100000000001
2 0.07910149999999999 0.90049 0.029297000000000004 0.07616
5 0.17041 0.44594500000000004 0.059579999999999994 0.02948999999999996
5 0.24072499999999997 0.44656 0.059569999999999984 0.03071999999999997
5 0.31005499999999997 0.44656 0.059569999999999956 0.03071999999999997
5 0.381345 0.44656 0.05957000000000001 0.03071999999999997
5 0.450685 0.44594500000000004 0.05957000000000001 0.02948999999999996
5 0.520995 0.44594500000000004 0.05957000000000007 0.02948999999999996
5 0.628415 0.44103000000000003 0.05957000000000001 0.029480000000000006
5 0.1709 0.76781 0.05077999999999999 0.034399999999999986
5 0.24121 0.76781 0.05077999999999999 0.034399999999999986
5 0.5224599999999999 0.7665850000000001 0.050779999999999936 0.03439000000000003
5 0.45215 0.7665850000000001 0.05078000000000005 0.03439000000000003
5 0.629885 0.76413 0.06640999999999997 0.036860000000000004
5 0.0761725 0.649265 0.052735000000000004 0.06264999999999998
5 0.077149 0.80098 0.05078200000000001 0.034399999999999986
4 0.07666049999999999 0.52396 0.043945 0.04054000000000002
4 0.074707 0.372235 0.043946 0.02703
6 0.31152500000000005 0.76597 0.05273 0.055279999999999996
6 0.38183500000000004 0.76474 0.05273 0.055279999999999996
6 0.624025 0.2328 0.13476999999999995 0.03808
6 0.71924 0.598895 0.04590000000000005 0.06757000000000002
2 0.711425 0.703935 0.008789999999999965 0.08845000000000003
2 0.71191 0.86978 0.011720000000000064 0.09582000000000002
9 0.410155 0.3016 0.56055 0.10933999999999996
9 0.41015999999999997 0.4656 0.5625 0.06879999999999997
9 0.41113 0.7715000000000001 0.5625 0.046679999999999944
9 0.411135 0.9336599999999999 0.56445 0.03931999999999991
10 0.6518550000000001 0.70393 0.006830000000000003 0.0761599999999999
10 0.60547 0.704545 0.00782000000000005 0.07492999999999994
10 0.605955 0.74447 0.012689999999999979 0.0049200000000000355
10 0.6518550000000001 0.74447 0.012689999999999979 0.0049200000000000355
10 0.60498 0.662165 0.010739999999999972 0.009830000000000005
10 0.6518550000000001 0.6615500000000001 0.010749999999999926 0.008600000000000052
10 0.10888500000000001 0.6578649999999999 0.012689999999999993 0.24200999999999995
10 0.041504 0.65602 0.012695999999999999 0.24324
10 0.109863 0.51413 0.02441399999999999 0.04546
10 0.042480500000000004 0.512285 0.024415 0.04422999999999999
10 0.1103495 0.7985249999999999 0.021481 0.03931000000000007
