1 0.5034843 0.49804455 0.9930314 0.9785109
2 0.21167 0.25342 0.0993 0.05761999999999998
2 0.69948 0.24756 0.09929999999999994 0.057620000000000005
2 0.4738665 0.751955 0.926827 0.08789000000000002
6 0.2195115 0.37549 0.289197 0.12402000000000002
6 0.7247399999999999 0.36963 0.2892 0.12402000000000002
6 0.736935 0.49463 0.2857099999999999 0.11230000000000007
6 0.22648200000000002 0.49707 0.28571599999999997 0.11328000000000005
6 0.204703 0.6098600000000001 0.318814 0.04589999999999994
6 0.730835 0.61279 0.31881000000000004 0.04589999999999994
6 0.48258 0.78418 0.91638 0.05078000000000005
7 0.279615 0.249025 0.04007000000000005 0.06445000000000001
7 0.17073500000000003 0.25342 0.03833 0.06348000000000004
7 0.65418 0.24756 0.03658000000000006 0.06347999999999998
7 0.764805 0.24365 0.038329999999999975 0.06348000000000004
8 0.45819 0.15918 0.17769999999999997 0.13086
8 0.471255 0.5991249999999999 0.19687000000000004 0.06542999999999999
8 0.47648100000000004 0.68262 0.918118 0.09179999999999999
10 0.39895499999999995 0.712405 0.01743 0.08104999999999996
10 0.18467 0.722655 0.020899999999999974 0.09375
10 0.51568 0.7143550000000001 0.01741999999999999 0.08104999999999996
10 0.75087 0.726075 0.01741999999999999 0.09472999999999998
10 0.182925 0.78076 0.04529 0.022459999999999924
10 0.398955 0.7709999999999999 0.05227000000000004 0.03417999999999999
10 0.52178 0.7724599999999999 0.050519999999999954 0.03515999999999997
10 0.752615 0.78662 0.041810000000000014 0.02635999999999994
10 0.18467 0.6709 0.03483999999999998 0.009760000000000102
10 0.39721 0.66846 0.03483999999999998 0.010740000000000083
10 0.5139400000000001 0.67041 0.03484000000000004 0.010740000000000083
10 0.7482599999999999 0.67334 0.036579999999999946 0.010740000000000083
11 0.49129 0.9126 0.19164000000000003 0.12597999999999998
11 0.72561 0.91748 0.18989999999999996 0.12597999999999998
11 0.24477500000000002 0.913575 0.16899 0.12597000000000003
