2 0.41862 0.7299800000000001 0.08723999999999998 0.09863999999999995
1 0.4414071 0.534179 0.8776058000000001 0.914062
2 0.419925 0.30761499999999997 0.11848999999999998 0.048829999999999985
2 0.42904 0.41552500000000003 0.06119999999999998 0.07715
2 0.495445 0.436035 0.016929999999999945 0.07911000000000001
2 0.35091 0.436035 0.024739999999999984 0.08301000000000003
2 0.495445 0.57031 0.016929999999999945 0.08397999999999994
2 0.35091 0.56982 0.024739999999999984 0.08495999999999992
2 0.43034 0.5542 0.06379999999999997 0.08106000000000002
4 0.60612 0.393555 0.10026000000000002 0.04297000000000001
2 0.60612 0.31787 0.06380000000000008 0.06934000000000001
2 0.76693 0.33447 0.1015600000000001 0.09667999999999999
2 0.76823 0.46143 0.10416000000000003 0.09667999999999993
2 0.766275 0.5932599999999999 0.10287000000000002 0.10058
4 0.60612 0.5209999999999999 0.10026000000000002 0.040039999999999965
2 0.6048199999999999 0.447265 0.06379999999999997 0.07227
2 0.6048199999999999 0.577635 0.06379999999999997 0.07519000000000009
2 0.6015649999999999 0.7143550000000001 0.07030999999999998 0.07128999999999996
2 0.76237 0.7143550000000001 0.09505999999999992 0.07128999999999996
2 0.765625 0.84131 0.09375 0.07519999999999993
2 0.6041650000000001 0.8418 0.09635000000000005 0.07421999999999995
3 0.42057500000000003 0.916015 0.08332999999999996 0.13477000000000006
2 0.42122499999999996 0.8144499999999999 0.05338999999999999 0.03320000000000001
2 0.234375 0.84277 0.09635000000000002 0.07421999999999995
2 0.23372500000000002 0.715335 0.07160999999999998 0.07128999999999996
2 0.23372500000000002 0.576175 0.06641 0.07617000000000007
4 0.23307 0.518555 0.09896000000000002 0.04100999999999999
4 0.23307 0.39110999999999996 0.10155999999999998 0.04004000000000002
2 0.23242000000000002 0.44629 0.0638 0.07225999999999999
2 0.23242000000000002 0.31543 0.0638 0.07032
2 0.77539 0.165525 0.05078000000000005 0.05957000000000001
2 0.458985 0.16650500000000001 0.05079 0.059569999999999984
2 0.38151 0.16650500000000001 0.054680000000000006 0.059569999999999984
2 0.0677085 0.32616999999999996 0.101563 0.08983999999999998
2 0.0709615 0.45215 0.100257 0.08984000000000003
2 0.20703 0.958985 0.04166 0.05859000000000003
2 0.261715 0.958985 0.044270000000000004 0.05859000000000003
2 0.57682 0.955565 0.039060000000000095 0.0595699999999999
2 0.63086 0.95508 0.04296 0.058599999999999985
2 0.7395849999999999 0.95508 0.041669999999999985 0.058599999999999985
2 0.792315 0.95508 0.04296999999999995 0.058599999999999985
5 0.766925 0.7651399999999999 0.12239 0.03417999999999999
5 0.60417 0.763675 0.09895999999999994 0.03125
5 0.60612 0.628905 0.09766000000000008 0.03125
5 0.23372500000000002 0.765625 0.09765000000000001 0.03125
5 0.234375 0.628415 0.09894999999999998 0.03223000000000009
5 0.233075 0.49414499999999995 0.09634999999999999 0.025389999999999968
5 0.60547 0.49365499999999995 0.09636 0.024409999999999987
5 0.60807 0.362795 0.09895999999999994 0.020509999999999973
5 0.234375 0.35791 0.09894999999999998 0.020499999999999963
5 0.602865 0.8994150000000001 0.10156999999999994 0.044930000000000025
5 0.76693 0.89893 0.1015600000000001 0.04590000000000005
5 0.23502499999999998 0.902345 0.10286999999999999 0.04883000000000004
6 0.0677095 0.353515 0.111981 0.04297000000000001
6 0.0696615 0.484865 0.110677 0.043949999999999934
6 0.7675799999999999 0.36133000000000004 0.11327999999999994 0.05077999999999999
6 0.7714799999999999 0.487795 0.11327999999999994 0.043949999999999934
6 0.7675799999999999 0.6245099999999999 0.11327999999999994 0.03808
6 0.41992 0.342285 0.18620000000000003 0.061529999999999974
8 0.43099 0.484375 0.07812000000000002 0.05273
8 0.495445 0.504395 0.019530000000000047 0.049809999999999965
8 0.35091 0.504395 0.02734000000000003 0.049809999999999965
5 0.43099 0.6098600000000001 0.08854000000000001 0.03417999999999999
5 0.348955 0.623535 0.041669999999999985 0.036129999999999995
5 0.5 0.623045 0.02864 0.04100999999999999
8 0.421225 0.81445 0.10287000000000002 0.06835999999999998
8 0.498045 0.751465 0.042970000000000064 0.053710000000000035
8 0.340495 0.752445 0.04297000000000001 0.053710000000000035
8 0.36914 0.671385 0.08724000000000004 0.07129000000000008
8 0.48112 0.672365 0.08723999999999998 0.07129000000000008
9 0.43685125 0.64697 0.8580775 0.028320000000000012
9 0.44336149999999996 0.779785 0.858077 0.028330000000000077
10 0.160155 0.43408500000000005 0.046869999999999995 0.36035
10 0.308595 0.43652 0.04686999999999997 0.35742000000000007
10 0.533855 0.43798500000000007 0.041669999999999985 0.35449
10 0.6822900000000001 0.43799 0.04687999999999992 0.35644000000000003
10 0.859375 0.43798500000000007 0.03645000000000009 0.35449
10 0.15885 0.628905 0.049479999999999996 0.029289999999999927
10 0.30729 0.62988 0.04947999999999997 0.029299999999999993
10 0.68099 0.63086 0.04947999999999997 0.029299999999999993
10 0.5338499999999999 0.62988 0.04948000000000008 0.029299999999999993
10 0.85677 0.62988 0.04688000000000003 0.029299999999999993
10 0.1582 0.24219000000000002 0.061200000000000004 0.023440000000000016
10 0.30859 0.246095 0.0625 0.02342999999999998
10 0.53255 0.24902000000000002 0.0625 0.023440000000000016
10 0.68229 0.24756 0.0625 0.022460000000000008
10 0.858725 0.248535 0.04557 0.024410000000000015
10 0.352215 0.80713 0.029950000000000032 0.04590000000000005
10 0.48633000000000004 0.80664 0.027339999999999975 0.04688000000000003
10 0.352865 0.892085 0.026050000000000018 0.12207000000000001
10 0.48568 0.890625 0.026039999999999952 0.12108999999999992
10 0.353515 0.9707 0.03514999999999996 0.03516000000000008
10 0.48502500000000004 0.96875 0.03515000000000007 0.03516000000000008
10 0.333985 0.8916 0.009110000000000007 0.12303999999999993
10 0.33138 0.8085899999999999 0.011720000000000008 0.04491999999999996
10 0.50716 0.8081050000000001 0.011720000000000064 0.043950000000000045
10 0.504555 0.8916 0.009109999999999951 0.12303999999999993
10 0.33072999999999997 0.97119 0.01042000000000004 0.0341800000000001
10 0.5078100000000001 0.97021 0.010419999999999985 0.03417999999999999
4 0.7773399999999999 0.103516 0.14844000000000002 0.04882799999999998
