1 0.50048655 0.50151055 0.9970669 0.9969789
2 0.06640599999999999 0.18378499999999998 0.05859399999999999 0.10977
2 0.21289 0.18227500000000002 0.058599999999999985 0.11077000000000001
2 0.362305 0.18127 0.05859000000000003 0.11078000000000002
2 0.509765 0.179755 0.058589999999999975 0.10976999999999999
2 0.6582049999999999 0.184795 0.05859000000000003 0.10977
2 0.799315 0.18882500000000002 0.05760999999999994 0.10977
2 0.94287 0.193355 0.057620000000000005 0.11076999999999998
2 0.0639645 0.39980000000000004 0.057616999999999995 0.12084
2 0.21045 0.396775 0.057620000000000005 0.12085000000000001
2 0.362305 0.39879 0.05859000000000003 0.12084
2 0.51123 0.39879 0.05761999999999995 0.12084
2 0.661135 0.40181500000000003 0.05859000000000003 0.12084999999999996
2 0.80664 0.40181500000000003 0.058599999999999985 0.12084999999999996
2 0.9453149999999999 0.406345 0.05859000000000003 0.12185000000000001
2 0.9443349999999999 0.646525 0.05859000000000003 0.12487000000000004
2 0.8042 0.64904 0.057620000000000005 0.12588
2 0.66162 0.64904 0.057620000000000005 0.12588
2 0.36377 0.6480349999999999 0.06152000000000002 0.13193
2 0.21338000000000001 0.6490450000000001 0.06151999999999999 0.13193
2 0.06396500000000001 0.6490450000000001 0.061524 0.13193
2 0.50928 0.645015 0.06347999999999993 0.12386999999999992
2 0.21338000000000001 0.87261 0.06348000000000001 0.10776000000000008
2 0.069336 0.87059 0.058594 0.10573999999999995
2 0.361325 0.87613 0.06640999999999997 0.10875999999999997
2 0.6582049999999999 0.887715 0.06640999999999997 0.13193
2 0.799315 0.88167 0.06739000000000006 0.13191999999999993
3 0.507815 0.90534 0.08203000000000005 0.18328
4 0.5141600000000001 0.541795 0.13574000000000003 0.07855000000000001
5 0.065429 0.24370999999999998 0.089842 0.014099999999999974
5 0.21045 0.24119 0.08886 0.015100000000000002
5 0.362795 0.24018 0.08887 0.015100000000000002
5 0.5112300000000001 0.242195 0.08886000000000005 0.015110000000000012
5 0.66162 0.24420999999999998 0.08885999999999994 0.015099999999999975
5 0.802245 0.24723 0.08887 0.015100000000000002
5 0.947265 0.24974999999999997 0.08984999999999999 0.014099999999999974
5 0.06347749999999999 0.46626 0.089845 0.014100000000000001
5 0.20947500000000002 0.46374499999999996 0.08887000000000003 0.015110000000000012
5 0.362795 0.46475500000000003 0.08887 0.015110000000000012
5 0.5112300000000001 0.465255 0.09667999999999999 0.016110000000000013
5 0.94482 0.46928499999999995 0.09667999999999999 0.016110000000000013
5 0.80518 0.46626500000000004 0.09667999999999999 0.016110000000000013
5 0.66064 0.46626500000000004 0.0966800000000001 0.016110000000000013
5 0.0668925 0.71702 0.096675 0.016119999999999912
5 0.21240000000000003 0.719535 0.09668000000000002 0.015110000000000068
5 0.36084 0.719535 0.09667999999999999 0.015110000000000068
5 0.94238 0.715005 0.09766000000000008 0.01611000000000007
5 0.8022499999999999 0.719535 0.09667999999999999 0.015110000000000068
5 0.6616200000000001 0.719535 0.09667999999999999 0.015110000000000068
6 0.520505 0.737665 0.19531000000000004 0.08359000000000005
9 0.50097625 0.76737 0.9863275 0.020140000000000047
9 0.5019525 0.0438067 0.978515 0.0694866
10 0.580565 0.89829 0.026370000000000005 0.14300000000000002
10 0.450685 0.9013100000000001 0.026370000000000005 0.1429999999999999
10 0.5800799999999999 0.98389 0.03320000000000001 0.028200000000000003
10 0.450685 0.9859 0.03222999999999998 0.026180000000000092
10 0.449705 0.81873 0.03809000000000001 0.02216000000000007
10 0.578615 0.81672 0.03808999999999996 0.020140000000000047
