1 0.49881515 0.4648431 0.9905297 0.9218738000000001
2 0.22426000000000001 0.237305 0.09822 0.11133000000000001
2 0.40592 0.236325 0.09704000000000002 0.11133000000000004
2 0.677515 0.228515 0.09823000000000004 0.11132999999999998
2 0.0491123 0.23877 0.0840234 0.11230000000000001
2 0.9189350000000001 0.227055 0.09348999999999996 0.11621000000000004
2 0.40651000000000004 0.509275 0.09822000000000003 0.15723000000000004
2 0.219525 0.509275 0.09822999999999998 0.15723000000000004
2 0.047929099999999995 0.512205 0.0840238 0.15723000000000004
2 0.674555 0.50244 0.09941 0.15721999999999997
2 0.9207099999999999 0.50586 0.09940000000000004 0.15820000000000006
2 0.40651000000000004 0.76172 0.10532000000000002 0.125
2 0.225445 0.76172 0.10533000000000003 0.125
2 0.050296099999999996 0.76172 0.0887578 0.125
2 0.9100550000000001 0.75879 0.10651 0.125
3 0.681655 0.796385 0.22249000000000008 0.23144999999999993
4 0.41302 0.402345 0.17278000000000004 0.06054999999999999
4 0.228995 0.404785 0.17159000000000002 0.05957000000000001
4 0.0680453 0.404295 0.1218894 0.054690000000000016
4 0.6804749999999999 0.39990000000000003 0.1822499999999999 0.11230000000000001
4 0.91716 0.39990000000000003 0.14437999999999995 0.1084
5 0.22663 0.30957 0.15739999999999998 0.039059999999999984
5 0.408875 0.30810499999999996 0.15739000000000003 0.03809000000000001
5 0.681065 0.29785 0.15739000000000003 0.039059999999999984
5 0.9165650000000001 0.299805 0.14793 0.035150000000000015
5 0.0639036 0.31201 0.1159728 0.04393999999999998
5 0.408285 0.603515 0.15621000000000002 0.03906999999999994
5 0.22071000000000002 0.6015600000000001 0.1574 0.039059999999999984
5 0.0639053 0.605955 0.1136094 0.03808999999999996
5 0.689945 0.59424 0.19645 0.030280000000000085
5 0.9153849999999999 0.5991200000000001 0.14793 0.03808
8 0.55444 0.5932649999999999 0.05562 0.06542999999999999
8 0.83373 0.5957049999999999 0.05562 0.06445000000000001
8 0.686985 0.640625 0.23077000000000003 0.08399000000000001
8 0.8366899999999999 0.13330050000000002 0.06154000000000004 0.102539
8 0.55444 0.1328125 0.06272 0.10351500000000001
9 0.495857 0.100584 0.9751460000000001 0.10351199999999999
9 0.496452 0.65186 0.969236 0.0341800000000001
10 0.552665 0.77588 0.030770000000000075 0.18066000000000004
10 0.824855 0.7749 0.02367000000000008 0.18066000000000004
10 0.5538449999999999 0.89453 0.04971000000000003 0.05663999999999991
10 0.82663 0.890135 0.03432000000000002 0.04980999999999991
10 0.8266249999999999 0.665525 0.031950000000000034 0.03808999999999996
10 0.5538449999999999 0.666015 0.03551000000000004 0.037109999999999976
11 0.64852 0.88086 0.07810000000000006 0.08397999999999994
11 0.605915 0.8061499999999999 0.044969999999999954 0.040039999999999965
11 0.2106515 0.55029 0.35739699999999996 0.05565999999999993
11 0.243197 0.663575 0.46272599999999997 0.03027000000000002
