1 0.5141625 0.49169828 0.968835 0.98144344
2 0.823655 0.067383 0.02690999999999999 0.025389999999999996
2 0.82507 0.117185 0.026919999999999944 0.025389999999999996
2 0.822235 0.0185547 0.02690999999999999 0.0253906
2 0.822235 0.0185547 0.02690999999999999 0.0253906
2 0.82578 0.16650500000000001 0.025499999999999967 0.024410000000000015
2 0.825775 0.21875 0.028329999999999966 0.025399999999999978
2 0.825775 0.27002 0.028329999999999966 0.024419999999999997
2 0.825775 0.321285 0.028329999999999966 0.025390000000000024
2 0.6990099999999999 0.298825 0.02973999999999999 0.025390000000000024
2 0.6536850000000001 0.297855 0.029750000000000054 0.025389999999999968
2 0.609775 0.297855 0.029750000000000054 0.025389999999999968
2 0.529745 0.29052500000000003 0.033989999999999965 0.030269999999999964
2 0.47946 0.29052500000000003 0.03258 0.030269999999999964
2 0.430595 0.291995 0.033989999999999965 0.03125
2 0.38102 0.291015 0.033999999999999975 0.03125
2 0.33003 0.29052500000000003 0.03400000000000003 0.030269999999999964
2 0.33074000000000003 0.23291 0.03258 0.03028
2 0.38102 0.232425 0.033999999999999975 0.03125
2 0.430595 0.23291 0.033989999999999965 0.03028
2 0.47946 0.232425 0.03258 0.03125
2 0.53116 0.232425 0.03400000000000003 0.03125
2 0.529745 0.350095 0.033989999999999965 0.03027000000000002
2 0.48017 0.350585 0.033999999999999975 0.03125
2 0.42918 0.350585 0.03400000000000003 0.03125
2 0.37960499999999997 0.350585 0.03399000000000002 0.03125
2 0.33003 0.350585 0.03400000000000003 0.03125
2 0.32931999999999995 0.409175 0.03258 0.03125
2 0.378895 0.409175 0.03256999999999999 0.03125
2 0.42918 0.409175 0.03400000000000003 0.03125
2 0.47946 0.409175 0.03258 0.03125
2 0.529745 0.40869 0.033989999999999965 0.030279999999999974
2 0.53116 0.46875 0.03400000000000003 0.031259999999999954
2 0.47946 0.46875 0.03258 0.031259999999999954
2 0.42776000000000003 0.46924 0.033999999999999975 0.030279999999999974
2 0.378185 0.46826 0.033989999999999965 0.030279999999999974
2 0.32860999999999996 0.46924 0.033999999999999975 0.030279999999999974
2 0.32577999999999996 0.52881 0.033999999999999975 0.030280000000000085
2 0.37748000000000004 0.52881 0.03258 0.030280000000000085
2 0.42776000000000003 0.52881 0.033999999999999975 0.030280000000000085
2 0.47875500000000004 0.528325 0.03399000000000002 0.03125
2 0.53116 0.529295 0.03400000000000003 0.03125
2 0.529745 0.589845 0.033989999999999965 0.03125
2 0.477335 0.5883799999999999 0.033989999999999965 0.030279999999999974
2 0.42776000000000003 0.589845 0.033999999999999975 0.03125
2 0.37748000000000004 0.5883799999999999 0.03258 0.030279999999999974
2 0.327195 0.588865 0.03399000000000002 0.03125
2 0.529745 0.649415 0.033989999999999965 0.03125
2 0.477335 0.649415 0.033989999999999965 0.03125
2 0.42776000000000003 0.649415 0.033999999999999975 0.03125
2 0.375355 0.649415 0.033989999999999965 0.03125
2 0.32577999999999996 0.648925 0.033999999999999975 0.03027000000000002
2 0.32577999999999996 0.712895 0.033999999999999975 0.03125
2 0.37677 0.7133799999999999 0.03400000000000003 0.030279999999999974
2 0.42776000000000003 0.713865 0.033999999999999975 0.03125
2 0.477335 0.713865 0.033989999999999965 0.03125
2 0.529745 0.712895 0.033989999999999965 0.03125
2 0.324365 0.78125 0.03399000000000002 0.031260000000000066
2 0.37605999999999995 0.78125 0.03258 0.031260000000000066
2 0.42705000000000004 0.78125 0.03258 0.031260000000000066
2 0.47946 0.78125 0.03258 0.031260000000000066
2 0.53116 0.78125 0.03400000000000003 0.031260000000000066
2 0.529745 0.850585 0.033989999999999965 0.03125
2 0.47875500000000004 0.850585 0.03399000000000002 0.029290000000000038
2 0.426345 0.851075 0.03399000000000002 0.03027000000000002
2 0.375355 0.850095 0.033989999999999965 0.03027000000000002
2 0.323655 0.850585 0.03541 0.029290000000000038
2 0.19122 0.588865 0.033999999999999975 0.03125
2 0.191925 0.52881 0.03541 0.030280000000000085
2 0.193345 0.46924 0.03541 0.030279999999999974
2 0.19051 0.648925 0.03541999999999998 0.03027000000000002
2 0.18980000000000002 0.7133799999999999 0.034 0.030279999999999974
2 0.188385 0.78125 0.03399000000000002 0.031260000000000066
2 0.18768 0.850585 0.032580000000000026 0.03125
2 0.194755 0.409175 0.03541 0.03125
2 0.19405 0.351075 0.033999999999999975 0.030269999999999964
2 0.101273 0.362305 0.03257399999999999 0.03125
2 0.0998595 0.419925 0.032581 0.03125
2 0.0977335 0.478515 0.033992999999999995 0.03125
2 0.096315 0.535155 0.03398999999999999 0.03125
2 0.096315 0.594725 0.03398999999999999 0.03125
2 0.094192 0.653325 0.032575999999999994 0.03125
2 0.0927785 0.71631 0.032583 0.030280000000000085
2 0.0920705 0.783205 0.033999 0.03125
2 0.088529 0.850585 0.032582 0.03125
2 0.53116 0.174315 0.03400000000000003 0.03027000000000002
2 0.48088 0.174315 0.03258 0.03027000000000002
2 0.43201 0.174315 0.03400000000000003 0.03027000000000002
2 0.38102 0.17334 0.033999999999999975 0.03028
2 0.33286 0.173825 0.03400000000000003 0.03125
2 0.866855 0.067383 0.025490000000000013 0.025389999999999996
2 0.9100550000000001 0.067383 0.0269100000000001 0.025389999999999996
2 0.90864 0.116215 0.026920000000000055 0.025389999999999996
2 0.86827 0.117185 0.025500000000000078 0.025389999999999996
2 0.86898 0.270505 0.026920000000000055 0.025390000000000024
2 0.8696900000000001 0.320315 0.025499999999999967 0.025389999999999968
2 0.832155 0.730465 0.02690999999999999 0.025390000000000024
2 0.877475 0.730465 0.02690999999999999 0.025390000000000024
2 0.919975 0.731445 0.02690999999999999 0.025390000000000024
2 0.83003 0.675785 0.025499999999999967 0.025390000000000024
2 0.87323 0.676755 0.026919999999999944 0.025390000000000024
2 0.87323 0.676755 0.026919999999999944 0.025390000000000024
2 0.918555 0.676755 0.02690999999999999 0.025390000000000024
2 0.921385 0.789065 0.02690999999999999 0.025390000000000024
2 0.877475 0.78955 0.02690999999999999 0.028320000000000012
2 0.8342799999999999 0.7900400000000001 0.031159999999999966 0.02734000000000003
2 0.827195 0.371095 0.028329999999999966 0.027349999999999985
2 0.832155 0.623535 0.02690999999999999 0.024409999999999932
2 0.87323 0.6254900000000001 0.026919999999999944 0.024419999999999997
2 0.917845 0.6245099999999999 0.025490000000000013 0.024419999999999997
2 0.8293200000000001 0.573245 0.02973999999999999 0.025390000000000024
2 0.87323 0.574215 0.026919999999999944 0.025390000000000024
2 0.915015 0.5737300000000001 0.028329999999999966 0.024419999999999997
2 0.867565 0.0185547 0.02690999999999999 0.0253906
2 0.90864 0.0180662 0.026920000000000055 0.0244136
2 0.6975899999999999 0.085449 0.02973999999999999 0.024414000000000005
2 0.6543950000000001 0.08496100000000001 0.028330000000000077 0.02539000000000001
2 0.609775 0.08496100000000001 0.029750000000000054 0.02539000000000001
2 0.609065 0.0341795 0.028329999999999966 0.025391
2 0.6543950000000001 0.033202999999999996 0.028330000000000077 0.025390000000000003
2 0.6975899999999999 0.033202999999999996 0.02973999999999999 0.025390000000000003
2 0.609775 0.13623 0.02690999999999999 0.02635999999999998
2 0.653685 0.13672 0.02690999999999999 0.02733999999999999
2 0.697595 0.137205 0.02690999999999999 0.02636999999999999
2 0.6982999999999999 0.19286999999999999 0.028320000000000012 0.026360000000000022
2 0.6543950000000001 0.191895 0.028330000000000077 0.026370000000000005
2 0.6111899999999999 0.191895 0.02973999999999999 0.026370000000000005
2 0.6104849999999999 0.24512 0.028330000000000077 0.02734000000000003
2 0.6536850000000001 0.24560500000000002 0.029750000000000054 0.026370000000000032
2 0.6982999999999999 0.24560500000000002 0.028320000000000012 0.026370000000000032
2 0.699715 0.350095 0.028329999999999966 0.026370000000000005
2 0.6543950000000001 0.350095 0.028330000000000077 0.026370000000000005
2 0.6104849999999999 0.350095 0.028330000000000077 0.026370000000000005
2 0.609065 0.402345 0.028329999999999966 0.027349999999999985
2 0.6536850000000001 0.402835 0.029750000000000054 0.026370000000000005
2 0.699715 0.402835 0.028329999999999966 0.026370000000000005
2 0.6104849999999999 0.455565 0.028330000000000077 0.026370000000000005
2 0.655805 0.456545 0.028329999999999966 0.026370000000000005
2 0.6990099999999999 0.455565 0.02973999999999999 0.026370000000000005
2 0.6104849999999999 0.509275 0.028330000000000077 0.02637000000000006
2 0.655805 0.5083 0.028329999999999966 0.02636000000000005
2 0.7011350000000001 0.509275 0.028330000000000077 0.02637000000000006
2 0.699715 0.562015 0.028329999999999966 0.026370000000000005
2 0.6543950000000001 0.562015 0.028330000000000077 0.026370000000000005
2 0.6104849999999999 0.561525 0.028330000000000077 0.027350000000000096
2 0.6111899999999999 0.615725 0.02973999999999999 0.026370000000000005
2 0.6543950000000001 0.6162099999999999 0.028330000000000077 0.02734000000000003
2 0.699715 0.615725 0.028329999999999966 0.026370000000000005
2 0.7011350000000001 0.669435 0.028330000000000077 0.026370000000000005
2 0.655805 0.669435 0.028329999999999966 0.026370000000000005
2 0.6104849999999999 0.669435 0.028330000000000077 0.026370000000000005
2 0.611895 0.726075 0.028329999999999966 0.026370000000000005
2 0.655805 0.726075 0.028329999999999966 0.026370000000000005
2 0.70184 0.72705 0.02973999999999999 0.02636000000000005
2 0.611895 0.787595 0.028329999999999966 0.026370000000000005
2 0.656515 0.787595 0.029750000000000054 0.026370000000000005
2 0.70184 0.787595 0.02973999999999999 0.026370000000000005
2 0.6572199999999999 0.851075 0.031159999999999966 0.03027000000000002
2 0.70397 0.850095 0.031160000000000077 0.03027000000000002
2 0.490795 0.0483395 0.03540999999999994 0.026367
2 0.48866999999999994 0.091797 0.033999999999999975 0.011718000000000006
3 0.18342999999999998 0.948735 0.08074 0.0654300000000001
6 0.19759500000000002 0.29883000000000004 0.13739000000000004 0.017579999999999985
6 0.50071 0.0957055 0.06940000000000007 0.021489000000000008
7 0.192635 0.46875 0.03399000000000002 0.029299999999999993
7 0.326485 0.5283199999999999 0.02975 0.029299999999999993
7 0.192635 0.5283199999999999 0.03399000000000002 0.029299999999999993
7 0.37819 0.5283199999999999 0.03116000000000002 0.029299999999999993
7 0.42776000000000003 0.5283199999999999 0.03116000000000002 0.029299999999999993
7 0.37819 0.46875 0.03116000000000002 0.029299999999999993
7 0.326485 0.58887 0.02975 0.029299999999999993
7 0.37819 0.5883799999999999 0.03116000000000002 0.028320000000000012
7 0.42776000000000003 0.58936 0.03116000000000002 0.0283199999999999
7 0.331445 0.17382999999999998 0.03117000000000003 0.02930000000000002
7 0.38173 0.17334 0.02973999999999999 0.028320000000000012
7 0.43201 0.17432 0.031159999999999966 0.028320000000000012
7 0.48158999999999996 0.17382999999999998 0.03116000000000002 0.02930000000000002
7 0.5311600000000001 0.174805 0.031159999999999966 0.02929000000000001
7 0.47875 0.23242000000000002 0.031159999999999966 0.02930000000000002
7 0.33003 0.291015 0.031159999999999966 0.029289999999999983
7 0.38102 0.291015 0.03116000000000002 0.029289999999999983
7 0.430595 0.2915 0.03117000000000003 0.028320000000000012
7 0.48017 0.29053 0.03116000000000002 0.028320000000000012
7 0.530455 0.29053 0.029749999999999943 0.028320000000000012
7 0.32932 0.35058500000000004 0.02973999999999999 0.029289999999999983
7 0.42988499999999996 0.35058500000000004 0.02975 0.029289999999999983
7 0.47875 0.40918 0.031159999999999966 0.029299999999999993
7 0.5297449999999999 0.40869 0.03117000000000003 0.028320000000000012
7 0.48017 0.46924 0.03116000000000002 0.028320000000000012
7 0.5311600000000001 0.46924 0.031159999999999966 0.028320000000000012
7 0.47875 0.5283199999999999 0.031159999999999966 0.029299999999999993
7 0.5311600000000001 0.52881 0.031159999999999966 0.0283199999999999
7 0.47804500000000005 0.5883799999999999 0.02975 0.028320000000000012
7 0.5311600000000001 0.58887 0.031159999999999966 0.029299999999999993
7 0.47875 0.64893 0.031159999999999966 0.028320000000000012
7 0.530455 0.649415 0.029749999999999943 0.029290000000000038
7 0.47946 0.7807599999999999 0.02973999999999999 0.028320000000000012
7 0.530455 0.78125 0.029749999999999943 0.029300000000000104
7 0.530455 0.850585 0.029749999999999943 0.029290000000000038
7 0.47875 0.850585 0.031159999999999966 0.029290000000000038
7 0.42705499999999996 0.85107 0.02975 0.028320000000000012
7 0.37534999999999996 0.8501000000000001 0.03116000000000002 0.028320000000000012
7 0.32436 0.7807599999999999 0.03116000000000002 0.028320000000000012
7 0.18838500000000002 0.84961 0.031170000000000003 0.029299999999999993
7 0.089237 0.850585 0.031166 0.029290000000000038
7 0.0920685 0.782715 0.031162999999999996 0.028330000000000077
7 0.0956085 0.59473 0.02974299999999999 0.029299999999999993
7 0.0963185 0.53564 0.031162999999999996 0.0283199999999999
7 0.101276 0.36182000000000003 0.029747999999999997 0.028319999999999956
7 0.19476 0.35058500000000004 0.029740000000000016 0.029289999999999983
7 0.6104799999999999 0.08496100000000001 0.025499999999999967 0.023438
7 0.653685 0.08496100000000001 0.02690999999999999 0.023438
7 0.6982999999999999 0.08496100000000001 0.025499999999999967 0.023438
7 0.65439 0.13672 0.025499999999999967 0.02343999999999999
7 0.6104799999999999 0.24512 0.025499999999999967 0.023440000000000016
7 0.653685 0.246095 0.02690999999999999 0.02342999999999998
7 0.6982999999999999 0.24512 0.025499999999999967 0.023440000000000016
7 0.609775 0.29785 0.02690999999999999 0.023440000000000016
7 0.61119 0.35009500000000005 0.026920000000000055 0.024409999999999987
7 0.6551 0.35009500000000005 0.026920000000000055 0.024409999999999987
7 0.699005 0.35009500000000005 0.02690999999999999 0.024409999999999987
7 0.609065 0.40283 0.025490000000000013 0.024419999999999997
7 0.6104799999999999 0.5083 0.025499999999999967 0.024420000000000053
7 0.609775 0.5620099999999999 0.02690999999999999 0.024419999999999997
7 0.6551 0.5629900000000001 0.026920000000000055 0.024419999999999997
7 0.700425 0.5620099999999999 0.02690999999999999 0.024419999999999997
7 0.61119 0.615725 0.026920000000000055 0.024410000000000043
7 0.6119 0.72705 0.025500000000000078 0.024419999999999997
7 0.657225 0.787595 0.0254899999999999 0.024409999999999932
7 0.70255 0.787595 0.025500000000000078 0.024409999999999932
7 0.656515 0.8515600000000001 0.029750000000000054 0.029299999999999993
7 0.7046749999999999 0.850585 0.029750000000000054 0.029290000000000038
7 0.8739399999999999 0.67676 0.022660000000000013 0.023440000000000016
7 0.918555 0.67676 0.024070000000000036 0.023440000000000016
7 0.8760600000000001 0.73047 0.02407999999999999 0.023440000000000016
7 0.87677 0.791015 0.022660000000000013 0.023430000000000062
7 0.922095 0.78955 0.022669999999999968 0.024419999999999997
7 0.91997 0.731445 0.02407999999999999 0.023430000000000062
7 0.8746499999999999 0.6254900000000001 0.02407999999999999 0.024419999999999997
7 0.915015 0.5737300000000001 0.022669999999999968 0.024419999999999997
7 0.8696900000000001 0.32128999999999996 0.022660000000000013 0.02343999999999996
7 0.8689800000000001 0.27051000000000003 0.02407999999999999 0.02343999999999996
7 0.86756 0.11718999999999999 0.0240800000000001 0.023440000000000003
7 0.9100600000000001 0.11718999999999999 0.02407999999999999 0.023440000000000003
7 0.9100600000000001 0.067383 0.02407999999999999 0.023438000000000007
7 0.86756 0.067871 0.0240800000000001 0.024413999999999998
7 0.86756 0.01855445 0.0240800000000001 0.023437100000000002
7 0.90864 0.01855445 0.0240800000000001 0.023437100000000002
7 0.100568 0.419435 0.031163999999999997 0.026370000000000005
7 0.19476 0.40283 0.03258 0.016600000000000004
7 0.0970265 0.47558500000000004 0.029746999999999996 0.023430000000000006
7 0.19051 0.640625 0.03258 0.013670000000000071
7 0.0949 0.64258 0.031159999999999993 0.005859999999999976
7 0.092777 0.715335 0.029745999999999995 0.026369999999999894
7 0.18980000000000002 0.7050799999999999 0.031159999999999993 0.011720000000000064
7 0.18838500000000002 0.7758799999999999 0.031170000000000003 0.01856000000000002
7 0.323655 0.848145 0.03257000000000004 0.02246999999999999
7 0.37605999999999995 0.77783 0.03258 0.022460000000000035
7 0.42705000000000004 0.773435 0.03258 0.013670000000000071
7 0.37605999999999995 0.712405 0.03258 0.026370000000000005
7 0.42847 0.71289 0.03258 0.02734000000000003
7 0.32648999999999995 0.641115 0.03258 0.01269000000000009
7 0.37605999999999995 0.638675 0.03258 0.007810000000000095
7 0.42776000000000003 0.63721 0.03116000000000002 0.0048800000000001065
7 0.32789999999999997 0.4668 0.03258 0.023440000000000016
7 0.42847 0.46631 0.03258 0.024419999999999997
7 0.32931999999999995 0.402835 0.03258 0.014650000000000052
7 0.378895 0.40283 0.03256999999999999 0.016600000000000004
7 0.42847 0.40088 0.03258 0.012699999999999989
7 0.38031000000000004 0.34131 0.03258 0.010739999999999972
7 0.53045 0.34131 0.03258000000000005 0.012700000000000045
7 0.48088 0.34375 0.03258 0.015619999999999967
7 0.33074000000000003 0.22802499999999998 0.03258 0.02051
7 0.38102 0.23046499999999998 0.03116000000000002 0.025389999999999996
7 0.42989 0.22900500000000001 0.03258 0.02051
7 0.5318700000000001 0.228515 0.03257999999999994 0.02149000000000001
7 0.697595 0.12793000000000002 0.02690999999999999 0.007820000000000008
7 0.609775 0.12891 0.02690999999999999 0.011719999999999994
7 0.61119 0.18457 0.026920000000000055 0.01171999999999998
7 0.65439 0.18555 0.025499999999999967 0.011720000000000008
7 0.699005 0.18506 0.02690999999999999 0.01074
7 0.653685 0.2876 0.02690999999999999 0.0048799999999999955
7 0.699005 0.392575 0.02690999999999999 0.003909999999999969
7 0.6551 0.4458 0.026920000000000055 0.004880000000000051
7 0.699005 0.44628999999999996 0.02690999999999999 0.007819999999999994
7 0.61119 0.447265 0.026920000000000055 0.009770000000000001
7 0.700425 0.500485 0.02690999999999999 0.00879000000000002
7 0.656515 0.49804499999999996 0.02690999999999999 0.003910000000000025
7 0.700425 0.60547 0.02690999999999999 0.005860000000000087
7 0.6551 0.6064499999999999 0.026920000000000055 0.005860000000000087
7 0.6551 0.65967 0.026920000000000055 0.006839999999999957
7 0.61119 0.6626000000000001 0.026920000000000055 0.012700000000000045
7 0.6551 0.71875 0.026920000000000055 0.009759999999999991
7 0.701845 0.7207049999999999 0.0269100000000001 0.01366999999999996
7 0.9171400000000001 0.617675 0.02407999999999999 0.010750000000000037
7 0.19193 0.586915 0.03258 0.025390000000000024
6 0.72309 0.8584 0.25354 0.01758000000000004
10 0.52833 0.120605 0.005659999999999998 0.0048900000000000055
10 0.48088 0.120605 0.007080000000000031 0.0048900000000000055
10 0.48158500000000004 0.11621000000000001 0.011330000000000007 0.0039000000000000007
10 0.529035 0.11621000000000001 0.012750000000000039 0.0039000000000000007
11 0.074364 0.9292 0.08357200000000001 0.03417999999999999
11 0.43413499999999994 0.9174800000000001 0.16004999999999997 0.05565999999999993
11 0.7415 0.902345 0.28470000000000006 0.06445000000000001
3 0.427765 0.956055 0.03683000000000003 0.04296999999999995
3 0.724505 0.9458 0.038250000000000006 0.04590000000000005
2 0.37606 0.946285 0.041080000000000005 0.025390000000000024
2 0.47592 0.946775 0.03966000000000003 0.026370000000000005
2 0.6466000000000001 0.9394499999999999 0.09205999999999992 0.029299999999999993
2 0.802405 0.9379900000000001 0.09206999999999999 0.028320000000000012
