1 0.502929 0.50000235 0.902342 0.9947553
2 0.125 0.21063 0.03710000000000001 0.09842000000000001
2 0.12793 0.41469500000000004 0.037099999999999994 0.10761000000000004
2 0.12793 0.617455 0.037099999999999994 0.10892999999999997
2 0.23828500000000002 0.21653500000000003 0.037110000000000004 0.09973000000000001
2 0.287105 0.21785 0.037109999999999976 0.09974000000000002
2 0.389645 0.21785 0.03711000000000003 0.09974000000000002
2 0.438475 0.21916 0.037109999999999976 0.09974
2 0.546875 0.21719 0.037109999999999976 0.09842000000000004
2 0.5966750000000001 0.21719 0.03711000000000009 0.09842000000000004
2 0.702145 0.21719 0.037109999999999976 0.09842000000000004
2 0.753905 0.21653500000000003 0.03711000000000009 0.09973000000000001
2 0.870605 0.21653500000000003 0.04003000000000001 0.09973000000000001
2 0.23779499999999998 0.417325 0.03612999999999997 0.10760999999999998
2 0.23828500000000002 0.62008 0.037110000000000004 0.10892000000000002
2 0.28613 0.417325 0.03515999999999997 0.10760999999999998
2 0.28662 0.62139 0.036140000000000005 0.1089199999999999
2 0.390625 0.417325 0.035150000000000015 0.10760999999999998
2 0.39209000000000005 0.62139 0.036140000000000005 0.1089199999999999
2 0.439945 0.62139 0.036129999999999995 0.1089199999999999
2 0.546385 0.62139 0.036129999999999995 0.1089199999999999
2 0.59619 0.624015 0.03614000000000006 0.10892999999999997
2 0.703615 0.624015 0.036129999999999995 0.10892999999999997
2 0.752445 0.6227050000000001 0.036129999999999995 0.10893000000000008
2 0.438965 0.41798 0.036129999999999995 0.10892000000000002
2 0.8706050000000001 0.62139 0.03809000000000007 0.1089199999999999
2 0.547365 0.418635 0.036129999999999995 0.10761000000000004
2 0.59668 0.41667 0.03516000000000008 0.1063
2 0.7041 0.419945 0.03515999999999997 0.10760999999999998
2 0.75293 0.417325 0.03516000000000008 0.10760999999999998
2 0.8710899999999999 0.41667 0.039059999999999984 0.1063
2 0.263675 0.8352999999999999 0.05468999999999999 0.13254
2 0.49853500000000006 0.837925 0.04199000000000003 0.13517
2 0.570805 0.84121 0.053709999999999924 0.13647999999999993
2 0.726075 0.83858 0.053710000000000035 0.13647999999999993
2 0.86719 0.841865 0.056640000000000024 0.13517
3 0.37842 0.88583 0.06348000000000004 0.22571999999999992
3 0.1293955 0.88517 0.083009 0.22704000000000002
4 0.129882 0.35170500000000005 0.080076 0.05248999999999998
4 0.265135 0.35367499999999996 0.12207000000000001 0.05119000000000001
4 0.416995 0.356955 0.12695 0.05510999999999999
4 0.574705 0.355645 0.12793 0.05248999999999998
4 0.7290049999999999 0.356955 0.12597000000000003 0.05510999999999999
4 0.8745099999999999 0.35302 0.08692 0.05249999999999999
4 0.129884 0.536745 0.08789200000000001 0.07086999999999999
4 0.26709 0.53806 0.12401999999999999 0.07611999999999997
4 0.41846 0.538715 0.12988 0.07480999999999993
4 0.57324 0.54068 0.13671999999999995 0.07612000000000008
4 0.7285200000000001 0.5426500000000001 0.13672000000000006 0.07741999999999993
4 0.874025 0.54068 0.09375 0.06823999999999997
5 0.1284165 0.68832 0.07128700000000002 0.043300000000000005
5 0.263185 0.691605 0.12207000000000001 0.039370000000000016
5 0.417485 0.6948799999999999 0.12207000000000001 0.04067999999999994
5 0.57178 0.696195 0.12402000000000002 0.04330999999999996
5 0.728515 0.69882 0.12109000000000003 0.043300000000000005
5 0.8730450000000001 0.6961949999999999 0.07226999999999995 0.040690000000000004
5 0.1289085 0.47835 0.074223 0.02756000000000003
5 0.26514 0.48294000000000004 0.12011999999999998 0.03150000000000003
5 0.41553 0.48425 0.12597999999999998 0.03149999999999997
5 0.574705 0.483595 0.12207000000000001 0.030189999999999995
5 0.7290049999999999 0.48622 0.12402999999999997 0.03018000000000004
5 0.87158 0.485565 0.08106000000000002 0.03149000000000002
9 0.5043955 0.093833 0.8955090000000001 0.09055400000000001
9 0.503907 0.31037000000000003 0.896486 0.03018000000000004
9 0.500487 0.7001299999999999 0.8955059999999999 0.07218000000000002
10 0.200195 0.22571999999999998 0.013669999999999988 0.14697999999999997
10 0.160155 0.22572 0.013669999999999988 0.14436
10 0.0952135 0.22441 0.012692999999999996 0.14698
10 0.31640500000000005 0.230315 0.013670000000000015 0.14566999999999997
10 0.362305 0.22965999999999998 0.013670000000000015 0.14697999999999997
10 0.211425 0.22638 0.00879000000000002 0.14304
10 0.47070500000000004 0.22965999999999998 0.013670000000000015 0.14697999999999997
10 0.517575 0.230315 0.013670000000000071 0.14566999999999997
10 0.6269549999999999 0.23097 0.01366999999999996 0.14698
10 0.672855 0.23097 0.013670000000000071 0.14698
10 0.798825 0.22835 0.013670000000000071 0.14698
10 0.839845 0.22965999999999998 0.01366999999999996 0.14697999999999997
10 0.9042950000000001 0.22900500000000001 0.01366999999999996 0.14567
10 0.78467 0.230315 0.012699999999999934 0.14829
10 0.946285 0.22900500000000001 0.01366999999999996 0.14567
10 0.94629 0.145015 0.015619999999999967 0.022309999999999997
10 0.9082 0.145015 0.023439999999999905 0.022309999999999997
10 0.84131 0.143705 0.022459999999999924 0.022309999999999997
10 0.80029 0.143705 0.022460000000000035 0.022309999999999997
10 0.7817350000000001 0.143705 0.01464999999999994 0.022309999999999997
10 0.67578 0.145015 0.023440000000000016 0.022309999999999997
10 0.628415 0.146325 0.020509999999999917 0.022309999999999997
10 0.519045 0.14567000000000002 0.020510000000000028 0.023620000000000002
10 0.47119500000000003 0.143045 0.020509999999999973 0.023629999999999984
10 0.362795 0.14436 0.020509999999999973 0.023620000000000002
10 0.319335 0.14567000000000002 0.02149000000000001 0.023620000000000002
10 0.19970500000000002 0.14042 0.02051 0.023620000000000002
10 0.15918 0.14042 0.02148 0.023620000000000002
10 0.21338000000000001 0.143045 0.012700000000000017 0.02099000000000001
6 0.1289045 0.28018 0.058591000000000004 0.040679999999999994
6 0.26416 0.28281 0.10253999999999999 0.040679999999999994
6 0.416505 0.28412000000000004 0.10449000000000003 0.040679999999999994
6 0.57178 0.284775 0.10253999999999996 0.039370000000000016
6 0.7348650000000001 0.28412000000000004 0.11817 0.040679999999999994
6 0.873535 0.28346499999999997 0.061529999999999974 0.04199000000000003
