2 0.48633 0.350095 0.024739999999999984 0.08301000000000003
2 0.48828 0.473635 0.02083999999999997 0.07616999999999996
2 0.58073 0.33594 0.10155999999999998 0.0625
2 0.58073 0.46386499999999997 0.10155999999999998 0.06444999999999995
2 0.58138 0.59082 0.10026000000000002 0.06835999999999998
2 0.58138 0.716305 0.10026000000000002 0.06542999999999999
2 0.489585 0.5981449999999999 0.020830000000000015 0.07324999999999993
2 0.48958 0.7167950000000001 0.02343999999999996 0.07812999999999992
2 0.49739500000000003 0.84277 0.02082999999999996 0.06835999999999998
2 0.5729150000000001 0.842285 0.07030999999999998 0.06738999999999995
2 0.74219 0.838865 0.125 0.07813000000000003
2 0.7415400000000001 0.71973 0.12629999999999997 0.08007999999999993
2 0.740885 0.60156 0.12761 0.08007999999999993
2 0.741535 0.361815 0.12890999999999997 0.07518999999999998
2 0.74219 0.48096000000000005 0.12759999999999994 0.0791
2 0.427085 0.84326 0.04427000000000003 0.06738
3 0.427085 0.953125 0.04427000000000003 0.0644499999999999
1 0.51107 0.583495 0.66016 0.8056700000000001
2 0.57943 0.233885 0.06509999999999994 0.03223000000000001
3 0.2806 0.90332 0.07162000000000002 0.12695999999999996
2 0.27864500000000003 0.7456050000000001 0.09115000000000001 0.05957000000000001
2 0.27995 0.63574 0.09113999999999997 0.056640000000000024
2 0.365235 0.61377 0.01693 0.05176000000000003
2 0.363935 0.730955 0.01693 0.05567
2 0.2806 0.519045 0.09244 0.04198999999999997
2 0.36328499999999997 0.495605 0.018230000000000024 0.04785000000000006
2 0.27995 0.39795 0.09113999999999997 0.026359999999999995
2 0.363935 0.375485 0.019529999999999992 0.04198999999999997
2 0.122395 0.44433500000000004 0.033850000000000005 0.058589999999999975
2 0.0690105 0.44433500000000004 0.033855 0.058589999999999975
2 0.122395 0.5546850000000001 0.033850000000000005 0.06054999999999999
2 0.12109500000000001 0.6709 0.033850000000000005 0.0663999999999999
3 0.74349 0.951175 0.03386 0.05858999999999992
2 0.74284 0.9150400000000001 0.12370000000000003 0.013680000000000025
2 0.7819050000000001 0.945805 0.042970000000000064 0.04784999999999995
2 0.703775 0.94629 0.042970000000000064 0.04688000000000003
2 0.09505 0.38281 0.05208 0.011720000000000008
4 0.124999 0.62061 0.07812200000000001 0.0341800000000001
4 0.098305 0.5004850000000001 0.13411 0.04199000000000003
4 0.125002 0.40429499999999996 0.057296000000000014 0.015629999999999977
4 0.0696615 0.40429499999999996 0.050781 0.015629999999999977
4 0.58138 0.27441499999999996 0.14192000000000005 0.05468999999999996
4 0.5833349999999999 0.533205 0.13280999999999998 0.025390000000000024
4 0.48827999999999994 0.547365 0.041659999999999975 0.036129999999999995
4 0.740885 0.539065 0.14583000000000002 0.019530000000000047
4 0.58333 0.6543000000000001 0.08854000000000006 0.03320000000000001
4 0.490235 0.66553 0.027349999999999985 0.022460000000000035
4 0.742185 0.660645 0.14322999999999997 0.016610000000000014
4 0.48698 0.2959 0.03646000000000005 0.04688000000000003
5 0.58073 0.373535 0.11458000000000002 0.016610000000000014
5 0.7415400000000001 0.40429499999999996 0.13932 0.013670000000000015
5 0.58073 0.50293 0.11458000000000002 0.019540000000000057
5 0.48828499999999997 0.51416 0.031249999999999944 0.02636000000000005
5 0.48828000000000005 0.38672 0.03386000000000006 0.03320000000000001
5 0.58268 0.62793 0.11328000000000005 0.009759999999999991
5 0.48763 0.634765 0.035160000000000025 0.019530000000000047
5 0.58073 0.750975 0.11197999999999997 0.009769999999999945
5 0.48763 0.756345 0.03255999999999998 0.01464999999999994
5 0.74349 0.762205 0.14322000000000001 0.008789999999999965
5 0.74154 0.64453 0.13671999999999995 0.009759999999999991
5 0.097658 0.59326 0.125004 0.01855999999999991
6 0.122394 0.717285 0.07291199999999999 0.028330000000000077
6 0.295575 0.768065 0.16927 0.03808999999999996
6 0.29752500000000004 0.64453 0.16797 0.04491999999999996
6 0.295575 0.52539 0.16927 0.04491999999999996
6 0.295575 0.40332 0.16927 0.044920000000000015
8 0.430335 0.48828499999999997 0.029949999999999977 0.07617000000000002
8 0.146485 0.382815 0.01693 0.013670000000000015
8 0.0429685 0.38183500000000004 0.015625 0.013670000000000015
9 0.51302 0.779785 0.65364 0.030269999999999908
9 0.51172 0.6162099999999999 0.65364 0.021480000000000055
9 0.509115 0.89893 0.6536500000000001 0.022459999999999924
10 0.094401 0.558595 0.011718000000000006 0.04687000000000008
10 0.0944 0.583985 0.01432 0.003909999999999969
10 0.095704 0.52832 0.019531999999999994 0.011719999999999953
