1 0.2615375 0.49215215 0.41318499999999997 0.9753357
1 0.732965 0.4865461 0.49011 0.9686078
2 0.264835 0.059417 0.05495000000000003 0.05605399999999999
2 0.73077 0.134525 0.04176000000000002 0.03138999999999999
2 0.77912 0.13228499999999999 0.04176000000000002 0.03139
2 0.146155 0.16704 0.05495000000000001 0.07848
2 0.262635 0.16704 0.05494999999999997 0.07848
2 0.37912 0.16704 0.05493999999999999 0.07848
2 0.14176 0.308295 0.05493999999999999 0.07846999999999998
2 0.262635 0.30605499999999997 0.05494999999999997 0.07846999999999998
2 0.37692499999999995 0.308295 0.05495 0.07846999999999998
2 0.13956000000000002 0.44955 0.05494000000000002 0.07848
2 0.26044 0.449555 0.05493999999999999 0.07399
2 0.37692499999999995 0.44843 0.05495 0.07174000000000003
2 0.13956000000000002 0.588565 0.05494000000000002 0.07399
2 0.26044 0.587445 0.05493999999999999 0.07174999999999998
2 0.374725 0.586325 0.05495 0.07399
2 0.373625 0.723095 0.05275000000000002 0.06951000000000007
2 0.138465 0.7253350000000001 0.05274999999999999 0.06951000000000007
2 0.25934 0.724215 0.05274000000000001 0.07175000000000009
2 0.856045 0.35089499999999996 0.032970000000000055 0.05604999999999999
2 0.897805 0.349775 0.032970000000000055 0.053810000000000024
2 0.932965 0.349775 0.032970000000000055 0.053810000000000024
2 0.662635 0.34753500000000004 0.032969999999999944 0.05380999999999997
2 0.6208800000000001 0.345295 0.03295999999999999 0.05380999999999997
2 0.6 0.21861 0.05713999999999997 0.06502000000000002
2 0.71868 0.22197 0.05713999999999997 0.06277999999999997
2 0.83956 0.22197 0.05713999999999997 0.06277999999999997
2 0.5714250000000001 0.48879 0.030770000000000075 0.06725999999999999
2 0.610985 0.48990999999999996 0.030769999999999964 0.06502000000000002
2 0.7879149999999999 0.49102999999999997 0.032970000000000055 0.06278
2 0.826375 0.48990999999999996 0.030769999999999964 0.06053999999999998
2 0.872525 0.48990999999999996 0.030769999999999964 0.06053999999999998
2 0.9098900000000001 0.48990999999999996 0.03076000000000001 0.06053999999999998
2 0.5714250000000001 0.631165 0.030770000000000075 0.056050000000000044
2 0.610985 0.630045 0.030769999999999964 0.053810000000000024
2 0.7857149999999999 0.62892 0.032970000000000055 0.06054000000000004
2 0.824175 0.62892 0.030769999999999964 0.06054000000000004
2 0.8714299999999999 0.6278 0.03295999999999999 0.06278000000000006
2 0.90879 0.6278 0.03295999999999999 0.06278000000000006
2 0.5692349999999999 0.76233 0.030770000000000075 0.05829999999999991
2 0.607695 0.76233 0.032969999999999944 0.05829999999999991
2 0.7197800000000001 0.76233 0.03295999999999999 0.05829999999999991
2 0.7593399999999999 0.76233 0.03295999999999999 0.05829999999999991
2 0.867035 0.76009 0.032969999999999944 0.05830000000000002
2 0.9098900000000001 0.76233 0.03076000000000001 0.05829999999999991
4 0.58681 0.441705 0.10110000000000008 0.031389999999999973
4 0.584615 0.586325 0.1010899999999999 0.03363000000000005
4 0.58681 0.714125 0.10110000000000008 0.03363000000000005
4 0.73956 0.717485 0.09889999999999999 0.03139000000000003
4 0.88571 0.71861 0.10109999999999997 0.03364
4 0.841755 0.5840799999999999 0.20658999999999994 0.03364
4 0.841755 0.442825 0.20658999999999994 0.03362999999999999
4 0.74176 0.10762150000000001 0.16044000000000003 0.022417000000000006
5 0.584615 0.662555 0.1010899999999999 0.015689999999999982
5 0.58681 0.7993300000000001 0.0966999999999999 0.020179999999999976
5 0.734065 0.79484 0.09670999999999996 0.020180000000000087
5 0.885715 0.79484 0.09670999999999996 0.020180000000000087
5 0.376925 0.348655 0.06813000000000002 0.015689999999999982
5 0.263735 0.347535 0.06593000000000002 0.01793
5 0.14066 0.347535 0.06594000000000001 0.01793
5 0.13846 0.48767000000000005 0.06594 0.015699999999999992
5 0.26154 0.48990999999999996 0.06594 0.015699999999999992
5 0.374725 0.48767000000000005 0.06812999999999997 0.015699999999999992
5 0.373625 0.62444 0.06592999999999999 0.015700000000000047
5 0.25934 0.62668 0.06594000000000003 0.015700000000000047
5 0.14066 0.631165 0.06594000000000001 0.015689999999999982
5 0.26154 0.0863225 0.06594 0.015695
7 0.10109699999999999 0.16592 0.030766 0.08071999999999999
7 0.18571500000000002 0.16704 0.028570000000000012 0.07848
7 0.21978 0.16704 0.03076000000000001 0.07848
7 0.302195 0.16815999999999998 0.028569999999999984 0.07624
7 0.335165 0.16704 0.028569999999999984 0.07848
7 0.41978 0.16815999999999998 0.03076000000000001 0.07624
7 0.418685 0.30605499999999997 0.02857000000000004 0.07846999999999998
7 0.335165 0.307175 0.028569999999999984 0.07622999999999996
7 0.302195 0.30605499999999997 0.028569999999999984 0.07846999999999998
7 0.21648499999999998 0.308295 0.028570000000000012 0.07846999999999998
7 0.182415 0.30605499999999997 0.030769999999999992 0.07846999999999998
7 0.0967045 0.307175 0.030770999999999993 0.07622999999999996
7 0.09450549999999999 0.44843 0.030769000000000005 0.07623999999999997
7 0.181315 0.44955 0.028569999999999984 0.07848
7 0.21648499999999998 0.44955 0.028570000000000012 0.07848
7 0.30000000000000004 0.44955 0.028579999999999994 0.07848
7 0.334065 0.451795 0.030769999999999964 0.07847000000000004
7 0.418685 0.44955 0.02857000000000004 0.07848
7 0.0934055 0.588565 0.028568999999999997 0.07847000000000004
7 0.17912499999999998 0.589685 0.028570000000000012 0.07623000000000002
7 0.213185 0.588565 0.030769999999999992 0.07847000000000004
7 0.2989 0.587445 0.02637999999999996 0.07623000000000002
7 0.331865 0.588565 0.026370000000000005 0.07847000000000004
7 0.417585 0.586325 0.026370000000000005 0.07847000000000004
7 0.09450549999999999 0.723095 0.030769000000000005 0.06951000000000007
7 0.17912499999999998 0.723095 0.028570000000000012 0.06951000000000007
7 0.212085 0.7253350000000001 0.028569999999999984 0.06951000000000007
7 0.2989 0.721975 0.02198 0.07174999999999998
7 0.33077 0.721975 0.02417999999999998 0.07174999999999998
7 0.414285 0.724215 0.024170000000000025 0.07175000000000009
7 0.554945 0.21749 0.028569999999999984 0.06278
7 0.64066 0.21749 0.02418000000000009 0.06278
7 0.675825 0.21972999999999998 0.024170000000000025 0.06725999999999999
7 0.76154 0.21972999999999998 0.02418000000000009 0.06725999999999999
7 0.794505 0.223095 0.024170000000000025 0.06503
7 0.88132 0.223095 0.02638000000000007 0.06503
7 0.642855 0.48767 0.028569999999999984 0.06501999999999997
7 0.535165 0.48767 0.032969999999999944 0.06501999999999997
7 0.746155 0.48990999999999996 0.032969999999999944 0.06502000000000002
7 0.941755 0.48990999999999996 0.032969999999999944 0.06502000000000002
7 0.943955 0.62892 0.032969999999999944 0.06054000000000004
7 0.7439549999999999 0.6278 0.037370000000000014 0.06278000000000006
7 0.643955 0.630045 0.035170000000000035 0.058290000000000064
7 0.53077 0.630045 0.03295999999999999 0.058290000000000064
7 0.52747 0.76345 0.03956000000000004 0.06501999999999997
7 0.643955 0.76233 0.035170000000000035 0.05829999999999991
7 0.67912 0.76233 0.03515999999999997 0.05829999999999991
7 0.79121 0.76009 0.03515999999999997 0.05830000000000002
7 0.8274699999999999 0.76009 0.03735999999999995 0.05830000000000002
7 0.94066 0.75785 0.03515999999999997 0.05830000000000002
8 0.81209 0.339685 0.02417999999999998 0.05604999999999999
8 0.713185 0.338565 0.024170000000000025 0.05829000000000001
8 0.56813 0.33296 0.02417999999999998 0.05606
9 0.25934050000000003 0.7836350000000001 0.39999900000000005 0.056050000000000044
9 0.7351650000000001 0.30605499999999997 0.48131 0.03811000000000003
9 0.73736 0.38117 0.47692 0.022419999999999995
9 0.7351650000000001 0.526905 0.48131 0.01793
9 0.731865 0.81054 0.45275 0.015699999999999936
9 0.73297 0.17713 0.47692 0.035879999999999995
6 0.74066 0.0448428 0.46594 0.07174839999999999
11 0.253845 0.78251 0.16923 0.026900000000000035
11 0.195605 0.9148000000000001 0.03516999999999998 0.08520000000000005
11 0.31428500000000004 0.91256 0.03516999999999998 0.08520000000000005
11 0.43296999999999997 0.8923749999999999 0.039559999999999984 0.049329999999999985
11 0.0747255 0.89462 0.035165 0.04932000000000003
11 0.075824 0.85762 0.019779999999999992 0.020179999999999976
11 0.19890000000000002 0.85762 0.019779999999999992 0.020179999999999976
11 0.31758 0.8565 0.019779999999999964 0.017939999999999956
11 0.13956000000000002 0.9035899999999999 0.07252 0.12556
11 0.268135 0.90247 0.05274999999999999 0.1277999999999999
11 0.375825 0.90247 0.07033 0.1277999999999999
