1 0.503367 0.50341795 0.993266 0.9931641
2 0.19360049999999998 0.0893545 0.232319 0.036130999999999996
2 0.5067349999999999 0.0893545 0.23233000000000004 0.036130999999999996
2 0.8266 0.089843 0.23232000000000008 0.035154000000000005
2 0.824915 0.14745999999999998 0.22895 0.03516
2 0.5101 0.14599499999999999 0.23232000000000003 0.03613000000000002
2 0.190237 0.146975 0.232326 0.036129999999999995
2 0.19360049999999998 0.19824 0.232319 0.027339999999999975
2 0.5101 0.19824 0.23232000000000003 0.027339999999999975
2 0.8299650000000001 0.19922 0.23233000000000004 0.027340000000000003
2 0.8468 0.257815 0.23232000000000008 0.04296999999999998
2 0.846805 0.31787 0.22558999999999996 0.04004000000000002
2 0.846805 0.37744 0.22558999999999996 0.040039999999999965
2 0.8501650000000001 0.43701 0.22559000000000007 0.040039999999999965
2 0.846805 0.49560499999999996 0.22558999999999996 0.040029999999999955
2 0.846805 0.55322 0.22558999999999996 0.040039999999999965
2 0.846805 0.61279 0.22558999999999996 0.040039999999999965
2 0.8434349999999999 0.6713899999999999 0.22559000000000007 0.040039999999999965
2 0.835015 0.72705 0.22895 0.040039999999999965
2 0.8400650000000001 0.78662 0.22559000000000007 0.040040000000000076
2 0.1296295 0.25391 0.077441 0.03906000000000001
2 0.29125 0.25439500000000004 0.07744000000000001 0.03809000000000001
2 0.449495 0.25537 0.07744999999999996 0.038079999999999975
2 0.61448 0.25537 0.07743999999999995 0.038079999999999975
2 0.132998 0.31201 0.07744400000000001 0.03808
2 0.29125 0.31201 0.07744000000000001 0.03808
2 0.45286000000000004 0.3125 0.07744000000000001 0.039059999999999984
2 0.61448 0.31299 0.07743999999999995 0.03808
2 0.132998 0.37060499999999996 0.07744400000000001 0.03809000000000001
2 0.29125 0.37158 0.07744000000000001 0.03808
2 0.45286000000000004 0.37060499999999996 0.07744000000000001 0.03809000000000001
2 0.61448 0.37158 0.07743999999999995 0.03808
2 0.61448 0.43115499999999995 0.07743999999999995 0.03809000000000001
2 0.45286000000000004 0.43164 0.07744000000000001 0.03906000000000004
2 0.29461000000000004 0.43066499999999996 0.07744000000000001 0.039069999999999994
2 0.132998 0.42969 0.07744400000000001 0.039059999999999984
2 0.1296295 0.48828 0.077441 0.039059999999999984
2 0.29461000000000004 0.49072499999999997 0.07744000000000001 0.03808999999999996
2 0.45623 0.49072499999999997 0.07744000000000001 0.03808999999999996
2 0.61111 0.49219 0.07744000000000006 0.03905999999999993
2 0.61448 0.549805 0.07743999999999995 0.03906999999999994
2 0.45286000000000004 0.549315 0.07744000000000001 0.03808999999999996
2 0.29125 0.5488299999999999 0.07744000000000001 0.039059999999999984
2 0.132998 0.54785 0.07744400000000001 0.039059999999999984
2 0.1363615 0.6074200000000001 0.07743700000000002 0.039059999999999984
2 0.29461000000000004 0.60791 0.07744000000000001 0.03808
2 0.45623 0.609375 0.07744000000000001 0.03906999999999994
2 0.617845 0.6084 0.07745000000000002 0.039059999999999984
2 0.61448 0.6674800000000001 0.07743999999999995 0.03808
2 0.45623 0.6674800000000001 0.07744000000000001 0.03808
2 0.29125 0.666015 0.07744000000000001 0.03906999999999994
2 0.1363615 0.665525 0.07743700000000002 0.03808999999999996
2 0.1363615 0.7231449999999999 0.07743700000000002 0.03809000000000007
2 0.29461000000000004 0.7241200000000001 0.07744000000000001 0.03808
2 0.45286000000000004 0.725095 0.07744000000000001 0.03809000000000007
2 0.60774 0.7255849999999999 0.07744000000000006 0.03907000000000005
2 0.61448 0.7832 0.07743999999999995 0.039060000000000095
2 0.45286000000000004 0.782715 0.07744000000000001 0.03809000000000007
2 0.29798 0.78223 0.07744000000000001 0.039059999999999984
2 0.1363615 0.78125 0.07743700000000002 0.039060000000000095
2 0.21549 0.842775 0.22896 0.0410100000000001
2 0.21549 0.8950199999999999 0.22896 0.040039999999999965
5 0.19865549999999998 0.11719 0.242429 0.015619999999999995
5 0.5117849999999999 0.11621000000000001 0.24243000000000003 0.015620000000000009
5 0.83165 0.11719 0.24242000000000008 0.015619999999999995
5 0.83165 0.17382999999999998 0.24242000000000008 0.015619999999999995
5 0.51515 0.17285 0.24242000000000002 0.015619999999999995
5 0.195287 0.17285 0.242426 0.015619999999999995
8 0.51347 0.0571285 0.05049999999999999 0.026367
8 0.8299650000000001 0.05859350000000001 0.050509999999999944 0.025391000000000004
8 0.19865 0.0595705 0.04713999999999999 0.025390999999999997
9 0.5100995 0.22314499999999998 0.9730610000000001 0.022470000000000018
9 0.503369 0.038086049999999996 0.979802 0.0585939
9 0.506736 0.8125 0.9730679999999999 0.023439999999999905
10 0.053871999999999996 0.901365 0.06734 0.14063000000000003
10 0.37542 0.90332 0.05724000000000001 0.14061999999999997
10 0.36363999999999996 0.1381845 0.047140000000000015 0.139651
10 0.038720500000000005 0.13622800000000002 0.050505 0.139644
10 0.68182 0.1372065 0.05049999999999999 0.139647
10 0.9882150000000001 0.1376945 0.02356999999999998 0.138671
10 0.040404 0.20947 0.06060600000000001 0.006839999999999985
10 0.361955 0.21045 0.06397000000000003 0.006840000000000013
10 0.6835 0.20995999999999998 0.06059999999999999 0.005860000000000004
10 0.9831650000000001 0.21045 0.03366999999999998 0.006840000000000013
10 0.0572405 0.9799800000000001 0.094279 0.01660000000000006
10 0.37373500000000004 0.981445 0.07407000000000002 0.015630000000000033
10 0.055555499999999994 0.82617 0.084175 0.009759999999999991
10 0.37878999999999996 0.827635 0.07744000000000001 0.008790000000000076
10 0.67845 0.052734500000000004 0.07069999999999999 0.029296999999999997
10 0.98148 0.053222500000000006 0.03703999999999996 0.030273
10 0.36027 0.054199 0.08080000000000004 0.028320000000000005
10 0.0488215 0.053711 0.077441 0.02539000000000001
11 0.21717 0.96289 0.21886 0.06835999999999998
11 0.525255 0.96387 0.21549000000000001 0.06835999999999998
11 0.829965 0.96387 0.21885 0.06835999999999998
