11 0.39944749999999996 0.49682365 0.728785 0.9851727
2 0.58487 0.181145 0.05166000000000004 0.10381000000000001
2 0.52306 0.179025 0.049819999999999975 0.10380999999999999
2 0.26844999999999997 0.195975 0.04243999999999998 0.09111
2 0.3238 0.19809 0.04243999999999998 0.09109999999999999
2 0.22877999999999998 0.43856 0.08118 0.12287999999999999
2 0.5562750000000001 0.42903 0.08303000000000005 0.125
2 0.20203 0.70657 0.16052 0.15890000000000004
2 0.84594 0.76801 0.031360000000000054 0.12075999999999998
2 0.465865 0.707625 0.06089 0.16525
2 0.536905 0.707625 0.06273000000000006 0.16525
2 0.60978 0.7097450000000001 0.060880000000000045 0.16525
6 0.3634675 0.53496 0.6494449999999999 0.125
7 0.16605 0.43856 0.044279999999999986 0.12287999999999999
7 0.29151 0.44279999999999997 0.044279999999999986 0.12288000000000004
7 0.49077499999999996 0.432205 0.04797000000000001 0.13559
7 0.621775 0.434325 0.04796999999999996 0.13559
7 0.465865 0.6928000000000001 0.05351 0.12712
7 0.5359799999999999 0.68962 0.05349999999999999 0.125
9 0.409593 0.282835 0.697414 0.11229
9 0.39668 0.57309 0.69742 0.03601999999999994
