2 0.26302 0.29346 0.04166 0.06152000000000002
2 0.351565 0.29346 0.041669999999999985 0.06152000000000002
2 0.26237 0.426755 0.040360000000000035 0.06445000000000001
2 0.35026 0.426755 0.041659999999999975 0.06445000000000001
4 0.26237 0.24511500000000003 0.08723999999999998 0.037110000000000004
4 0.353515 0.244145 0.08985000000000004 0.037109999999999976
4 0.26107 0.378415 0.08463999999999999 0.03222999999999998
4 0.352865 0.378905 0.08073000000000002 0.03320999999999996
4 0.453775 0.24560500000000002 0.08984999999999999 0.04003000000000001
4 0.54427 0.24511500000000003 0.08853999999999995 0.037110000000000004
4 0.452475 0.37842 0.08462999999999998 0.03417999999999999
4 0.54297 0.37842 0.08594000000000002 0.03417999999999999
2 0.45116999999999996 0.29346 0.04036000000000001 0.06152000000000002
2 0.540365 0.29395 0.03906999999999994 0.0625
2 0.45182500000000003 0.42627 0.04167000000000004 0.06347999999999998
2 0.541015 0.42676 0.04037000000000002 0.0625
2 0.640625 0.29346 0.041670000000000096 0.06152000000000002
2 0.72982 0.29297 0.04035999999999995 0.06054000000000004
2 0.639975 0.42578 0.042970000000000064 0.0625
2 0.73047 0.42578 0.039059999999999984 0.0625
4 0.64453 0.24511500000000003 0.09114 0.037110000000000004
4 0.73763 0.244145 0.08983999999999992 0.037109999999999976
4 0.641275 0.37842 0.08984999999999999 0.03417999999999999
4 0.733725 0.37842 0.08984999999999999 0.03417999999999999
4 0.640625 0.51367 0.08593000000000006 0.04687999999999998
4 0.73242 0.51416 0.08723999999999998 0.04785999999999996
2 0.639975 0.5605450000000001 0.042970000000000064 0.06445000000000001
2 0.73112 0.5605450000000001 0.04035999999999995 0.06445000000000001
2 0.640625 0.6977549999999999 0.041670000000000096 0.06347000000000003
2 0.73177 0.698245 0.04166000000000003 0.06445000000000001
2 0.451175 0.5488299999999999 0.04297000000000001 0.041019999999999945
2 0.540365 0.549315 0.041669999999999985 0.04198999999999997
2 0.452475 0.68994 0.04037000000000002 0.049800000000000066
2 0.541015 0.69092 0.04037000000000002 0.049800000000000066
2 0.261065 0.5605450000000001 0.042970000000000036 0.06445000000000001
2 0.351565 0.5605450000000001 0.041669999999999985 0.06445000000000001
2 0.26302 0.697265 0.04166 0.06445000000000001
2 0.351565 0.69678 0.041669999999999985 0.06347999999999998
2 0.26237 0.832515 0.040360000000000035 0.0654300000000001
2 0.352215 0.83203 0.04037000000000002 0.06640000000000001
2 0.45182 0.833005 0.039059999999999984 0.06445000000000001
2 0.541015 0.83203 0.04037000000000002 0.06446000000000007
2 0.639975 0.83203 0.04037000000000002 0.06640000000000001
2 0.73177 0.83545 0.04166000000000003 0.040039999999999965
3 0.73177 0.93164 0.05730000000000002 0.08984000000000003
4 0.26172 0.51367 0.08334 0.04687999999999998
4 0.352865 0.51367 0.08333000000000002 0.04687999999999998
1 0.498695 0.56152 0.59375 0.86328
2 0.14323 0.304685 0.041660000000000016 0.06054999999999999
2 0.0651045 0.30371000000000004 0.041667 0.06053999999999998
2 0.14453 0.422365 0.04166 0.036129999999999995
2 0.0657555 0.421385 0.040365 0.036129999999999995
2 0.14453 0.561035 0.04166 0.043950000000000045
2 0.14518 0.69971 0.04036000000000001 0.05175999999999992
2 0.727215 0.14941500000000002 0.040369999999999906 0.025389999999999996
2 0.6354150000000001 0.14941500000000002 0.041669999999999985 0.025389999999999996
2 0.535805 0.150395 0.04037000000000002 0.025390000000000024
2 0.44922 0.149905 0.04166000000000003 0.024410000000000015
2 0.348955 0.150395 0.041669999999999985 0.025390000000000024
3 0.45182500000000003 0.948735 0.03384999999999999 0.053709999999999924
2 0.8743449999999999 0.29053 0.042970000000000064 0.06738
2 0.93099 0.29053 0.04166000000000003 0.06738
2 0.902345 0.42383000000000004 0.041669999999999985 0.07422000000000001
2 0.86328 0.42334000000000005 0.02084000000000008 0.07519999999999999
2 0.86328 0.529785 0.023440000000000016 0.026370000000000005
2 0.895185 0.529785 0.02994999999999992 0.026370000000000005
2 0.86328 0.5708 0.023440000000000016 0.04590000000000005
2 0.8958349999999999 0.57129 0.028649999999999953 0.04688000000000003
4 0.146485 0.388185 0.07943 0.03027000000000002
4 0.063804 0.387205 0.080732 0.030269999999999964
5 0.26172 0.467775 0.07812 0.025390000000000024
5 0.354165 0.46924 0.07813000000000003 0.024419999999999997
5 0.7324200000000001 0.467775 0.07682 0.025390000000000024
5 0.640625 0.46924 0.07813000000000003 0.024419999999999997
5 0.26172 0.604005 0.07292000000000001 0.024410000000000043
5 0.35026 0.60449 0.07291999999999998 0.023440000000000016
5 0.7291650000000001 0.603025 0.07290999999999992 0.024410000000000043
5 0.63802 0.603025 0.07291999999999998 0.024410000000000043
5 0.73242 0.74512 0.06640000000000001 0.03320000000000001
5 0.640625 0.745605 0.06511 0.03222999999999998
5 0.35156 0.745605 0.07291999999999998 0.036129999999999995
5 0.26237 0.745605 0.07161999999999999 0.036129999999999995
5 0.909505 0.33496 0.13932999999999995 0.03320000000000001
5 0.861325 0.473635 0.02994999999999992 0.03125
5 0.9042950000000001 0.475585 0.042970000000000064 0.027349999999999985
5 0.88216 0.59717 0.07682 0.010739999999999972
6 0.50456 0.46289499999999995 0.20964000000000005 0.08202999999999999
6 0.50586 0.609375 0.20964 0.08203000000000005
6 0.5071599999999999 0.753905 0.20964 0.08202999999999994
6 0.10611749999999999 0.48096 0.167965 0.09667999999999999
6 0.134765 0.620605 0.13151000000000002 0.08887
6 0.151695 0.7612300000000001 0.07943 0.07910000000000006
8 0.063802 0.262695 0.023438000000000007 0.019529999999999992
8 0.14193 0.26416 0.023440000000000016 0.020499999999999963
8 0.188805 0.224125 0.018230000000000024 0.05370999999999998
8 0.142575 0.221195 0.01693 0.05370999999999998
8 0.102865 0.224125 0.018229999999999996 0.05370999999999998
8 0.0625 0.22314499999999998 0.018229999999999996 0.05371000000000001
8 0.0195315 0.224125 0.018229000000000002 0.05370999999999998
8 0.55078 0.497555 0.07291999999999998 0.04785000000000006
8 0.45572999999999997 0.497555 0.07292000000000004 0.04785000000000006
8 0.889975 0.6352549999999999 0.13411000000000006 0.06542999999999999
8 0.69987 0.83838 0.02214000000000005 0.04200000000000004
8 0.76302 0.83789 0.02083999999999997 0.041020000000000056
8 0.890625 0.208985 0.17708999999999997 0.023430000000000006
8 0.89193 0.373535 0.08854000000000006 0.026370000000000005
8 0.88216 0.504885 0.0872400000000001 0.015630000000000033
8 0.137369 0.508305 0.07682199999999999 0.047850000000000004
8 0.145185 0.665035 0.019529999999999992 0.019529999999999936
9 0.49804499999999996 0.20459 0.58203 0.09082000000000001
9 0.4987 0.333495 0.58854 0.024409999999999987
9 0.49934999999999996 0.625975 0.58724 0.07226999999999995
9 0.5 0.75293 0.58334 0.05274000000000001
9 0.49934999999999996 0.88672 0.57942 0.050779999999999936
11 0.398435 0.92578 0.02865000000000001 0.03515999999999997
11 0.26497 0.956545 0.03775999999999999 0.05567
11 0.35352 0.9570350000000001 0.037760000000000016 0.054690000000000016
11 0.479165 0.94043 0.015630000000000033 0.04492000000000007
11 0.427735 0.9414100000000001 0.01693 0.04491999999999996
11 0.45182500000000003 0.9126 0.05468999999999996 0.010739999999999972
11 0.48633 0.8818349999999999 0.01432 0.019529999999999936
11 0.48893 0.901855 0.01432 0.016610000000000014
11 0.8417950000000001 0.831545 0.03254999999999997 0.03027000000000002
11 0.8417950000000001 0.86328 0.03254999999999997 0.029299999999999993
8 0.735025 0.875 0.09245000000000003 0.02540000000000009
