1 0.50146485 0.50070425 0.9970703 0.9985915
2 0.10742199999999999 0.4 0.04101599999999998 0.12394
2 0.28418 0.39859 0.04102 0.12394000000000005
2 0.51074 0.392255 0.044920000000000015 0.12817
2 0.73584 0.400705 0.041999999999999926 0.12535000000000002
2 0.910645 0.40281999999999996 0.04198999999999997 0.12394
2 0.28564 0.82183 0.040039999999999965 0.09436
2 0.73682 0.8169 0.040039999999999965 0.09296000000000004
2 0.10791049999999999 0.24437 0.04003899999999999 0.04648000000000002
2 0.28906 0.25 0.04102 0.046479999999999994
2 0.51172 0.24155000000000001 0.04102 0.04648000000000002
2 0.91113 0.24577500000000002 0.041020000000000056 0.04647000000000004
2 0.73535 0.249295 0.041019999999999945 0.04788999999999999
3 0.509765 0.8936649999999999 0.10547000000000001 0.20140999999999998
4 0.106446 0.55845 0.066408 0.04083999999999999
4 0.28320500000000004 0.55845 0.06641000000000002 0.04083999999999999
4 0.73486 0.55845 0.06738 0.04083999999999999
4 0.91211 0.55986 0.06640000000000001 0.04083999999999999
4 0.90869 0.31971499999999997 0.06152000000000002 0.028169999999999973
4 0.733885 0.31971499999999997 0.061530000000000085 0.028169999999999973
4 0.5083 0.311265 0.061519999999999964 0.028169999999999973
4 0.28369 0.31831 0.06152000000000002 0.02816000000000002
4 0.1088875 0.31971499999999997 0.061524999999999996 0.028169999999999973
6 0.10595650000000001 0.46126500000000004 0.08300700000000001 0.08873000000000003
6 0.283695 0.45986 0.08301 0.08873999999999993
6 0.73828 0.45986 0.08398000000000005 0.08873999999999993
6 0.91406 0.46126500000000004 0.08397999999999994 0.08873000000000003
6 0.92041 0.721125 0.11229999999999996 0.08733000000000002
6 0.737795 0.724645 0.11231000000000002 0.08872999999999998
6 0.28174 0.72183 0.10058 0.07745999999999997
6 0.09863250000000001 0.7169 0.10937500000000001 0.08450000000000002
6 0.512205 0.707745 0.19628999999999996 0.06901000000000002
6 0.510255 0.43450500000000003 0.08301000000000003 0.04929
6 0.5136715000000001 0.111268 0.960937 0.070424
7 0.0786135 0.396475 0.014648999999999995 0.12817
7 0.133785 0.39859 0.013669999999999988 0.12675999999999998
7 0.257325 0.39718 0.014649999999999996 0.12676000000000004
7 0.31054499999999996 0.39577 0.013670000000000015 0.12675999999999998
7 0.47948999999999997 0.38944 0.015620000000000023 0.13380000000000003
7 0.53955 0.390845 0.012700000000000045 0.13380999999999998
7 0.70947 0.39788999999999997 0.012700000000000045 0.13379999999999997
7 0.762695 0.400705 0.013670000000000071 0.13381000000000004
7 0.938965 0.39507000000000003 0.012689999999999979 0.13379999999999997
7 0.884765 0.40352 0.01366999999999996 0.13380000000000003
7 0.262695 0.800705 0.009770000000000001 0.05492999999999992
7 0.30761499999999997 0.79859 0.009770000000000001 0.05352000000000001
7 0.76025 0.79718 0.010739999999999972 0.05352000000000001
7 0.71631 0.79718 0.010739999999999972 0.05352000000000001
8 0.035644499999999996 0.22816999999999998 0.040039 0.11550000000000002
8 0.169435 0.22465 0.03222999999999998 0.11972
8 0.25049 0.230985 0.03222 0.12112999999999999
8 0.31787 0.233805 0.032220000000000026 0.12113000000000002
8 0.31787 0.233805 0.032220000000000026 0.12113000000000002
8 0.39453 0.225355 0.03320000000000001 0.12113000000000002
8 0.475095 0.222535 0.03222999999999998 0.12113000000000002
8 0.543945 0.222535 0.03320999999999996 0.12113000000000002
8 0.626465 0.222535 0.03223000000000009 0.12113000000000002
8 0.70166 0.22887 0.032220000000000026 0.11972
8 0.771485 0.23520999999999997 0.03320999999999996 0.12111999999999998
8 0.850095 0.23239500000000002 0.03222999999999998 0.12112999999999999
8 0.983885 0.230985 0.03222999999999998 0.12112999999999999
8 0.0522465 0.04295765 0.040039 0.0718307
8 0.18408000000000002 0.03873245 0.04003999999999999 0.07183110000000001
8 0.25879 0.0471835 0.03516 0.066197
8 0.32422 0.0436621 0.03515999999999997 0.06760580000000001
8 0.399905 0.03873245 0.036129999999999995 0.07183110000000001
8 0.47802500000000003 0.0422536 0.030269999999999964 0.06478880000000001
8 0.544925 0.043662000000000006 0.03125 0.061972000000000006
8 0.623045 0.039436700000000005 0.03125 0.0704226
8 0.697755 0.0450705 0.03027000000000002 0.059155000000000006
8 0.763185 0.0450705 0.03027000000000002 0.059155000000000006
8 0.836915 0.04436615 0.037109999999999976 0.0746477
8 0.970215 0.045774850000000006 0.03809000000000007 0.0746483
9 0.50293125 0.22676000000000002 0.9902375 0.15774000000000002
9 0.504396 0.74014 0.987308 0.032399999999999984
10 0.174315 0.526055 0.03027000000000002 0.36761000000000005
10 0.0375975 0.528875 0.030273000000000005 0.36761
10 0.39795 0.521125 0.03028000000000003 0.36901
10 0.625485 0.521125 0.03027000000000002 0.36901
10 0.846675 0.527465 0.03125 0.36760999999999994
10 0.979005 0.52676 0.03027000000000002 0.36338000000000004
10 0.174805 0.721125 0.03907000000000002 0.02252999999999994
10 0.0371095 0.7239450000000001 0.039063 0.02253000000000005
10 0.39844 0.7162 0.039059999999999984 0.02393999999999996
10 0.626465 0.7162 0.04003000000000001 0.02393999999999996
10 0.8501000000000001 0.72183 0.040039999999999965 0.021120000000000028
10 0.9799800000000001 0.71831 0.040039999999999965 0.022540000000000004
10 0.038086 0.3169 0.048827999999999996 0.05352000000000001
10 0.17285499999999998 0.314085 0.04883000000000001 0.053529999999999966
10 0.39746499999999996 0.310565 0.048829999999999985 0.05492999999999998
10 0.6269549999999999 0.30986 0.04883000000000004 0.053519999999999956
10 0.8457049999999999 0.3169 0.04883000000000004 0.05352000000000001
10 0.973635 0.317605 0.04883000000000004 0.05492999999999998
11 0.0976565 0.9162 0.072267 0.15633999999999992
4 0.096192 0.81479 0.08105600000000002 0.04083999999999999
11 0.28467 0.942955 0.04980000000000001 0.10844999999999994
11 0.734375 0.94014 0.04882999999999993 0.10563999999999996
11 0.916995 0.91127 0.0703100000000001 0.16337999999999997
4 0.921385 0.8077449999999999 0.07519000000000009 0.035210000000000075
11 0.5146499999999999 0.610565 0.11523999999999995 0.012669999999999959
10 0.453615 0.59789 0.012689999999999979 0.13380000000000003
10 0.56787 0.59789 0.012699999999999934 0.13380000000000003
10 0.453615 0.69296 0.014649999999999996 0.05634000000000006
10 0.56836 0.69296 0.013680000000000025 0.05634000000000006
10 0.452635 0.49437 0.024409999999999987 0.07323999999999997
10 0.5678700000000001 0.49577499999999997 0.024419999999999997 0.07042999999999994
8 0.5122099999999999 0.51197 0.05565999999999999 0.06056
8 0.45459 0.392255 0.030279999999999974 0.07183
8 0.56836 0.392255 0.03515999999999997 0.07183
10 0.43994500000000003 0.87887 0.014649999999999996 0.16620000000000001
10 0.58252 0.8774649999999999 0.014639999999999986 0.16618999999999995
10 0.43848 0.979575 0.023440000000000016 0.035209999999999964
10 0.58203 0.979575 0.023440000000000016 0.03803000000000001
10 0.438965 0.7859149999999999 0.02246999999999999 0.019710000000000005
10 0.58154 0.78451 0.022460000000000035 0.01972000000000007
11 0.8598600000000001 0.9232400000000001 0.022460000000000035 0.038020000000000054
11 0.40869 0.922535 0.01856000000000002 0.025349999999999984
8 0.1044925 0.652115 0.052735000000000004 0.14084999999999992
8 0.28515500000000005 0.652115 0.05273 0.14084999999999992
8 0.737305 0.652115 0.052729999999999944 0.14084999999999992
8 0.914065 0.65352 0.052729999999999944 0.14084000000000008
8 0.510255 0.630985 0.06152999999999992 0.17747000000000002
