1 0.50048655 0.50098155 0.9970669 0.9940969
2 0.1249995 0.17109 0.05078099999999999 0.12782
2 0.26073999999999997 0.166175 0.05077999999999999 0.12783
2 0.19336 0.167649 0.05077999999999999 0.138642
2 0.84717 0.17502 0.07323999999999997 0.13176
2 0.7597700000000001 0.18092 0.07422000000000006 0.13176
2 0.5917950000000001 0.189775 0.06445000000000001 0.12389
2 0.509765 0.19518000000000002 0.06444999999999995 0.12488000000000002
2 0.123533 0.413965 0.05175399999999998 0.15143
2 0.18994 0.411015 0.05176 0.15143
2 0.25684 0.40708 0.056640000000000024 0.14946000000000004
2 0.7661150000000001 0.42429 0.06933 0.13273999999999997
2 0.85156 0.42429 0.06835999999999998 0.13273999999999997
2 0.50879 0.43805 0.06835999999999998 0.13273999999999997
2 0.592285 0.43756 0.06738999999999995 0.13961999999999997
2 0.5449200000000001 0.66372 0.14844000000000002 0.10816000000000003
2 0.811035 0.6592899999999999 0.1552699999999999 0.11307999999999996
2 0.314455 0.6617500000000001 0.08984999999999999 0.10815999999999992
2 0.20898499999999998 0.663225 0.08789 0.10716999999999999
2 0.108398 0.663225 0.08398399999999999 0.10324999999999995
3 0.230955 0.90413 0.08300999999999997 0.17994
5 0.546385 0.7482800000000001 0.15722999999999998 0.053100000000000036
5 0.8125 0.744345 0.16016000000000008 0.05507000000000006
5 0.1079085 0.73648 0.088863 0.03934000000000004
5 0.212405 0.7379549999999999 0.08887 0.038349999999999995
5 0.315915 0.7389349999999999 0.08887 0.038349999999999995
6 0.694335 0.510815 0.59765 0.10914999999999997
6 0.54297 0.268435 0.29102 0.11799000000000001
7 0.260255 0.366765 0.047849999999999976 0.057030000000000025
7 0.510255 0.4351 0.06152999999999992 0.12487999999999999
7 0.592775 0.384955 0.06054999999999999 0.026549999999999963
7 0.76514 0.37463500000000005 0.06347999999999998 0.02753
7 0.852055 0.42478000000000005 0.06542999999999999 0.12782
8 0.8037099999999999 0.0619445 0.24217999999999995 0.082591
8 0.190432 0.31465 0.263676 0.09439999999999998
4 0.20507640000000002 0.57768 0.4003872 0.05408000000000002
11 0.554685 0.905605 0.18555000000000005 0.17698999999999998
11 0.8125 0.905605 0.18554000000000004 0.17698999999999998
11 0.33740000000000003 0.90659 0.0791 0.17501999999999995
11 0.12939699999999998 0.90167 0.079106 0.17501999999999995
11 0.22216999999999998 0.7935099999999999 0.04003999999999999 0.03735999999999995
11 0.106932 0.794985 0.04589599999999999 0.010810000000000097
