1 0.63965 0.4968607 0.7168 0.9874386
1 0.13964828 0.5005257 0.27734344 0.9947686
2 0.049805 0.20156999999999997 0.035156 0.09947999999999999
2 0.138675 0.2 0.037110000000000004 0.09634000000000001
2 0.222655 0.197905 0.037110000000000004 0.09633
2 0.0488285 0.36178 0.033203 0.10158
2 0.13672 0.36073500000000003 0.03320000000000001 0.10157
2 0.22363 0.365445 0.03320000000000001 0.10261000000000003
2 0.050293000000000004 0.53822 0.036132000000000004 0.10680000000000006
2 0.137695 0.537175 0.03514999999999999 0.10681000000000002
2 0.223145 0.539265 0.036129999999999995 0.10681000000000002
2 0.22655999999999998 0.7151799999999999 0.03906000000000001 0.11727999999999994
2 0.137205 0.716755 0.036129999999999995 0.11833000000000005
2 0.053222500000000006 0.715185 0.036133000000000005 0.11936999999999998
2 0.32860999999999996 0.19476500000000002 0.045899999999999996 0.09633
2 0.41698999999999997 0.197385 0.04687999999999998 0.10157
2 0.507325 0.19581 0.04589000000000004 0.10052
2 0.59863 0.197905 0.04492000000000007 0.10260999999999998
2 0.7026399999999999 0.19895 0.04589999999999994 0.10261999999999999
2 0.791015 0.198425 0.044930000000000025 0.10157
2 0.88086 0.20105 0.04491999999999996 0.10261999999999996
2 0.9668 0.204715 0.04492000000000007 0.10157
2 0.9619150000000001 0.3644 0.044930000000000025 0.10262000000000004
2 0.87988 0.3644 0.04492000000000007 0.10262000000000004
2 0.79199 0.36229999999999996 0.04491999999999996 0.10261999999999999
2 0.70459 0.3623 0.04393999999999998 0.1089
2 0.600095 0.3623 0.043950000000000045 0.1089
2 0.509275 0.36126 0.04394999999999999 0.1089
2 0.419435 0.3623 0.043950000000000045 0.1089
2 0.327635 0.36021 0.04394999999999999 0.1089
2 0.32666 0.53979 0.04393999999999998 0.10786000000000001
2 0.419435 0.542405 0.043950000000000045 0.11308999999999997
2 0.51123 0.54084 0.045899999999999996 0.11203999999999997
2 0.5976600000000001 0.54084 0.04491999999999996 0.11203999999999997
2 0.7026399999999999 0.5418850000000001 0.04589999999999994 0.11205000000000004
2 0.96143 0.542405 0.04590000000000005 0.11308999999999997
2 0.87793 0.5418850000000001 0.04492000000000007 0.11205000000000004
2 0.79199 0.540315 0.04491999999999996 0.11308999999999997
2 0.9575199999999999 0.7089 0.03808 0.1089
2 0.873535 0.70995 0.03809000000000007 0.1089
2 0.7890600000000001 0.70995 0.039059999999999984 0.1089
2 0.704105 0.710475 0.04296999999999995 0.10994999999999999
2 0.6005849999999999 0.710475 0.042970000000000064 0.10994999999999999
2 0.51123 0.712565 0.04199999999999998 0.10994999999999999
2 0.420895 0.716755 0.04297000000000001 0.10994999999999999
2 0.32959 0.711515 0.04200000000000004 0.10994999999999999
2 0.143068 0.904185 0.090824 0.10156999999999994
3 0.04834 0.9178 0.06152400000000001 0.13717999999999997
3 0.24120999999999998 0.9371700000000001 0.046880000000000005 0.11517999999999995
4 0.052733999999999996 0.14084 0.076172 0.03874
4 0.140625 0.138745 0.07617 0.03875000000000001
4 0.22705 0.13822 0.07519999999999999 0.039800000000000016
4 0.0527345 0.30105 0.070313 0.03874
4 0.137695 0.297905 0.07031 0.03875000000000001
4 0.229495 0.297905 0.07030999999999998 0.03875000000000001
4 0.053711 0.474345 0.070312 0.03978999999999999
4 0.13916 0.473295 0.07128000000000001 0.03978999999999999
4 0.229495 0.473295 0.07030999999999998 0.03978999999999999
4 0.053711 0.64555 0.070312 0.03874
4 0.141115 0.64555 0.07129 0.03874
4 0.23046500000000003 0.647645 0.07031000000000001 0.03874999999999995
5 0.051758 0.256025 0.05859400000000001 0.021989999999999982
5 0.137695 0.25445 0.05859 0.023039999999999977
5 0.229495 0.253925 0.05859000000000003 0.021989999999999982
5 0.053710999999999995 0.424085 0.0625 0.023029999999999995
5 0.13965 0.42356 0.0625 0.02198
5 0.22754000000000002 0.42356 0.06250000000000003 0.02198
5 0.052734 0.6 0.0625 0.02303999999999995
5 0.14551 0.603665 0.0625 0.021989999999999954
5 0.22754000000000002 0.602095 0.06250000000000003 0.023029999999999995
5 0.7041 0.253405 0.05663999999999991 0.016750000000000015
5 0.5981449999999999 0.25183 0.05567 0.01780000000000001
5 0.32715 0.252355 0.056640000000000024 0.016750000000000015
5 0.96777 0.26178 0.056640000000000024 0.016759999999999997
5 0.96484 0.42513 0.056640000000000024 0.016759999999999997
5 0.705565 0.42199 0.05567 0.016759999999999997
5 0.601075 0.41885 0.05567 0.016759999999999997
5 0.331055 0.41885 0.05664999999999998 0.016759999999999997
5 0.33008 0.60419 0.056640000000000024 0.016759999999999997
5 0.59766 0.601045 0.056640000000000024 0.01674999999999993
5 0.7060550000000001 0.6026199999999999 0.05664999999999998 0.017799999999999927
6 0.189455 0.220415 0.17382999999999998 0.10157
6 0.189455 0.39266999999999996 0.17382999999999998 0.10052
6 0.190915 0.5822 0.17284999999999998 0.10052000000000005
6 0.191405 0.76806 0.17383 0.08482
6 0.487795 0.22513 0.21191 0.10262000000000002
6 0.49072499999999997 0.40105 0.21191 0.10261999999999999
6 0.483885 0.58534 0.21191000000000004 0.10262000000000004
6 0.487305 0.749215 0.20899 0.08062999999999998
6 0.862305 0.74764 0.22656999999999994 0.07957999999999998
6 0.8691450000000001 0.5827249999999999 0.2246100000000001 0.08900999999999992
6 0.864255 0.39529000000000003 0.22460999999999998 0.08900000000000002
6 0.868165 0.23037000000000002 0.22070999999999996 0.10890000000000002
8 0.0214843 0.07330049999999999 0.023437400000000004 0.096339
8 0.097659 0.072252 0.023442000000000005 0.096336
8 0.18555 0.070155 0.02343999999999999 0.09633
8 0.26172 0.070155 0.023440000000000016 0.09633
8 0.15674 0.0434555 0.022460000000000008 0.036649
8 0.13036999999999999 0.0445025 0.022460000000000008 0.036648999999999994
8 0.21239999999999998 0.0424085 0.022460000000000008 0.036649
8 0.23682 0.0413615 0.02245999999999998 0.036649
8 0.0737305 0.0445025 0.022460999999999995 0.036648999999999994
8 0.0463865 0.0434555 0.022461000000000002 0.036649
8 0.13916499999999998 0.086911 0.059569999999999984 0.023036
8 0.057617 0.0863875 0.054687999999999994 0.021988999999999995
8 0.219725 0.084293 0.054690000000000016 0.021989999999999996
9 0.14013640000000002 0.058112800000000006 0.2705072 0.1057544
9 0.13964810000000002 0.7958099999999999 0.2714838 0.04608000000000001
11 0.206055 0.9083749999999999 0.01953000000000002 0.10157000000000005
11 0.18457 0.83979 0.1875 0.04398000000000002
11 0.37744 0.8895299999999999 0.16503999999999996 0.19790000000000008
11 0.59619 0.836125 0.16504000000000008 0.09739000000000009
11 0.762205 0.88429 0.16308999999999996 0.19999999999999996
11 0.9292 0.88639 0.12988 0.19999999999999996
