1 0.5043928 0.49904740000000003 0.9892544 0.9942852
2 0.0903325 0.5304800000000001 0.030274999999999996 0.10476000000000002
2 0.12988 0.5304800000000001 0.029299999999999993 0.10476000000000002
2 0.5341800000000001 0.52667 0.029299999999999993 0.11238000000000004
2 0.5654300000000001 0.5257149999999999 0.029299999999999993 0.11046999999999996
2 0.5966800000000001 0.5257149999999999 0.029299999999999993 0.11046999999999996
2 0.802245 0.52476 0.04198999999999997 0.10475999999999996
2 0.940915 0.52476 0.04199000000000008 0.10475999999999996
2 0.0908225 0.846665 0.031255000000000005 0.1009500000000001
2 0.13086 0.84762 0.03320000000000001 0.10286000000000006
2 0.515625 0.84762 0.037109999999999976 0.10286000000000006
2 0.631835 0.844765 0.037109999999999976 0.10094999999999998
2 0.79834 0.844765 0.03613999999999995 0.10094999999999998
2 0.926755 0.844765 0.037109999999999976 0.10094999999999998
2 0.0898445 0.44381000000000004 0.031251 0.057140000000000024
2 0.128905 0.44476499999999997 0.031249999999999986 0.05904999999999999
2 0.535155 0.438095 0.027349999999999985 0.05714999999999998
2 0.566405 0.438095 0.027349999999999985 0.05714999999999998
2 0.597655 0.43618999999999997 0.027349999999999985 0.057140000000000024
2 0.800785 0.433335 0.04296999999999995 0.05904999999999999
2 0.9404300000000001 0.433335 0.04296 0.05904999999999999
2 0.516115 0.761905 0.036129999999999995 0.05714999999999992
2 0.632325 0.759045 0.036129999999999995 0.05905000000000005
2 0.799315 0.758095 0.036129999999999995 0.057150000000000034
2 0.9292 0.75619 0.03613999999999995 0.05713999999999997
2 0.0913075 0.7628550000000001 0.032225000000000004 0.059049999999999936
2 0.130855 0.7628550000000001 0.03125 0.059049999999999936
2 0.260255 0.421905 0.020509999999999973 0.05143000000000003
2 0.282715 0.421905 0.020510000000000028 0.05143000000000003
2 0.305175 0.42 0.020509999999999973 0.05142000000000002
2 0.260255 0.500955 0.020509999999999973 0.09904999999999997
2 0.282715 0.500955 0.020510000000000028 0.09904999999999997
2 0.306155 0.500955 0.020510000000000028 0.09904999999999997
2 0.802245 0.213335 0.014650000000000052 0.09143000000000001
2 0.567385 0.219045 0.015630000000000033 0.09142999999999998
2 0.32959 0.1266675 0.010739999999999972 0.089525
2 0.30810499999999996 0.125715 0.010749999999999982 0.09143
2 0.1064465 0.22286 0.015627000000000002 0.08762000000000003
3 0.327635 0.868575 0.11035 0.24381000000000008
2 0.0654295 0.18762 0.019531 0.08952000000000002
4 0.1010725 0.390475 0.10839499999999999 0.03809000000000001
4 0.56299 0.37619 0.12402000000000002 0.028579999999999994
4 0.79834 0.374285 0.07910000000000006 0.024770000000000014
4 0.939945 0.373335 0.07714999999999994 0.026670000000000027
5 0.1054685 0.59714 0.09570300000000001 0.024760000000000004
5 0.563475 0.5933299999999999 0.11133000000000004 0.024760000000000004
5 0.798335 0.58952 0.06542999999999999 0.024760000000000004
5 0.93799 0.58857 0.06738 0.026660000000000017
8 0.28125 0.59619 0.11717999999999998 0.05713999999999997
8 0.365725 0.599045 0.026370000000000005 0.06667000000000001
8 0.40088 0.60381 0.04004000000000002 0.053340000000000054
8 0.42627000000000004 0.40285499999999996 0.018559999999999965 0.15428999999999998
8 0.44384999999999997 0.40952 0.016600000000000004 0.14476
8 0.198245 0.405715 0.019529999999999992 0.14856999999999998
9 0.5063475000000001 0.9076150000000001 0.975585 0.043810000000000016
9 0.5068355 0.301905 0.9746090000000001 0.08571000000000001
8 0.20703 0.710475 0.056639999999999996 0.09904999999999997
8 0.36914 0.71143 0.04687999999999998 0.09714
