1 0.50048985 0.5000025 0.9951203 0.973955
2 0.102541 0.1809 0.05273799999999999 0.1013
2 0.20654 0.17945 0.05176 0.1013
2 0.30957 0.178 0.05274000000000001 0.1013
2 0.66992 0.17945 0.05274000000000001 0.1013
2 0.77539 0.186685 0.05274000000000001 0.10130999999999998
2 0.8793949999999999 0.190305 0.051750000000000074 0.10275000000000001
2 0.490235 0.141825 0.04100999999999999 0.04920999999999999
2 0.103026 0.432705 0.065428 0.17944999999999994
2 0.20703 0.435605 0.06639999999999999 0.17944999999999994
2 0.311035 0.435605 0.06542999999999999 0.17944999999999994
2 0.673825 0.435605 0.06641000000000008 0.17944999999999994
2 0.7807649999999999 0.434155 0.06542999999999999 0.17945
2 0.8828149999999999 0.439945 0.06640999999999997 0.17945
2 0.8852549999999999 0.708395 0.061529999999999974 0.16352999999999995
2 0.78174 0.705495 0.06152000000000002 0.16352999999999995
2 0.674315 0.708395 0.061530000000000085 0.16352999999999995
2 0.49609499999999995 0.704055 0.07812999999999998 0.15484999999999993
2 0.312985 0.70912 0.06542999999999999 0.16498000000000002
2 0.20947 0.70912 0.06151999999999999 0.16498000000000002
2 0.103028 0.71201 0.061523999999999995 0.16498000000000002
2 0.49512 0.44138999999999995 0.07422000000000001 0.21417999999999998
6 0.1025395 0.5448599999999999 0.068361 0.04486000000000001
6 0.20849499999999999 0.5463100000000001 0.06932999999999997 0.04486000000000001
6 0.31299 0.5448599999999999 0.06934000000000001 0.04486000000000001
6 0.67383 0.5448599999999999 0.06835999999999998 0.04486000000000001
6 0.78027 0.5448599999999999 0.06835999999999998 0.04486000000000001
6 0.88184 0.5448599999999999 0.06835999999999998 0.04486000000000001
6 0.19140795 0.817655 0.3691441 0.06657000000000002
6 0.80859 0.82055 0.36914 0.06658000000000008
6 0.494141 0.0549925 0.955078 0.072359
7 0.06933600000000001 0.17945 0.011717999999999992 0.10420000000000001
7 0.13379 0.18162 0.011720000000000008 0.10564000000000001
7 0.17236 0.17872500000000002 0.01074 0.10565
7 0.23876999999999998 0.178 0.01074 0.10419999999999999
7 0.279785 0.17583 0.010750000000000037 0.10564
7 0.34375 0.17945 0.011719999999999953 0.10420000000000001
7 0.7026399999999999 0.1809 0.010740000000000083 0.10420000000000001
7 0.63916 0.17728 0.010740000000000083 0.10564
7 0.74756 0.182345 0.010739999999999972 0.10419
7 0.81055 0.18451499999999998 0.011719999999999953 0.10565
7 0.84863 0.18596000000000001 0.011719999999999953 0.10563999999999998
7 0.91016 0.18524000000000002 0.011719999999999953 0.10419999999999999
4 0.490235 0.19609 0.27148999999999995 0.09696000000000002
9 0.5004895 0.10419799999999999 0.977541 0.06078399999999999
9 0.5029295500000001 0.276415 0.9882809 0.09841000000000003
9 0.49657969999999996 0.5767 0.9814406 0.039080000000000004
10 0.046875 0.44356 0.023438 0.21274000000000004
10 0.15185500000000002 0.44284 0.022470000000000018 0.21418000000000004
10 0.25732 0.44356 0.022460000000000008 0.21274000000000004
10 0.36475 0.44356 0.02245999999999998 0.21274000000000004
10 0.9355450000000001 0.44428 0.019529999999999936 0.21418000000000004
10 0.832035 0.44428 0.019530000000000047 0.21418000000000004
10 0.728515 0.44572999999999996 0.019530000000000047 0.21417999999999998
10 0.6230450000000001 0.44428 0.019529999999999936 0.21418000000000004
10 0.550785 0.43849499999999997 0.019530000000000047 0.21419000000000005
10 0.43359499999999995 0.434875 0.019529999999999992 0.21273000000000003
10 0.0463865 0.55861 0.030273 0.01735999999999993
10 0.151365 0.55789 0.03125 0.015919999999999934
10 0.258785 0.55861 0.03125 0.01735999999999993
10 0.363285 0.55789 0.03125 0.015919999999999934
10 0.936525 0.560055 0.03125 0.017369999999999997
10 0.833005 0.55933 0.03125 0.015919999999999934
10 0.728025 0.560055 0.03027000000000002 0.017369999999999997
10 0.622075 0.55861 0.03125 0.01735999999999993
10 0.047363 0.32127 0.03808600000000001 0.03183999999999998
10 0.152835 0.31983 0.03809000000000001 0.03183999999999998
10 0.25634500000000005 0.32127 0.03809000000000001 0.03183999999999998
10 0.3667 0.32127 0.03808 0.03183999999999998
10 0.43408 0.313315 0.03808 0.027490000000000014
10 0.55176 0.315485 0.03515999999999997 0.03472999999999998
10 0.623045 0.32055 0.035150000000000015 0.033279999999999976
10 0.728515 0.32199500000000003 0.035150000000000015 0.030389999999999973
10 0.8349599999999999 0.323445 0.03515999999999997 0.027490000000000014
10 0.936525 0.32272 0.035149999999999904 0.028939999999999966
6 0.49121 0.8104199999999999 0.11717999999999995 0.07526
2 0.21191 0.92547 0.05078000000000002 0.06221999999999994
2 0.1015605 0.92113 0.039058999999999996 0.06512000000000007
2 0.78369 0.92547 0.049800000000000066 0.06221999999999994
2 0.88916 0.92475 0.041999999999999926 0.060779999999999945
3 0.49218999999999996 0.91751 0.09765999999999997 0.10998000000000008
6 0.49463 0.578145 0.19824000000000003 0.21563
