1 0.691895 0.585195 0.41503000000000007 0.7814099999999999
1 0.24804625 0.4905325 0.4804675 0.908775
2 0.0561525 0.15577 0.053710999999999995 0.08778000000000001
2 0.142575 0.15749000000000002 0.04883 0.08434
2 0.142575 0.32358 0.04883 0.08949999999999997
2 0.0561525 0.32272 0.053710999999999995 0.09121999999999997
2 0.0551755 0.49053 0.05371100000000001 0.08606000000000003
2 0.055664000000000005 0.66265 0.052734 0.08606000000000003
2 0.142575 0.66179 0.04883 0.08777999999999997
2 0.14209 0.48967 0.0498 0.08433999999999997
2 0.22998000000000002 0.14372000000000001 0.05372000000000002 0.08434
2 0.22754 0.31153 0.054680000000000006 0.08605999999999997
2 0.22851499999999997 0.48451 0.05468999999999999 0.08434000000000003
2 0.22754 0.653185 0.054680000000000006 0.08433000000000002
2 0.352055 0.32444 0.053710000000000035 0.08433999999999997
2 0.351565 0.15749000000000002 0.054690000000000016 0.08434
2 0.439455 0.155765 0.054690000000000016 0.08432999999999999
2 0.44043 0.32444 0.054680000000000006 0.08433999999999997
2 0.351565 0.491395 0.054690000000000016 0.08433000000000002
2 0.439455 0.491395 0.054690000000000016 0.08433000000000002
2 0.352055 0.66179 0.053710000000000035 0.08434000000000008
2 0.44189500000000004 0.6600699999999999 0.05370999999999998 0.08433999999999997
2 0.44043 0.8339099999999999 0.054680000000000006 0.08433999999999997
2 0.351565 0.83477 0.054690000000000016 0.08606000000000003
2 0.0522465 0.83477 0.05371100000000001 0.08606000000000003
2 0.14502 0.83477 0.053720000000000004 0.08606000000000003
2 0.53711 0.33907 0.02734000000000003 0.08261999999999997
2 0.65283 0.34165 0.028320000000000012 0.08433999999999997
2 0.7348600000000001 0.33993 0.028320000000000012 0.08433999999999997
2 0.771485 0.33993 0.027349999999999985 0.08433999999999997
2 0.84863 0.34165 0.02733999999999992 0.08433999999999997
2 0.615235 0.33993 0.027349999999999985 0.08433999999999997
2 0.5390600000000001 0.51463 0.02734000000000003 0.08261999999999997
2 0.61426 0.5163500000000001 0.02734000000000003 0.08262000000000003
2 0.65283 0.5163500000000001 0.028320000000000012 0.08262000000000003
2 0.7324200000000001 0.51463 0.02734000000000003 0.08261999999999997
2 0.771485 0.51549 0.027349999999999985 0.08434000000000003
2 0.84863 0.51463 0.02733999999999992 0.08261999999999997
2 0.538085 0.6901900000000001 0.027349999999999985 0.08262000000000003
2 0.61426 0.6910499999999999 0.02734000000000003 0.08433999999999997
2 0.65332 0.6910499999999999 0.02733999999999992 0.08433999999999997
2 0.7324200000000001 0.6884699999999999 0.02734000000000003 0.08262000000000003
2 0.771485 0.6901900000000001 0.027349999999999985 0.08262000000000003
2 0.84863 0.6910499999999999 0.02733999999999992 0.08433999999999997
2 0.9355450000000001 0.35112 0.01562999999999992 0.08950000000000002
2 0.958495 0.35284 0.014650000000000052 0.08950000000000002
2 0.9379850000000001 0.5258200000000001 0.01464999999999994 0.08778000000000002
2 0.9594750000000001 0.5258200000000001 0.01464999999999994 0.08778000000000002
2 0.9487300000000001 0.701375 0.03613999999999995 0.09467000000000003
2 0.7744150000000001 0.87091 0.02342999999999995 0.09294000000000002
2 0.7324200000000001 0.87263 0.023440000000000016 0.08950000000000002
2 0.6543 0.87263 0.023439999999999905 0.09294000000000002
2 0.6137699999999999 0.8717699999999999 0.022460000000000035 0.08778000000000008
3 0.53906 0.8915649999999999 0.056640000000000024 0.1342500000000001
2 0.949705 0.888985 0.053710000000000035 0.10843000000000003
3 0.84961 0.90017 0.06445999999999996 0.15490000000000004
4 0.53711 0.27710999999999997 0.048819999999999975 0.020659999999999956
4 0.6113299999999999 0.27883 0.039059999999999984 0.020659999999999956
4 0.6533199999999999 0.27797 0.04296 0.018939999999999957
4 0.730955 0.27710999999999997 0.04198999999999997 0.020659999999999956
4 0.77295 0.27710999999999997 0.04393999999999998 0.020659999999999956
4 0.850095 0.27883 0.04785000000000006 0.017219999999999958
4 0.5366200000000001 0.42857500000000004 0.03808 0.013770000000000004
4 0.612305 0.429435 0.037109999999999976 0.012050000000000005
4 0.651365 0.429435 0.037109999999999976 0.012050000000000005
4 0.732425 0.42857500000000004 0.037109999999999976 0.013770000000000004
4 0.772465 0.429435 0.037109999999999976 0.012050000000000005
4 0.84863 0.42857500000000004 0.041020000000000056 0.013770000000000004
5 0.53662 0.385545 0.03614000000000006 0.010330000000000006
5 0.538085 0.568845 0.035150000000000015 0.02237
5 0.538085 0.7452650000000001 0.03320999999999996 0.020649999999999946
5 0.6137699999999999 0.38726499999999997 0.03417999999999999 0.010330000000000006
5 0.65283 0.388125 0.03417999999999999 0.008610000000000007
5 0.7334 0.388125 0.03320000000000001 0.008610000000000007
5 0.7724599999999999 0.38726499999999997 0.03320000000000001 0.010330000000000006
5 0.84863 0.38726499999999997 0.03516000000000008 0.010330000000000006
5 0.61426 0.57057 0.03515999999999997 0.022380000000000067
5 0.652835 0.57229 0.036130000000000106 0.022379999999999955
5 0.7324200000000001 0.57057 0.03515999999999997 0.022380000000000067
5 0.771975 0.57057 0.036129999999999995 0.022380000000000067
5 0.84863 0.57057 0.03516000000000008 0.022380000000000067
5 0.61426 0.7452650000000001 0.03320000000000001 0.020649999999999946
5 0.652345 0.744405 0.03321000000000007 0.02237
5 0.7324200000000001 0.7452650000000001 0.03320000000000001 0.020649999999999946
5 0.7724599999999999 0.743545 0.03320000000000001 0.020650000000000057
5 0.8491200000000001 0.746125 0.032220000000000026 0.02237
8 0.69238 0.6944950000000001 0.039060000000000095 0.09811000000000003
9 0.693845 0.22375499999999998 0.41113000000000005 0.041309999999999986
9 0.69385 0.738385 0.40918000000000004 0.10326999999999997
9 0.2470695 0.759035 0.47070100000000004 0.01377000000000006
10 0.49902 0.45267 0.017579999999999985 0.46472
10 0.57666 0.45782999999999996 0.01660000000000006 0.46471999999999997
10 0.69238 0.43803499999999995 0.01757999999999993 0.42512999999999995
10 0.80957 0.45869000000000004 0.01757999999999993 0.46644
10 0.88818 0.45611 0.01660000000000006 0.46472
10 0.2334 0.4018945 0.14061999999999997 0.717731
11 0.8491249999999999 0.80465 0.06542999999999999 0.029260000000000064
