1 0.47916600000000004 0.507085 0.888888 0.98583
2 0.827255 0.27227 0.03993000000000002 0.0668
2 0.6744749999999999 0.27227 0.03992999999999991 0.0668
2 0.5260450000000001 0.271255 0.041669999999999985 0.06477000000000002
2 0.36024500000000004 0.26822 0.039929999999999966 0.0668
2 0.52604 0.42915000000000003 0.05556 0.10932000000000003
2 0.359375 0.42814 0.05554999999999999 0.11134
2 0.67361 0.42915000000000003 0.05555999999999994 0.10932000000000003
2 0.82899 0.43218500000000004 0.05381999999999998 0.11132999999999998
2 0.36024 0.602225 0.05381999999999998 0.11132999999999993
2 0.524305 0.60121 0.05554999999999999 0.11336000000000002
2 0.677085 0.60324 0.05554999999999999 0.1133599999999999
2 0.83073 0.60324 0.05381999999999998 0.1133599999999999
2 0.8316 0.77328 0.055560000000000054 0.11336000000000002
2 0.677085 0.77429 0.05554999999999999 0.11538000000000004
2 0.524305 0.775305 0.05554999999999999 0.11741000000000001
2 0.359375 0.777325 0.05554999999999999 0.11741000000000001
2 0.359375 0.953445 0.05554999999999999 0.08906999999999998
2 0.52604 0.955465 0.05556 0.08906999999999998
2 0.8316 0.9534400000000001 0.055560000000000054 0.09311999999999998
2 0.67882 0.9514199999999999 0.055560000000000054 0.09311999999999998
2 0.119789 0.757085 0.04166199999999999 0.11336999999999997
2 0.167535 0.758095 0.043410000000000004 0.11538999999999999
2 0.17100500000000002 0.573885 0.03992999999999999 0.11538999999999999
2 0.12239499999999999 0.57186 0.03992999999999999 0.11538000000000004
2 0.169275 0.94737 0.03992999999999999 0.10526000000000002
2 0.118924 0.94737 0.03993200000000001 0.10526000000000002
2 0.145835 0.399795 0.048610000000000014 0.09109
2 0.18663000000000002 0.399795 0.015619999999999995 0.09109
2 0.105036 0.40081 0.015628000000000003 0.08906000000000003
2 0.17274 0.23582999999999998 0.05382000000000001 0.03846000000000002
2 0.98264 0.26619499999999996 0.027780000000000027 0.11132999999999998
2 0.980905 0.43927 0.024310000000000054 0.11336000000000002
2 0.940975 0.42915000000000003 0.013889999999999958 0.09715999999999997
2 0.943575 0.77328 0.012149999999999994 0.10526000000000002
2 0.943575 0.59919 0.012149999999999994 0.10525999999999991
4 0.35851 0.34312 0.0816 0.030359999999999998
4 0.52344 0.34614999999999996 0.08159999999999995 0.028339999999999976
4 0.67795 0.3502 0.0816 0.028340000000000032
4 0.82552 0.34919 0.0816 0.030360000000000054
4 0.35764 0.52024 0.09721999999999997 0.05667999999999995
4 0.52257 0.5192300000000001 0.09722000000000003 0.05466000000000004
4 0.67361 0.522265 0.09721999999999997 0.052629999999999955
4 0.82986 0.52227 0.09721999999999997 0.056680000000000064
4 0.354165 0.6852199999999999 0.10416999999999998 0.046560000000000046
4 0.52257 0.68927 0.10415999999999997 0.046560000000000046
4 0.6753450000000001 0.6852199999999999 0.10416999999999998 0.046560000000000046
4 0.82986 0.6862349999999999 0.09721999999999997 0.04859000000000002
4 0.1397545 0.6670050000000001 0.109371 0.06274999999999997
5 0.35850499999999996 0.8552649999999999 0.08507000000000003 0.05060999999999993
5 0.523435 0.85324 0.08506999999999998 0.05059999999999998
5 0.6770849999999999 0.8552649999999999 0.08333000000000002 0.05060999999999993
5 0.82986 0.8502000000000001 0.08334000000000008 0.04857999999999996
5 0.3559 0.671055 0.09028000000000003 0.03440999999999994
5 0.524305 0.671055 0.09026999999999996 0.03440999999999994
5 0.67535 0.6720649999999999 0.09027999999999992 0.03239000000000003
5 0.82899 0.673075 0.08854000000000006 0.03441000000000005
6 0.140626 0.83502 0.149308 0.05059999999999998
6 0.151041 0.28441 0.187498 0.06679999999999997
7 0.525175 0.401825 0.050350000000000006 0.05060999999999999
7 0.67535 0.40081 0.052079999999999904 0.04857999999999996
7 0.8289949999999999 0.39271 0.050350000000000006 0.028340000000000032
7 0.360245 0.428135 0.050350000000000006 0.10729
7 0.6770849999999999 0.5647800000000001 0.04860999999999993 0.02833999999999992
7 0.82986 0.55769 0.052080000000000015 0.018220000000000014
7 0.524305 0.557695 0.052090000000000025 0.0222699999999999
7 0.360245 0.558705 0.050350000000000006 0.024289999999999923
7 0.359375 0.7763150000000001 0.05208999999999997 0.11133000000000004
7 0.524305 0.728745 0.052090000000000025 0.02024999999999999
7 0.6770799999999999 0.72672 0.052080000000000015 0.020240000000000036
7 0.8316 0.728745 0.052079999999999904 0.02024999999999999
7 0.360245 0.94636 0.050350000000000006 0.06679999999999997
7 0.5260400000000001 0.954455 0.052080000000000015 0.08299000000000001
7 0.6770799999999999 0.9180200000000001 0.052080000000000015 0.018220000000000014
7 0.83073 0.913965 0.05381999999999998 0.014170000000000016
7 0.12066 0.945345 0.03646000000000002 0.10121000000000002
7 0.168405 0.9463550000000001 0.03819 0.09919
7 0.11979000000000001 0.73583 0.03820000000000001 0.06679999999999997
7 0.168405 0.73583 0.03819 0.06679999999999997
7 0.12239499999999999 0.572875 0.03992999999999999 0.10931000000000002
7 0.17100500000000002 0.57186 0.03992999999999999 0.11134
8 0.14149499999999998 0.469635 0.15799 0.060730000000000006
9 0.4809025 0.318825 0.868055 0.07085000000000002
9 0.4756935 0.49089000000000005 0.868053 0.038459999999999994
9 0.4756935 0.661945 0.868053 0.024289999999999923
9 0.4826405 0.8583000000000001 0.868059 0.07287999999999994
