1 0.504884 0.50118065 0.980472 0.9976387
4 0.90088 0.567295 0.17480000000000007 0.13576999999999995
4 0.680175 0.57497 0.18067 0.12514000000000003
4 0.445315 0.5761499999999999 0.17968999999999996 0.12278
4 0.20703 0.5755600000000001 0.18554 0.12395999999999996
2 0.8994150000000001 0.752655 0.10547000000000006 0.22787000000000002
2 0.6811499999999999 0.752065 0.10253999999999996 0.22669000000000006
2 0.447755 0.751475 0.09863 0.22787000000000002
2 0.20996 0.75207 0.10352 0.22432000000000007
2 0.899415 0.331165 0.10350999999999999 0.19952999999999999
2 0.68164 0.329985 0.10155999999999998 0.19717
2 0.44971 0.33353 0.10253999999999996 0.19952
2 0.212405 0.33353 0.10449 0.19479999999999997
4 0.2124 0.225505 0.1709 0.09209
4 0.45360999999999996 0.22668500000000003 0.1709 0.08973
4 0.6792 0.21192500000000003 0.17090000000000005 0.09563000000000002
4 0.89795 0.21074500000000002 0.17090000000000005 0.09563000000000002
5 0.212405 0.46812 0.15137 0.07673999999999997
5 0.44873 0.46517 0.15136000000000005 0.07791999999999999
5 0.6792 0.4634 0.15136000000000005 0.07438
5 0.8974599999999999 0.46458 0.14844000000000002 0.06730000000000003
5 0.211425 0.90378 0.14355 0.07909999999999995
5 0.44873 0.910275 0.15136000000000005 0.0920899999999999
5 0.6806650000000001 0.907915 0.14452999999999994 0.09209
5 0.898925 0.909095 0.14551000000000003 0.09209
9 0.5082985 0.1192445 0.963863 0.167651
