2 0.310545 0.23291 0.07943 0.06542000000000003
2 0.282555 0.380375 0.041669999999999985 0.06542999999999999
2 0.34114500000000003 0.38086 0.04167000000000004 0.06639999999999996
4 0.311195 0.324705 0.14583000000000002 0.04199000000000003
4 0.3112 0.484865 0.13802 0.01855000000000001
4 0.3125 0.634765 0.15886 0.04100999999999999
2 0.28385499999999997 0.529785 0.04167000000000004 0.06739
2 0.342445 0.530275 0.04427000000000003 0.06640999999999997
2 0.284505 0.666015 0.04557 0.03125
2 0.34114500000000003 0.666015 0.04687000000000002 0.03125
2 0.284505 0.71631 0.04557 0.05566000000000004
2 0.34114500000000003 0.71631 0.04687000000000002 0.05566000000000004
2 0.467445 0.691405 0.08332999999999996 0.08399000000000001
2 0.5833349999999999 0.638185 0.020830000000000015 0.024410000000000043
2 0.62565 0.638185 0.04036000000000006 0.024410000000000043
2 0.66862 0.638185 0.02214000000000005 0.024410000000000043
2 0.583985 0.695315 0.022129999999999983 0.07227000000000006
2 0.626305 0.695315 0.041670000000000096 0.07227000000000006
2 0.66862 0.695315 0.02214000000000005 0.07227000000000006
2 0.7447900000000001 0.696285 0.06510000000000005 0.09375
2 0.776045 0.5293 0.01822999999999997 0.06835999999999998
2 0.7708299999999999 0.381345 0.023440000000000016 0.06542999999999999
2 0.71745 0.21631 0.04947999999999997 0.02245999999999998
2 0.6302099999999999 0.182615 0.052080000000000015 0.06445000000000001
2 0.49804499999999996 0.21289 0.08462999999999993 0.023440000000000016
2 0.44336 0.381345 0.04558000000000001 0.06542999999999999
2 0.444665 0.529785 0.04297000000000001 0.06933
2 0.55469 0.34375 0.059900000000000064 0.07032000000000005
2 0.69401 0.34375 0.059900000000000064 0.07032000000000005
2 0.6731750000000001 0.47948999999999997 0.03385000000000005 0.02343999999999996
2 0.7141949999999999 0.479 0.03254999999999997 0.02245999999999998
2 0.714845 0.519045 0.03125 0.04198999999999997
2 0.672525 0.518555 0.029950000000000032 0.04296999999999995
2 0.535155 0.47997999999999996 0.03125 0.02245999999999998
2 0.576175 0.47997999999999996 0.03255000000000008 0.02245999999999998
2 0.535155 0.518555 0.03125 0.04296999999999995
2 0.576175 0.518555 0.03255000000000008 0.04296999999999995
3 0.75651 0.9057649999999999 0.10155999999999998 0.13378999999999996
3 0.45703 0.9106449999999999 0.10155999999999998 0.13964999999999994
2 0.60677 0.898925 0.10155999999999998 0.11817
2 0.30599 0.90039 0.10415999999999997 0.11718000000000006
1 0.603515 0.4970695 0.78515 0.9707009999999999
2 0.891275 0.236815 0.07943 0.06542999999999999
4 0.89453 0.32422 0.15103999999999995 0.039059999999999984
4 0.89453 0.483395 0.13801999999999992 0.019529999999999992
4 0.44336 0.48389000000000004 0.07161999999999996 0.016600000000000004
4 0.782555 0.4834 0.041670000000000096 0.01758000000000004
4 0.86068 0.631345 0.0859399999999999 0.04199000000000008
2 0.8639349999999999 0.662595 0.04557 0.03027000000000002
2 0.8639349999999999 0.709965 0.04557 0.04883000000000004
5 0.30989999999999995 0.273435 0.09895999999999999 0.019529999999999992
5 0.89453 0.27734499999999995 0.09896000000000005 0.019529999999999992
5 0.31510499999999997 0.5869150000000001 0.14843 0.052730000000000055
5 0.44531 0.582035 0.06509999999999999 0.037109999999999976
5 0.8678349999999999 0.586425 0.09504999999999997 0.04981000000000002
5 0.7786500000000001 0.57959 0.03646000000000005 0.03808
6 0.42448 0.75488 0.23958000000000002 0.04492000000000007
6 0.80599 0.75049 0.18490000000000006 0.040040000000000076
6 0.63281 0.10205 0.125 0.022460000000000008
6 0.509765 0.23779499999999998 0.12368999999999997 0.03612999999999997
6 0.75065 0.240235 0.12370000000000003 0.03711000000000003
8 0.62565 0.34082 0.045580000000000065 0.07618000000000003
5 0.0670573 0.22705 0.1158854 0.0791
5 0.070315 0.36865000000000003 0.07813 0.016600000000000004
2 0.0709635 0.32372999999999996 0.055989000000000004 0.0791
2 0.07552 0.487305 0.07552 0.11132999999999993
8 0.52018 0.561035 0.06380000000000002 0.024409999999999932
8 0.735025 0.563475 0.06381000000000003 0.025389999999999913
8 0.628255 0.591305 0.035150000000000015 0.026370000000000005
8 0.62826 0.48633000000000004 0.037760000000000016 0.07422000000000001
5 0.44466 0.44336 0.06640000000000001 0.0625
5 0.7806 0.44336 0.04036000000000006 0.06053999999999998
8 0.802735 0.15967 0.055989999999999984 0.10058
8 0.409505 0.157715 0.055989999999999984 0.09667
9 0.602865 0.45215 0.7734300000000001 0.08008000000000004
9 0.60156 0.7661100000000001 0.77344 0.05175999999999992
5 0.079428 0.56006 0.10156399999999999 0.040040000000000076
11 0.41796999999999995 0.751955 0.18749999999999994 0.037109999999999976
11 0.8235699999999999 0.750975 0.18620000000000003 0.03711000000000009
11 0.75456 0.831545 0.11328000000000005 0.024410000000000043
