1 0.5021038 0.5009781 0.9957924 0.9941438
2 0.0525945 0.141604 0.049089 0.111332
2 0.201265 0.141604 0.04909000000000002 0.111332
2 0.348525 0.141604 0.04909000000000002 0.111332
2 0.497895 0.142092 0.053290000000000004 0.110356
2 0.64376 0.143557 0.047679999999999945 0.11328599999999998
2 0.7903249999999999 0.1469735 0.04908999999999997 0.11035299999999999
2 0.931975 0.152833 0.04909000000000008 0.110354
2 0.053997 0.36572 0.054698 0.12597999999999998
2 0.20056000000000002 0.36523 0.053299999999999986 0.125
2 0.34923 0.367675 0.053300000000000014 0.12989
2 0.49579000000000006 0.367675 0.054700000000000026 0.12403000000000003
2 0.929175 0.37549 0.05188999999999999 0.12597999999999998
2 0.785415 0.339845 0.05329000000000006 0.054690000000000016
2 0.64516 0.353025 0.06452000000000002 0.08887
2 0.05960699999999999 0.615235 0.063114 0.14453000000000005
2 0.204065 0.616215 0.06311 0.14452999999999994
2 0.352035 0.6181650000000001 0.06170999999999999 0.14452999999999994
2 0.49929500000000004 0.61719 0.06170999999999999 0.14257999999999993
2 0.64236 0.6167 0.05609999999999993 0.13770000000000004
2 0.7790999999999999 0.6186499999999999 0.057499999999999996 0.13770000000000004
2 0.91725 0.6186499999999999 0.05610000000000004 0.13770000000000004
3 0.641655 0.8876999999999999 0.10799000000000003 0.1933600000000001
3 0.49439 0.8969750000000001 0.05750000000000005 0.17285000000000006
4 0.06241000000000001 0.060059 0.10238 0.051758
4 0.20967999999999998 0.061035000000000006 0.10238 0.051758000000000005
4 0.359745 0.062012 0.10519 0.051758
4 0.509815 0.061035000000000006 0.10518999999999995 0.051758000000000005
4 0.658485 0.0625 0.10799000000000003 0.052734
4 0.8071550000000001 0.0668945 0.10798999999999992 0.053711
4 0.941095 0.0703125 0.10938999999999999 0.052735000000000004
4 0.07082630000000001 0.48828 0.1276274 0.10741999999999996
4 0.215285 0.487795 0.15007 0.11034999999999995
4 0.36816499999999996 0.489745 0.15006999999999998 0.11034999999999995
4 0.9354800000000001 0.49512 0.12341999999999997 0.10156000000000004
4 0.06311505 0.25634500000000005 0.1150099 0.07129000000000002
4 0.21038 0.25537 0.13464 0.07520000000000002
4 0.35905 0.25683500000000004 0.13464000000000004 0.07617000000000002
4 0.9347799999999999 0.269045 0.12482000000000004 0.07519000000000003
5 0.0554 0.43799 0.079944 0.022460000000000035
5 0.20337 0.438965 0.07854 0.02246999999999999
5 0.352735 0.44140500000000005 0.08554999999999996 0.023430000000000006
5 0.06591885 0.70703 0.1122023 0.04491999999999996
5 0.21108 0.70947 0.11079999999999998 0.04589999999999994
5 0.35554 0.7085 0.11080000000000001 0.04590000000000005
5 0.91795 0.70654 0.10238000000000003 0.040039999999999965
6 0.78191 0.39746 0.2230000000000001 0.06640000000000001
6 0.5021 0.450195 0.08976 0.044930000000000025
6 0.7861149999999999 0.706055 0.08274999999999999 0.03906999999999994
6 0.6542749999999999 0.70703 0.10519 0.04491999999999996
6 0.50421 0.707035 0.08836000000000005 0.037109999999999976
8 0.21879500000000002 0.79297 0.030850000000000016 0.039059999999999984
8 0.0729315 0.7924800000000001 0.030854999999999994 0.040039999999999965
8 0.363255 0.79443 0.030850000000000044 0.040039999999999965
8 0.507715 0.79199 0.030850000000000044 0.039059999999999984
8 0.647965 0.77197 0.030850000000000044 0.040039999999999965
8 0.786815 0.7890600000000001 0.030849999999999933 0.039059999999999984
8 0.918655 0.7876000000000001 0.030850000000000044 0.040039999999999965
9 0.50210385 0.05029305 0.9845723 0.08300790000000001
9 0.50140385 0.21875 0.9831723 0.048819999999999975
9 0.5007013 0.75244 0.9873774 0.057620000000000005
10 0.44320000000000004 0.35009500000000005 0.014019999999999977 0.11035
10 0.558905 0.35058500000000004 0.015430000000000055 0.11132999999999998
10 0.59327 0.35009500000000005 0.014020000000000032 0.11035
10 0.70477 0.331055 0.012620000000000076 0.06640999999999997
10 0.7384299999999999 0.33008 0.012619999999999965 0.06640000000000001
10 0.84642 0.33691499999999996 0.012619999999999965 0.06641000000000002
10 0.44460500000000003 0.28564500000000004 0.028049999999999964 0.020509999999999973
10 0.56031 0.28418 0.02946000000000004 0.02148
10 0.5946750000000001 0.28418 0.02805000000000002 0.02148
10 0.7026650000000001 0.28613500000000003 0.02805000000000002 0.021489999999999954
10 0.7391350000000001 0.286625 0.02805000000000002 0.020509999999999973
10 0.8457250000000001 0.29198999999999997 0.02805000000000002 0.02148
10 0.448105 0.530275 0.02945000000000003 0.021489999999999898
10 0.56101 0.5293 0.03086 0.023439999999999905
10 0.596075 0.53027 0.030850000000000044 0.023440000000000016
10 0.7075750000000001 0.53076 0.029450000000000087 0.022459999999999924
10 0.7405349999999999 0.53027 0.030849999999999933 0.023440000000000016
10 0.840815 0.53125 0.029449999999999976 0.023439999999999905
8 0.5105200000000001 0.530275 0.02524000000000004 0.035149999999999904
8 0.6500699999999999 0.53125 0.023839999999999972 0.03516000000000008
8 0.79593 0.530275 0.023839999999999972 0.035149999999999904
10 0.447405 0.607425 0.014029999999999987 0.1328100000000001
10 0.56101 0.607425 0.014019999999999921 0.1328100000000001
10 0.596075 0.609375 0.014029999999999987 0.1328100000000001
10 0.70547 0.608395 0.014020000000000032 0.13280999999999998
10 0.7405349999999999 0.608395 0.014030000000000098 0.13280999999999998
10 0.838005 0.609375 0.015430000000000055 0.1328100000000001
10 0.44530000000000003 0.419435 0.021040000000000003 0.026370000000000005
10 0.56101 0.418455 0.022440000000000015 0.024409999999999987
10 0.44881 0.68164 0.022440000000000015 0.013680000000000025
10 0.563115 0.68164 0.023850000000000038 0.013680000000000025
10 0.596775 0.6811499999999999 0.023850000000000038 0.012700000000000045
10 0.70617 0.68164 0.023839999999999972 0.011719999999999953
10 0.73983 0.68066 0.023840000000000083 0.011720000000000064
10 0.836605 0.68164 0.023850000000000038 0.011719999999999953
2 0.213185 0.83447 0.07293000000000002 0.040039999999999965
2 0.073633 0.8325199999999999 0.074334 0.040039999999999965
2 0.354835 0.83594 0.07293 0.041020000000000056
11 0.7608699999999999 0.88086 0.06311999999999995 0.11328000000000005
11 0.89691 0.83789 0.20056000000000007 0.05078000000000005
11 0.8906000000000001 0.90039 0.04487999999999992 0.07031999999999994
8 0.052595 0.024902 0.043477999999999996 0.028319999999999998
8 0.20126 0.024902 0.04347999999999999 0.028319999999999998
8 0.34923000000000004 0.024902 0.04768 0.028319999999999998
8 0.5 0.0239258 0.04908000000000001 0.028320400000000003
8 0.647965 0.027832000000000003 0.04769000000000001 0.02832
8 0.79383 0.030761999999999998 0.047680000000000056 0.028319999999999998
8 0.93899 0.0356445 0.04908000000000001 0.028321000000000002
