1 0.50460405 0.49902295 0.9907919 0.9843741
2 0.263355 0.122555 0.05893000000000004 0.036129999999999995
2 0.342545 0.125 0.05892999999999998 0.03516000000000001
2 0.46501 0.125975 0.0534 0.03710999999999999
2 0.543275 0.125975 0.05524999999999991 0.03710999999999999
2 0.663905 0.12939499999999998 0.05340999999999996 0.038089999999999985
2 0.73849 0.13036999999999999 0.055239999999999956 0.03807999999999999
2 0.26427500000000004 0.19629000000000002 0.05709000000000003 0.03516
2 0.3407 0.19922 0.055239999999999956 0.03516
2 0.463165 0.19824 0.057089999999999974 0.035160000000000025
2 0.543275 0.200195 0.05524999999999991 0.03514999999999999
2 0.664825 0.20166 0.05525000000000002 0.03417999999999999
2 0.742175 0.20215 0.05525000000000002 0.03516
2 0.7394149999999999 0.27539 0.057089999999999974 0.035160000000000025
2 0.6675850000000001 0.274415 0.057089999999999974 0.035150000000000015
2 0.5423549999999999 0.27539 0.057089999999999974 0.035160000000000025
2 0.46408499999999997 0.27344 0.055249999999999966 0.035160000000000025
2 0.343465 0.27344 0.05709000000000003 0.035160000000000025
2 0.262435 0.274415 0.05709000000000003 0.035150000000000015
2 0.265195 0.34668 0.05525000000000002 0.03515999999999997
2 0.344385 0.34668 0.05525000000000002 0.03515999999999997
2 0.46592999999999996 0.34863 0.05524000000000001 0.03515999999999997
2 0.54512 0.34863 0.05524000000000007 0.03515999999999997
2 0.664825 0.34668 0.05525000000000002 0.03515999999999997
2 0.737565 0.347655 0.057089999999999974 0.035150000000000015
2 0.904235 0.350585 0.05892999999999993 0.035150000000000015
2 0.906075 0.2793 0.05525000000000002 0.03515999999999997
2 0.0911615 0.274415 0.060777000000000005 0.035150000000000015
2 0.0930015 0.34668 0.06445700000000001 0.03515999999999997
2 0.097606 0.42383000000000004 0.055248000000000005 0.035160000000000025
2 0.0957635 0.49804499999999996 0.06261299999999999 0.03514999999999996
2 0.1003665 0.572265 0.057087 0.035150000000000015
2 0.10221249999999998 0.64551 0.05709499999999999 0.03515999999999997
2 0.267955 0.421875 0.057089999999999974 0.035150000000000015
2 0.344385 0.421875 0.05525000000000002 0.035150000000000015
2 0.348065 0.49609499999999995 0.05525000000000002 0.03514999999999996
2 0.267955 0.49609499999999995 0.057089999999999974 0.03514999999999996
2 0.266115 0.5703100000000001 0.057089999999999974 0.03515999999999997
2 0.348065 0.5712900000000001 0.05525000000000002 0.03515999999999997
2 0.465005 0.42285 0.057089999999999974 0.03515999999999997
2 0.546045 0.421875 0.057090000000000085 0.035150000000000015
2 0.663905 0.42383000000000004 0.057089999999999974 0.035160000000000025
2 0.7430950000000001 0.42285 0.057089999999999974 0.03515999999999997
2 0.9051549999999999 0.423825 0.06445000000000001 0.037109999999999976
2 0.904235 0.49707 0.06261000000000005 0.037099999999999966
2 0.741255 0.49609499999999995 0.057090000000000085 0.03514999999999996
2 0.6666650000000001 0.49609499999999995 0.05524999999999991 0.03514999999999996
2 0.543275 0.49609499999999995 0.05524999999999991 0.03514999999999996
2 0.469615 0.49707 0.05525000000000002 0.035160000000000025
2 0.906075 0.569335 0.05525000000000002 0.035150000000000015
2 0.7458549999999999 0.5703100000000001 0.05524999999999991 0.03515999999999997
2 0.663905 0.5703100000000001 0.057089999999999974 0.03515999999999997
2 0.54512 0.569335 0.05524000000000007 0.035150000000000015
2 0.468695 0.5712900000000001 0.05709000000000003 0.03515999999999997
2 0.901475 0.71289 0.057089999999999974 0.03515999999999997
2 0.906995 0.6416 0.057090000000000085 0.03515999999999997
2 0.107735 0.717775 0.057090000000000016 0.035149999999999904
2 0.11325750000000001 0.796875 0.05708500000000001 0.04100999999999999
2 0.11325750000000001 0.802735 0.05708500000000001 0.052729999999999944
2 0.900555 0.78955 0.05525000000000002 0.040039999999999965
2 0.31491499999999994 0.718265 0.10313 0.036129999999999995
2 0.310315 0.6459999999999999 0.09760999999999997 0.040039999999999965
2 0.5092099999999999 0.646485 0.09760000000000002 0.04100999999999999
2 0.70442 0.643555 0.09760000000000002 0.04100999999999999
2 0.7035 0.71631 0.09943999999999997 0.040040000000000076
2 0.51197 0.716795 0.09944000000000003 0.04100999999999999
2 0.31584 0.797365 0.09392 0.04784999999999995
2 0.51105 0.79834 0.09392 0.05175999999999992
2 0.70258 0.7973600000000001 0.09392 0.05175999999999992
2 0.48987 0.052246 0.04787999999999998 0.026368000000000003
2 0.37385 0.051269499999999996 0.04787999999999998 0.026366999999999995
2 0.30387 0.0483395 0.04787999999999998 0.026367
2 0.55617 0.053222500000000006 0.047880000000000034 0.02636700000000001
2 0.67035 0.055664 0.04787999999999992 0.027343999999999993
2 0.74217 0.056152499999999994 0.04787999999999992 0.026366999999999995
3 0.11602000000000001 0.9609350000000001 0.07366000000000002 0.05859000000000003
3 0.89503 0.947265 0.06997999999999993 0.052729999999999944
3 0.324125 0.9238299999999999 0.12155000000000005 0.10741999999999996
3 0.513815 0.921385 0.12155000000000005 0.10644999999999993
3 0.6998150000000001 0.92041 0.12154999999999994 0.10643999999999998
4 0.703495 0.612795 0.14732999999999996 0.012689999999999979
4 0.519335 0.616215 0.14732999999999996 0.01366999999999996
4 0.302025 0.615235 0.14733000000000002 0.01366999999999996
4 0.309395 0.68701 0.14733000000000002 0.012699999999999934
4 0.5119750000000001 0.68701 0.14733000000000007 0.012699999999999934
4 0.700735 0.686035 0.1454899999999999 0.012689999999999979
4 0.30018500000000004 0.09717 0.16575 0.012700000000000003
4 0.5018400000000001 0.0986315 0.16390000000000005 0.011717000000000005
4 0.7016549999999999 0.1001 0.16574999999999995 0.012700000000000003
4 0.7062649999999999 0.037109500000000004 0.14549 0.011719
4 0.525785 0.0361325 0.14549 0.011719
4 0.335175 0.03125 0.15100999999999998 0.011718000000000003
5 0.0911595 0.293945 0.09392099999999999 0.013670000000000015
5 0.0930005 0.36914 0.093919 0.011720000000000008
5 0.0911595 0.444825 0.09392099999999999 0.010749999999999982
5 0.0985275 0.51904 0.09392500000000001 0.010740000000000083
5 0.1022095 0.59326 0.093921 0.010739999999999972
5 0.1003685 0.666505 0.09392299999999998 0.010750000000000037
5 0.10957750000000001 0.742675 0.09392500000000001 0.010750000000000037
5 0.265195 0.517575 0.07367000000000001 0.007810000000000095
4 0.10865699999999999 0.7675799999999999 0.117866 0.011720000000000064
5 0.26243 0.14453 0.07182 0.007819999999999994
5 0.33794 0.14599499999999999 0.07182 0.008789999999999992
5 0.46685 0.146485 0.07182 0.007809999999999984
5 0.5442 0.14697500000000002 0.07182 0.008789999999999992
5 0.66206 0.14941500000000002 0.07182 0.007810000000000011
5 0.7430950000000001 0.149905 0.07182999999999995 0.008789999999999992
5 0.74125 0.22168 0.07182 0.007820000000000021
5 0.66206 0.222655 0.07182 0.007810000000000011
5 0.5442 0.22070499999999998 0.07182 0.007810000000000011
5 0.461325 0.220215 0.07183 0.008789999999999992
5 0.34162 0.219725 0.07182 0.007809999999999984
5 0.26059 0.21875 0.07182 0.007819999999999994
5 0.26243 0.293455 0.07182 0.00879000000000002
5 0.34346 0.294435 0.07182 0.008789999999999965
5 0.461325 0.29541 0.07183 0.00878000000000001
5 0.54604 0.295895 0.07182 0.007809999999999984
5 0.663905 0.29541 0.07182999999999995 0.00878000000000001
5 0.73941 0.295895 0.07182 0.007809999999999984
5 0.906075 0.299315 0.08103000000000005 0.008789999999999965
5 0.907915 0.37207 0.08103000000000005 0.007819999999999994
5 0.265195 0.367185 0.07367000000000001 0.007809999999999984
5 0.35175 0.36914 0.07366 0.007819999999999994
5 0.469615 0.369625 0.07366999999999996 0.00879000000000002
5 0.549725 0.36816499999999996 0.07550999999999997 0.007810000000000039
5 0.665745 0.36816499999999996 0.07550999999999997 0.007810000000000039
5 0.752305 0.371095 0.07550999999999997 0.007809999999999984
5 0.9116 0.44384500000000005 0.07365999999999995 0.00879000000000002
5 0.7477 0.44238500000000003 0.07365999999999995 0.007810000000000039
5 0.66022 0.44384500000000005 0.07550000000000001 0.00879000000000002
5 0.548805 0.44336 0.07367000000000001 0.007819999999999994
5 0.468695 0.44238500000000003 0.07550999999999997 0.007810000000000039
5 0.34253999999999996 0.441405 0.07366 0.007809999999999984
5 0.26335 0.441405 0.07366 0.007809999999999984
5 0.34714500000000004 0.515625 0.07551000000000002 0.007810000000000095
5 0.656535 0.514645 0.07550999999999997 0.007809999999999984
5 0.744935 0.516605 0.07550999999999997 0.007809999999999984
5 0.752305 0.589845 0.07550999999999997 0.007809999999999984
5 0.665745 0.588865 0.07550999999999997 0.007809999999999984
5 0.551565 0.590335 0.07550999999999997 0.008789999999999965
5 0.479745 0.591305 0.07550999999999997 0.008789999999999965
5 0.34714500000000004 0.590335 0.07551000000000002 0.008789999999999965
5 0.269795 0.5917950000000001 0.07551 0.007809999999999984
5 0.906995 0.5185550000000001 0.07550999999999997 0.007809999999999984
5 0.906995 0.590335 0.07550999999999997 0.008789999999999965
5 0.9088400000000001 0.66211 0.07550000000000001 0.007819999999999938
5 0.9042349999999999 0.730955 0.07367000000000001 0.008789999999999965
4 0.904235 0.7612300000000001 0.11786999999999992 0.012700000000000045
6 0.11142 0.8237300000000001 0.08656 0.01856000000000002
6 0.49908 0.817385 0.64088 0.019530000000000047
6 0.90055 0.81738 0.09575999999999996 0.023439999999999905
6 0.70442 0.662595 0.1381199999999999 0.026370000000000005
6 0.7081 0.7387699999999999 0.1381199999999999 0.02636000000000005
6 0.505525 0.740725 0.13813000000000003 0.026370000000000005
6 0.505525 0.66455 0.13813000000000003 0.02636000000000005
6 0.31031 0.739745 0.13812 0.026370000000000005
6 0.30479 0.666505 0.13812000000000002 0.026370000000000005
7 0.0920835 0.274415 0.055253 0.03125
7 0.26243 0.11182 0.049719999999999986 0.01074
7 0.34253999999999996 0.1167 0.051559999999999995 0.016600000000000004
7 0.46501000000000003 0.117675 0.04972000000000004 0.01855000000000001
7 0.541435 0.11718500000000001 0.051569999999999894 0.019530000000000006
7 0.663905 0.11621000000000001 0.04972999999999994 0.007820000000000008
7 0.7375700000000001 0.117675 0.0497200000000001 0.008789999999999992
7 0.26059 0.26123 0.049719999999999986 0.00878000000000001
7 0.34253999999999996 0.26221 0.051559999999999995 0.010739999999999972
7 0.46409 0.26465 0.05156000000000005 0.015619999999999967
7 0.541435 0.26807000000000003 0.051569999999999894 0.016600000000000004
7 0.906995 0.268555 0.05340999999999996 0.011709999999999998
7 0.0930035 0.33496000000000004 0.057093000000000005 0.007819999999999994
7 0.345305 0.336425 0.049729999999999996 0.012690000000000035
7 0.46501 0.339355 0.0534 0.016610000000000014
7 0.54512 0.339845 0.05155999999999994 0.015630000000000033
7 0.665745 0.339355 0.04972999999999994 0.016610000000000014
7 0.7403299999999999 0.33984000000000003 0.05155999999999994 0.017579999999999985
7 0.906075 0.34130499999999997 0.05893000000000004 0.014649999999999996
7 0.9051549999999999 0.416015 0.057089999999999974 0.01757000000000003
7 0.7430950000000001 0.41162 0.05341000000000007 0.012699999999999989
7 0.663905 0.41308500000000004 0.04972999999999994 0.013670000000000015
7 0.5442 0.41211 0.049719999999999986 0.01367999999999997
7 0.46592999999999996 0.41064500000000004 0.051559999999999995 0.00879000000000002
7 0.345305 0.41113500000000003 0.049729999999999996 0.013670000000000015
7 0.267955 0.41211 0.049730000000000024 0.01367999999999997
7 0.09668650000000001 0.41113500000000003 0.04972700000000001 0.009770000000000001
7 0.095764 0.486815 0.05893200000000001 0.012689999999999979
7 0.267955 0.48633000000000004 0.049730000000000024 0.011720000000000008
7 0.469615 0.49072000000000005 0.051570000000000005 0.02245999999999998
7 0.5442 0.486325 0.049719999999999986 0.01366999999999996
7 0.66759 0.486815 0.049719999999999986 0.014649999999999996
7 0.742175 0.48486 0.051570000000000005 0.010739999999999972
7 0.904235 0.48535 0.05892999999999993 0.009759999999999991
7 0.1003675 0.563965 0.053404999999999994 0.016609999999999903
7 0.267955 0.5605450000000001 0.049730000000000024 0.01366999999999996
7 0.348065 0.5644549999999999 0.051570000000000005 0.019529999999999936
7 0.9051549999999999 0.55664 0.04972999999999994 0.007819999999999938
7 0.744015 0.558595 0.04788999999999999 0.009769999999999945
7 0.66667 0.5581050000000001 0.04420000000000002 0.008789999999999965
7 0.6620600000000001 0.189945 0.04603999999999997 0.00879000000000002
7 0.742175 0.19043 0.051570000000000005 0.009760000000000019
7 0.5442 0.18701 0.049719999999999986 0.006839999999999985
7 0.46501000000000003 0.186035 0.04972000000000004 0.006830000000000003
7 0.26335 0.183105 0.051559999999999995 0.006830000000000003
7 0.33977999999999997 0.1875 0.046040000000000025 0.007819999999999994
7 0.47053500000000004 0.55957 0.049729999999999996 0.009759999999999991
7 0.10128799999999999 0.63525 0.051563999999999985 0.010739999999999972
7 0.31031 0.633785 0.09024000000000004 0.01366999999999996
7 0.51013 0.6337900000000001 0.08839999999999998 0.011720000000000064
7 0.70442 0.62793 0.09023999999999999 0.005859999999999976
7 0.113259 0.785155 0.04972199999999999 0.01366999999999996
7 0.899635 0.777345 0.05341000000000007 0.01562999999999992
8 0.11418299999999999 0.89111 0.147334 0.06738
8 0.50092 0.84033 0.53038 0.022460000000000035
8 0.895945 0.88086 0.12707000000000002 0.06445999999999996
8 0.198895 0.7832 0.05156999999999998 0.05078000000000005
8 0.401475 0.7832 0.05156999999999995 0.05078000000000005
8 0.598525 0.78223 0.051570000000000005 0.05078000000000005
8 0.801105 0.7793 0.051570000000000005 0.05078000000000005
8 0.08747949999999999 0.6630849999999999 0.08656099999999999 0.054690000000000016
8 0.907 0.6567350000000001 0.08655999999999997 0.053710000000000035
9 0.5082895000000001 0.84033 0.972381 0.028320000000000012
10 0.405155 0.9165049999999999 0.03315000000000001 0.11231000000000002
10 0.19981500000000002 0.9174800000000001 0.03498999999999999 0.11229999999999996
10 0.599445 0.9150400000000001 0.03499000000000008 0.11327999999999994
10 0.794655 0.91162 0.03499000000000008 0.11230000000000007
10 0.403315 0.97803 0.04788999999999999 0.010740000000000083
10 0.20074 0.97998 0.04787999999999998 0.010739999999999972
10 0.60129 0.976075 0.049719999999999986 0.010750000000000037
10 0.79558 0.9731449999999999 0.047880000000000034 0.010749999999999926
10 0.19982 0.856935 0.04604 0.008790000000000076
10 0.40147 0.85547 0.047880000000000034 0.00782000000000005
10 0.6003700000000001 0.854005 0.047880000000000034 0.008790000000000076
10 0.7928200000000001 0.851075 0.04603999999999997 0.008789999999999965
