1 0.5101625 0.550565 0.947155 0.88989
2 0.11687049999999999 0.453935 0.071139 0.08539000000000002
2 0.21239999999999998 0.45618000000000003 0.07114000000000001 0.08539999999999998
2 0.39126 0.45730499999999996 0.07113999999999998 0.08315
2 0.57012 0.45842499999999997 0.07113999999999998 0.08539000000000002
2 0.74898 0.45842499999999997 0.07113999999999998 0.08539000000000002
2 0.8689 0.46292 0.07113999999999998 0.08539999999999998
2 0.87398 0.6134850000000001 0.06503999999999999 0.07640999999999998
2 0.7439 0.611235 0.06503999999999999 0.07640999999999998
2 0.56504 0.60899 0.06503999999999999 0.07640000000000002
2 0.39228 0.607865 0.06503999999999999 0.07414999999999994
2 0.204265 0.60562 0.06707000000000002 0.07416
2 0.109758 0.6022449999999999 0.06504399999999999 0.07191000000000003
2 0.48983999999999994 0.85955 0.04877999999999999 0.11012
2 0.63313 0.8393250000000001 0.07113999999999998 0.07865
2 0.13821 0.850565 0.03251999999999999 0.12809000000000004
2 0.175815 0.851685 0.030490000000000017 0.13033000000000006
2 0.275405 0.19438 0.030490000000000017 0.06966
2 0.316055 0.193255 0.03048999999999996 0.07191
2 0.070122 0.194385 0.022357999999999996 0.015730000000000022
2 0.15549000000000002 0.19550499999999998 0.02236000000000002 0.017970000000000014
2 0.656505 0.3 0.02032999999999996 0.015739999999999976
3 0.8363849999999999 0.8606750000000001 0.16057 0.12134999999999996
5 0.112803 0.50112 0.103654 0.01797999999999994
5 0.21748 0.50112 0.09756000000000001 0.01797999999999994
5 0.39228 0.504495 0.09755999999999998 0.015730000000000022
5 0.57317 0.50562 0.09755999999999998 0.017979999999999996
5 0.74797 0.50562 0.09350000000000003 0.017979999999999996
5 0.87297 0.507865 0.09145999999999999 0.01797000000000004
5 0.11280649999999999 0.644945 0.09146699999999999 0.01797000000000004
5 0.208335 0.6471899999999999 0.09147000000000002 0.017979999999999996
5 0.38923 0.64944 0.09145999999999999 0.017979999999999996
5 0.567075 0.6516850000000001 0.09349000000000007 0.01796999999999993
5 0.74492 0.65618 0.09145999999999999 0.017979999999999996
5 0.870935 0.65618 0.09146999999999994 0.017979999999999996
5 0.15752 0.92247 0.09960000000000001 0.011239999999999917
5 0.4939 0.9202250000000001 0.08129999999999998 0.011229999999999962
5 0.63923 0.8831450000000001 0.10365999999999997 0.01796999999999993
7 0.271345 0.455055 0.03454999999999997 0.08315
7 0.336385 0.45618000000000003 0.03454999999999997 0.08539999999999998
7 0.44715499999999997 0.45842499999999997 0.036589999999999956 0.08539000000000002
7 0.058942999999999995 0.45281 0.036586 0.08313999999999999
7 0.5172749999999999 0.45730499999999996 0.03454999999999997 0.08315
7 0.62805 0.45730499999999996 0.03658000000000006 0.08315
7 0.697155 0.45842499999999997 0.03659000000000001 0.08539000000000002
7 0.80183 0.45842499999999997 0.034560000000000035 0.08539000000000002
7 0.814025 0.46067 0.03455000000000008 0.08090000000000003
7 0.924795 0.460675 0.03659000000000001 0.08538999999999997
7 0.061992 0.60112 0.030488 0.07416
7 0.259145 0.604495 0.03455 0.07641000000000009
7 0.338415 0.604495 0.034550000000000025 0.07641000000000009
7 0.446135 0.60562 0.03454999999999997 0.07416
7 0.51118 0.60562 0.034560000000000035 0.07416
7 0.62195 0.60562 0.03658000000000006 0.07416
7 0.694105 0.61236 0.03454999999999997 0.07416
7 0.7957350000000001 0.61236 0.03454999999999997 0.07416
7 0.82114 0.61236 0.03658000000000006 0.07416
7 0.925815 0.6134850000000001 0.03454999999999997 0.07640999999999998
8 0.2937 0.78427 0.33536 0.24719999999999998
9 0.5101600000000001 0.39775 0.9390200000000001 0.04493999999999998
9 0.51626 0.5539350000000001 0.8130000000000001 0.01572999999999991
11 0.76118 0.75281 0.3435 0.06742000000000004
