1 0.45898328 0.512879 0.91601344 0.974242
2 0.10449249999999999 0.22879 0.046874999999999986 0.11818000000000004
2 0.105959 0.448485 0.045902 0.11819000000000002
2 0.105467 0.67197 0.042966000000000004 0.11665999999999999
2 0.105959 0.90227 0.045902 0.13182000000000005
2 0.84326 0.45 0.04590000000000005 0.11818000000000006
2 0.842775 0.2303 0.04687000000000008 0.11212
2 0.844725 0.66818 0.042970000000000064 0.11817999999999995
2 0.84326 0.89621 0.04590000000000005 0.13181999999999994
2 0.257325 0.23257500000000003 0.03613000000000002 0.11061000000000001
2 0.25537 0.451515 0.036140000000000005 0.11819000000000002
2 0.25732 0.67197 0.03417999999999999 0.11665999999999999
2 0.2793 0.90076 0.04491999999999996 0.13182000000000005
2 0.41942999999999997 0.90076 0.045899999999999996 0.13182000000000005
2 0.5605450000000001 0.89924 0.042970000000000064 0.13181999999999994
2 0.30713 0.23257500000000003 0.036140000000000005 0.11061000000000001
2 0.39795 0.23409 0.036140000000000005 0.11059999999999998
2 0.447755 0.23409 0.036129999999999995 0.11059999999999998
2 0.538575 0.23485 0.036129999999999995 0.11212
2 0.5878950000000001 0.23636000000000001 0.03711000000000009 0.11212000000000003
2 0.678225 0.23636000000000001 0.036129999999999995 0.11212000000000003
2 0.728025 0.23257500000000003 0.036129999999999995 0.11061000000000001
2 0.305175 0.451515 0.03613000000000005 0.11819000000000002
2 0.395995 0.45303000000000004 0.036129999999999995 0.11818000000000001
2 0.446775 0.450755 0.036129999999999995 0.11667000000000005
2 0.535155 0.451515 0.03711000000000009 0.11819000000000002
2 0.587405 0.449245 0.036129999999999995 0.11667000000000005
2 0.677245 0.451515 0.036129999999999995 0.11819000000000002
2 0.72705 0.453785 0.03613999999999995 0.11667
2 0.30518 0.67273 0.03417999999999999 0.11818000000000006
2 0.39746000000000004 0.67197 0.035160000000000025 0.11665999999999999
2 0.44678 0.67424 0.03417999999999999 0.11818000000000006
2 0.5366200000000001 0.66894 0.03417999999999999 0.11665999999999999
2 0.58545 0.671215 0.03417999999999999 0.11515000000000009
2 0.67676 0.670455 0.03515999999999997 0.11667000000000005
2 0.72803 0.670455 0.03417999999999999 0.11667000000000005
3 0.702635 0.915905 0.08691000000000004 0.15908999999999995
5 0.10839750000000001 0.289395 0.066405 0.015149999999999997
5 0.282715 0.29242 0.10448999999999997 0.01212000000000002
5 0.28125 0.51288 0.10546 0.010599999999999943
5 0.10790949999999999 0.51288 0.06738100000000001 0.013640000000000096
5 0.107911 0.7363599999999999 0.06933800000000001 0.018179999999999974
5 0.28320500000000004 0.73485 0.10547000000000001 0.012119999999999909
5 0.42432000000000003 0.294695 0.1084 0.010610000000000008
5 0.42334000000000005 0.51515 0.1084 0.012119999999999909
5 0.42334000000000005 0.73485 0.1084 0.012119999999999909
5 0.563965 0.29394 0.1083900000000001 0.012119999999999964
5 0.563965 0.5136400000000001 0.1083900000000001 0.01212000000000002
5 0.5625 0.73333 0.10742000000000007 0.01212000000000002
5 0.70459 0.295455 0.10839999999999994 0.01213000000000003
5 0.70557 0.5136400000000001 0.10839999999999994 0.01212000000000002
5 0.7036100000000001 0.73485 0.10839999999999994 0.012119999999999909
5 0.8457049999999999 0.29394 0.06640999999999997 0.015160000000000007
5 0.84424 0.513635 0.06738 0.015149999999999997
5 0.8457049999999999 0.7340899999999999 0.06640999999999997 0.013639999999999985
9 0.45800985 0.0810615 0.9101602999999999 0.101517
