1 0.47522 0.49853655 0.5393600000000001 0.9931669
2 0.47522 0.22314499999999998 0.10495999999999994 0.06542999999999999
2 0.48251 0.5966750000000001 0.09037999999999996 0.08788999999999991
2 0.47084499999999996 0.42041 0.055389999999999995 0.05371999999999999
2 0.869535 0.81836 0.03644999999999998 0.08984000000000003
2 0.91472 0.818845 0.03644000000000003 0.08887
2 0.50729 0.82666 0.029159999999999964 0.11815999999999993
2 0.473035 0.825195 0.03060999999999997 0.12108999999999992
2 0.453355 0.067383 0.08455000000000001 0.03125
8 0.47375999999999996 0.17285 0.15451999999999994 0.08398
8 0.48251 0.53369 0.19242000000000004 0.12402000000000002
4 0.49344 0.73779 0.15305999999999997 0.14160000000000006
8 0.496355 0.930175 0.08017000000000002 0.045889999999999986
8 0.61589 0.91309 0.08599999999999997 0.01758000000000004
8 0.7033499999999999 0.913575 0.07433999999999996 0.020510000000000028
8 0.36224500000000004 0.9106449999999999 0.08893000000000001 0.018549999999999955
8 0.277695 0.90918 0.06851000000000002 0.015619999999999967
8 0.22594999999999998 0.858885 0.03790000000000002 0.15137
6 0.47230000000000005 0.07958849999999999 0.46356 0.10058299999999999
9 0.47522 0.14745999999999998 0.52478 0.04491999999999999
9 0.47448999999999997 0.5083 0.52624 0.08496000000000004
9 0.47522 0.9033199999999999 0.5277000000000001 0.023440000000000016
10 0.35277000000000003 0.315915 0.05829999999999996 0.25293
10 0.26093500000000003 0.315915 0.05831 0.25293
10 0.6005849999999999 0.317875 0.05830999999999997 0.25293
10 0.69242 0.31738500000000003 0.05830000000000002 0.25391
10 0.610055 0.7167950000000001 0.05976999999999999 0.30859000000000003
10 0.703355 0.71533 0.05976999999999999 0.30762
10 0.35933000000000004 0.71289 0.05975999999999998 0.3086
10 0.27041000000000004 0.7133750000000001 0.05102000000000001 0.30957
10 0.260205 0.452145 0.07143000000000002 0.019529999999999992
10 0.352045 0.452145 0.07143 0.019529999999999992
10 0.60277 0.454105 0.07142000000000004 0.019529999999999992
10 0.6931449999999999 0.45557000000000003 0.07143 0.02245999999999998
10 0.610055 0.887205 0.06851000000000007 0.03222999999999998
10 0.703355 0.8862300000000001 0.06850999999999996 0.03417999999999999
10 0.35860000000000003 0.884765 0.07288 0.035150000000000015
10 0.274055 0.884765 0.05830999999999997 0.03320999999999996
10 0.699705 0.55029 0.08162999999999998 0.022460000000000035
10 0.6107849999999999 0.5512699999999999 0.08162999999999998 0.022460000000000035
10 0.35568500000000003 0.5473600000000001 0.08163000000000004 0.022460000000000035
10 0.26968000000000003 0.54834 0.08163999999999999 0.022460000000000035
10 0.35277000000000003 0.17822 0.06997999999999999 0.022460000000000008
10 0.26166500000000004 0.17822 0.06851000000000002 0.022460000000000008
10 0.6005849999999999 0.18018 0.06996999999999998 0.022460000000000008
10 0.69242 0.1792 0.06998000000000004 0.02245999999999998
8 0.80831 0.822265 0.033519999999999994 0.08203000000000005
8 0.7193849999999999 0.95947 0.04226999999999992 0.06934000000000007
8 0.892855 0.71582 0.18804999999999994 0.05274000000000001
8 0.945335 0.58301 0.07143 0.125
