1 0.5015015 0.5019531 0.996997 0.9960938
2 0.1426445 0.120604 0.08709099999999999 0.08691200000000002
2 0.29054 0.11963100000000002 0.08558000000000002 0.08691800000000001
2 0.433935 0.120119 0.08709 0.08594200000000002
2 0.5833349999999999 0.120604 0.08558999999999994 0.08691200000000002
2 0.725225 0.1210925 0.08709 0.08593500000000001
2 0.87162 0.120604 0.08557999999999999 0.08691200000000002
2 0.1426445 0.266115 0.08709099999999999 0.08691000000000002
2 0.29129 0.265135 0.08708000000000002 0.08690999999999999
2 0.433935 0.266115 0.08709 0.08691000000000002
2 0.58183 0.265135 0.08557999999999999 0.08690999999999999
2 0.7282249999999999 0.268065 0.08709 0.08691000000000002
2 0.8678650000000001 0.265135 0.08709 0.08690999999999999
2 0.8678650000000001 0.40918 0.08709 0.08594000000000002
2 0.7214700000000001 0.4082 0.0855800000000001 0.08594000000000002
2 0.57883 0.40674 0.08557999999999999 0.08692
2 0.433935 0.40918 0.08709 0.08594000000000002
2 0.287535 0.40918 0.08559 0.08594000000000002
2 0.1426445 0.41162 0.08709099999999999 0.08692
2 0.14113900000000001 0.553225 0.087082 0.08691000000000004
2 0.28603500000000004 0.5571299999999999 0.08559 0.08692
2 0.436935 0.552245 0.08709 0.08691000000000004
2 0.58033 0.552245 0.08557999999999999 0.08691000000000004
2 0.723725 0.550295 0.08709 0.08691000000000004
2 0.864865 0.550295 0.08709 0.08691000000000004
2 0.084837 0.7036100000000001 0.08258599999999999 0.08496000000000004
2 0.18994 0.7036100000000001 0.08257999999999999 0.08496000000000004
2 0.29655 0.7036100000000001 0.08257999999999999 0.08496000000000004
2 0.40165 0.70557 0.08257999999999999 0.08496000000000004
2 0.6081099999999999 0.7036100000000001 0.08408000000000004 0.08496000000000004
2 0.7169650000000001 0.704105 0.09158999999999995 0.08789000000000002
2 0.82057 0.702145 0.09160000000000001 0.08789000000000002
2 0.91967 0.701175 0.09160000000000001 0.08789000000000002
6 0.87913 0.16602 0.22372000000000003 0.0625
6 0.87913 0.30957 0.21772000000000002 0.054680000000000006
6 0.873875 0.45703000000000005 0.22522999999999993 0.05077999999999999
6 0.8731249999999999 0.60156 0.21471000000000007 0.04492000000000007
8 0.28979 0.62451 0.033040000000000014 0.016599999999999948
8 0.146395 0.62451 0.03153 0.016599999999999948
8 0.433935 0.623535 0.033030000000000004 0.016609999999999903
8 0.574325 0.625 0.03153000000000006 0.01757999999999993
8 0.7177150000000001 0.625 0.033030000000000004 0.01757999999999993
9 0.5067555 0.0375978 0.971469 0.0556644
9 0.5030034999999999 0.476075 0.972973 0.057609999999999995
9 0.50976 0.620115 0.95946 0.05859000000000003
9 0.5037550000000001 0.7749 0.96847 0.05566000000000004
10 0.21696500000000002 0.552735 0.055550000000000016 0.06445000000000001
10 0.0593095 0.5532250000000001 0.076577 0.06542999999999999
10 0.36036 0.552735 0.05406 0.06445000000000001
10 0.503755 0.551755 0.05554999999999993 0.06445000000000001
10 0.65015 0.551755 0.05406 0.06445000000000001
10 0.7965450000000001 0.55078 0.0555500000000001 0.06446000000000007
10 0.951205 0.550295 0.07057000000000002 0.06542999999999999
10 0.059309 0.5918 0.08258199999999999 0.011719999999999953
10 0.21697 0.5918 0.05856 0.011719999999999953
10 0.36336 0.59082 0.06006 0.011719999999999953
10 0.50751 0.59033 0.06006 0.012699999999999934
10 0.65165 0.59033 0.06006 0.012699999999999934
10 0.795045 0.58887 0.0585500000000001 0.011719999999999953
10 0.9482 0.58838 0.08557999999999999 0.012699999999999934
10 0.0593085 0.513675 0.08558299999999999 0.013670000000000071
10 0.21622 0.513185 0.06006 0.014650000000000052
10 0.36186 0.512205 0.06006 0.014650000000000052
10 0.50601 0.512205 0.06005999999999995 0.014650000000000052
10 0.65165 0.512695 0.06006 0.015630000000000033
10 0.7973 0.51123 0.06006 0.014639999999999986
10 0.9519500000000001 0.51123 0.08107999999999993 0.014639999999999986
11 0.501503 0.9306650000000001 0.990994 0.13280999999999998
