1 0.532625 0.49489 0.82245 0.9815999999999999
2 0.43551 0.24233 0.060699999999999976 0.06747999999999998
2 0.44006 0.433535 0.06676000000000004 0.07771
2 0.44082 0.628835 0.06828000000000001 0.08384999999999998
2 0.8399099999999999 0.253575 0.05613999999999997 0.06952999999999998
2 0.545525 0.43456 0.08649000000000007 0.08384000000000003
2 0.54173 0.24642000000000003 0.08497999999999994 0.07158
2 0.545525 0.62679 0.08649000000000007 0.08384000000000003
2 0.85129 0.43763 0.07889999999999997 0.08179999999999998
2 0.855085 0.62781 0.07739000000000007 0.08179999999999998
2 0.191955 0.43557999999999997 0.11077000000000001 0.08998
2 0.191955 0.62986 0.11077000000000001 0.08997999999999995
2 0.699545 0.11145250000000001 0.03641000000000005 0.04703500000000001
2 0.705615 0.7137 0.06980999999999993 0.1063400000000001
2 0.704095 0.55419 0.06677 0.17178
2 0.7033400000000001 0.36912 0.06828000000000001 0.16974
2 0.6995450000000001 0.23313 0.06981000000000004 0.07362000000000002
2 0.85736 0.82209 0.07889999999999997 0.08179999999999998
3 0.384675 0.910025 0.05615000000000003 0.15132999999999996
2 0.384675 0.81186 0.044009999999999994 0.03271999999999997
7 0.19272 0.628835 0.10621999999999998 0.08792999999999995
7 0.854325 0.627815 0.0758700000000001 0.07770999999999995
7 0.85205 0.412065 0.07435999999999998 0.026590000000000003
7 0.54173 0.24642000000000003 0.08194000000000001 0.06748000000000001
9 0.54173 0.32311 0.79818 0.024540000000000006
9 0.53414 0.780165 0.80728 0.03885000000000005
11 0.24279 0.85583 0.15782 0.1452
11 0.530345 0.8670800000000001 0.17146999999999996 0.14723999999999993
11 0.38012 0.7525550000000001 0.10470000000000002 0.044989999999999974
