1 0.4584955 0.569375 0.8154290000000001 0.86125
2 0.134765 0.341875 0.048829999999999985 0.11375000000000002
2 0.27490000000000003 0.345 0.04980000000000001 0.11249999999999999
2 0.392575 0.345 0.04883000000000004 0.11249999999999999
2 0.13623 0.5525 0.04786 0.11499999999999999
2 0.27490499999999995 0.553125 0.047850000000000004 0.11374999999999996
2 0.393555 0.553125 0.048829999999999985 0.11374999999999996
4 0.275395 0.4775 0.09375 0.057499999999999996
4 0.394535 0.47875 0.09375 0.0625
4 0.13476549999999998 0.476875 0.093749 0.05874999999999997
4 0.51172 0.48062499999999997 0.09570000000000001 0.06124999999999997
4 0.63086 0.48062499999999997 0.09765999999999997 0.06374999999999997
4 0.770505 0.475 0.10546999999999995 0.05750000000000005
2 0.510255 0.343125 0.049809999999999965 0.11375000000000002
2 0.628905 0.343125 0.04883000000000004 0.11375000000000002
2 0.769045 0.339375 0.04784999999999995 0.11625000000000002
2 0.50928 0.5525 0.04980000000000001 0.11499999999999999
2 0.62793 0.5525 0.048820000000000086 0.11499999999999999
2 0.767575 0.55125 0.04882999999999993 0.11499999999999999
2 0.50879 0.755 0.04882000000000003 0.11749999999999994
2 0.62744 0.7549999999999999 0.049800000000000066 0.12
2 0.766115 0.753125 0.04980999999999991 0.11875000000000002
4 0.768555 0.67375 0.09960999999999998 0.07250000000000001
4 0.6303700000000001 0.67625 0.09667999999999999 0.07250000000000001
4 0.51074 0.6775 0.09570000000000001 0.07499999999999996
4 0.136232 0.671875 0.09277600000000001 0.06875000000000009
4 0.27539 0.675 0.09180000000000002 0.06999999999999995
4 0.393555 0.674375 0.09375 0.07124999999999992
2 0.136715 0.755 0.04883 0.11749999999999994
2 0.27441499999999996 0.755625 0.048829999999999985 0.11624999999999996
2 0.39209000000000005 0.755 0.04980000000000001 0.11499999999999999
2 0.27539 0.22375 0.04102 0.03
2 0.13721 0.221875 0.040040000000000006 0.03125
2 0.39307000000000003 0.224375 0.04004000000000002 0.03375
2 0.51025 0.223125 0.04004000000000002 0.03375
2 0.629395 0.221875 0.04003000000000001 0.03375
2 0.771485 0.21687499999999998 0.044930000000000025 0.03624999999999998
2 0.9292 0.24375000000000002 0.02636000000000005 0.022499999999999992
2 0.584965 0.9456249999999999 0.04883000000000004 0.09875
2 0.760745 0.9456249999999999 0.04882999999999993 0.09875
2 0.31640500000000005 0.9456249999999999 0.048829999999999985 0.09875
2 0.136715 0.9468749999999999 0.04883 0.09875
5 0.1352515 0.830625 0.07909700000000001 0.036250000000000004
5 0.27393 0.83125 0.07909999999999998 0.03749999999999998
5 0.393555 0.83125 0.07812999999999998 0.03749999999999998
5 0.51025 0.8318749999999999 0.07909999999999995 0.036250000000000004
5 0.76953 0.830625 0.07812000000000008 0.036250000000000004
5 0.62549 0.8318749999999999 0.07909999999999995 0.036250000000000004
9 0.453612 0.20500000000000002 0.8017559999999999 0.12500000000000003
9 0.45458899999999997 0.415 0.799802 0.04749999999999999
9 0.4570305 0.6212500000000001 0.8007789999999999 0.025000000000000022
9 0.45751899999999995 0.840625 0.805662 0.061249999999999916
9 0.455569 0.9337500000000001 0.8017620000000001 0.025000000000000022
8 0.88672 0.24375 0.01758000000000004 0.044999999999999984
