1 0.5000017999999999 0.5014631 0.9977564 0.9951138
2 0.9359550000000001 0.16650500000000001 0.049429999999999974 0.07715000000000002
2 0.7376400000000001 0.16308499999999998 0.05280000000000007 0.07616999999999999
2 0.536515 0.160645 0.052810000000000024 0.07518999999999999
2 0.336515 0.16308499999999998 0.052810000000000024 0.07616999999999999
2 0.142135 0.165035 0.052809999999999996 0.07616999999999999
2 0.938765 0.30761499999999997 0.052810000000000024 0.08202999999999999
2 0.74045 0.30371499999999996 0.05168000000000006 0.08202999999999999
2 0.5353950000000001 0.302245 0.05280999999999991 0.08300999999999997
2 0.333145 0.30371499999999996 0.05280999999999997 0.08202999999999999
2 0.1382 0.30810499999999996 0.05167999999999999 0.08300999999999997
2 0.135955 0.46094 0.05843000000000001 0.09179999999999994
2 0.332585 0.4585 0.05843000000000004 0.09081999999999996
2 0.535955 0.45801 0.05842999999999998 0.09179999999999999
2 0.737645 0.4585 0.05954999999999999 0.09081999999999996
2 0.333145 0.63086 0.05955000000000005 0.09179999999999999
2 0.738765 0.63086 0.05954999999999999 0.09179999999999999
2 0.5348299999999999 0.622555 0.05842000000000003 0.07714999999999994
2 0.334265 0.788575 0.05954999999999999 0.06738999999999995
2 0.534265 0.791505 0.05954999999999999 0.06739000000000006
2 0.738205 0.79053 0.05842999999999998 0.06738
3 0.535955 0.936525 0.09662999999999994 0.11719000000000002
4 0.135391 0.24560500000000002 0.10673800000000001 0.03027000000000002
4 0.33314999999999995 0.24218499999999998 0.10674 0.031249999999999972
4 0.53652 0.24120999999999998 0.10674 0.03319999999999998
4 0.7398899999999999 0.24316500000000002 0.10673999999999995 0.03320999999999999
4 0.94101 0.24707 0.10674000000000006 0.03320000000000001
4 0.7415750000000001 0.39453000000000005 0.10787000000000002 0.04102
4 0.94045 0.40234000000000003 0.10111999999999999 0.05077999999999999
4 0.5353950000000001 0.39941499999999996 0.11123000000000005 0.05273
4 0.32921500000000004 0.40136499999999997 0.11010999999999999 0.05273
4 0.133144 0.39990499999999995 0.11123200000000001 0.04394999999999999
4 0.53371 0.565915 0.11909999999999998 0.07714999999999994
4 0.738205 0.563475 0.1168499999999999 0.07226999999999995
4 0.32809 0.563965 0.11685999999999996 0.07324999999999993
5 0.33033999999999997 0.697265 0.10561999999999999 0.044930000000000025
5 0.7382 0.69922 0.10561999999999994 0.04491999999999996
6 0.52191 0.729005 0.27303999999999995 0.13965000000000005
7 0.147755 0.163085 0.028090000000000004 0.08006999999999999
7 0.12415499999999999 0.163085 0.014609999999999998 0.08006999999999999
7 0.344945 0.15966999999999998 0.02697000000000005 0.08106
7 0.32135 0.15966999999999998 0.017979999999999996 0.08106
7 0.548315 0.157715 0.02696999999999994 0.08105
7 0.523035 0.15674 0.01685000000000003 0.08106000000000001
7 0.77416 0.16016 0.024719999999999964 0.08007999999999998
7 0.7280899999999999 0.163575 0.026959999999999984 0.07324999999999998
7 0.97191 0.16357 0.024719999999999964 0.07909999999999999
7 0.90337 0.162595 0.024720000000000075 0.08105
7 0.146625 0.305175 0.028090000000000004 0.08690999999999999
7 0.120785 0.30615499999999995 0.01684999999999999 0.08690999999999999
7 0.319665 0.30322000000000005 0.021350000000000036 0.08495999999999998
7 0.344945 0.30371000000000004 0.02697000000000005 0.08398
7 0.52416 0.30371000000000004 0.025839999999999974 0.08007999999999998
7 0.549435 0.30322000000000005 0.02246999999999999 0.0791
7 0.72809 0.30469 0.024720000000000075 0.08007999999999998
7 0.75281 0.30469 0.024719999999999964 0.08007999999999998
7 0.90393 0.3042 0.023600000000000065 0.08692
7 0.122475 0.46240000000000003 0.029210000000000014 0.08495999999999998
7 0.169665 0.461425 0.026969999999999994 0.08886999999999995
7 0.34438500000000005 0.45947 0.028090000000000004 0.09082000000000001
7 0.317415 0.458985 0.02134999999999998 0.08984999999999999
7 0.570225 0.45557 0.02584999999999993 0.09667999999999999
7 0.522475 0.458985 0.02246999999999999 0.08984999999999999
7 0.700565 0.4585 0.02808999999999995 0.09081999999999996
7 0.77921 0.45996000000000004 0.025839999999999974 0.08983999999999998
7 0.9280900000000001 0.46094 0.026959999999999984 0.08983999999999998
7 0.317415 0.631835 0.028090000000000004 0.08789000000000002
7 0.34662499999999996 0.632815 0.028090000000000004 0.08789000000000002
7 0.724155 0.631835 0.02808999999999995 0.08789000000000002
7 0.753375 0.631835 0.02808999999999995 0.08789000000000002
7 0.520785 0.623535 0.02809000000000006 0.07324999999999993
7 0.548875 0.62305 0.02808999999999995 0.07421999999999995
7 0.32191000000000003 0.79004 0.02584000000000003 0.06054000000000004
7 0.348315 0.79053 0.02471000000000001 0.06152000000000002
7 0.52247 0.791015 0.024720000000000075 0.06054999999999999
7 0.5494399999999999 0.791015 0.024719999999999964 0.06054999999999999
7 0.7241599999999999 0.7915049999999999 0.025839999999999974 0.061529999999999974
7 0.74944 0.7915049999999999 0.024720000000000075 0.061529999999999974
9 0.4988786 0.0581064 0.9932628 0.10644719999999999
9 0.499439 0.20995999999999998 0.987642 0.02343999999999999
9 0.499439 0.35547 0.987642 0.023440000000000016
9 0.5005608 0.51172 0.9876384 0.023440000000000016
9 0.5000008 0.703125 0.9865184 0.060550000000000104
11 0.33370500000000003 0.93701 0.10337000000000002 0.11816000000000004
11 0.732025 0.93799 0.10448999999999997 0.11816000000000004
