1 0.481445 0.5153785 0.6992099999999999 0.950163
2 0.19189499999999998 0.16808499999999998 0.04002999999999998 0.07316999999999999
2 0.18994499999999997 0.343055 0.04199 0.07740999999999998
2 0.18847999999999998 0.52068 0.04491999999999999 0.08907999999999994
2 0.18945 0.697775 0.04491999999999999 0.07847000000000004
2 0.188475 0.8685050000000001 0.04297000000000001 0.08694999999999997
2 0.060547000000000004 0.167555 0.041016000000000004 0.07211000000000001
2 0.06347649999999999 0.34252499999999997 0.04296899999999999 0.08695000000000003
2 0.0600585 0.52121 0.045898999999999995 0.09225999999999995
2 0.061523499999999995 0.693 0.042969 0.09226000000000001
2 0.929685 0.33245 0.04686999999999997 0.08802000000000004
2 0.93164 0.511665 0.04688000000000003 0.08589000000000002
2 0.93164 0.69406 0.04296 0.07953999999999994
2 0.30761499999999997 0.16754999999999998 0.041010000000000046 0.07424
2 0.39795 0.16754999999999998 0.04004000000000002 0.07424
2 0.48779 0.16649000000000003 0.040039999999999965 0.07424
2 0.57715 0.16861500000000001 0.041019999999999945 0.07422999999999999
2 0.6665000000000001 0.16754999999999998 0.040039999999999965 0.07424
2 0.307125 0.34252499999999997 0.04199000000000003 0.07846999999999998
2 0.39697499999999997 0.34358500000000003 0.04199000000000003 0.07846999999999998
2 0.486815 0.34358500000000003 0.04198999999999997 0.07846999999999998
2 0.578615 0.34358500000000003 0.04198999999999997 0.07846999999999998
2 0.668455 0.34358500000000003 0.04198999999999997 0.07846999999999998
2 0.30566000000000004 0.52174 0.044920000000000015 0.08907999999999999
2 0.396485 0.52068 0.04492999999999997 0.08907999999999994
2 0.48633 0.51962 0.04491999999999996 0.08907999999999999
2 0.57715 0.52068 0.04491999999999996 0.08907999999999994
2 0.66797 0.52068 0.04491999999999996 0.08907999999999994
2 0.7851600000000001 0.51962 0.04491999999999996 0.08907999999999999
2 0.78613 0.34358500000000003 0.041020000000000056 0.07846999999999998
2 0.78564 0.16754999999999998 0.040040000000000076 0.07424
2 0.30762 0.697775 0.04491999999999996 0.07847000000000004
2 0.39746000000000004 0.696715 0.044920000000000015 0.07847000000000004
2 0.48828 0.696715 0.04491999999999996 0.07847000000000004
2 0.5791 0.6998949999999999 0.04491999999999996 0.07846999999999993
2 0.668945 0.698835 0.044929999999999914 0.07847000000000004
2 0.78613 0.698835 0.04492000000000007 0.07847000000000004
2 0.309085 0.8685050000000001 0.04198999999999997 0.08694999999999997
2 0.39941499999999996 0.8685050000000001 0.04297000000000001 0.08694999999999997
2 0.669925 0.8716900000000001 0.04296999999999995 0.09331999999999996
2 0.7880849999999999 0.8727499999999999 0.042970000000000064 0.09755999999999998
3 0.936035 0.90403 0.061529999999999974 0.16436000000000006
3 0.5356449999999999 0.9013800000000001 0.07128999999999996 0.15693999999999997
4 0.186035 0.28473000000000004 0.08690999999999999 0.037119999999999986
4 0.302245 0.2842 0.08690999999999999 0.03605999999999998
4 0.393555 0.28526 0.08789000000000002 0.03817999999999999
4 0.481935 0.2842 0.08691000000000004 0.0403
4 0.574705 0.28473000000000004 0.08691000000000004 0.03924
4 0.666015 0.2842 0.08984999999999999 0.03817999999999999
4 0.18213000000000001 0.45811 0.09472 0.08484000000000003
4 0.297365 0.45811 0.09472999999999998 0.08484000000000003
4 0.391115 0.45705 0.09277000000000002 0.08484000000000003
4 0.48291 0.45758 0.09472000000000003 0.08590000000000003
4 0.577635 0.45652000000000004 0.09472999999999998 0.08590000000000003
4 0.663575 0.45546 0.09472999999999998 0.08590000000000003
4 0.782715 0.45758 0.09473000000000009 0.08590000000000003
4 0.929195 0.420995 0.11620999999999992 0.06786999999999999
5 0.18701 0.39183500000000004 0.0791 0.026509999999999978
5 0.30469 0.392365 0.07422000000000001 0.027569999999999983
5 0.39453499999999997 0.390775 0.07617000000000002 0.026509999999999978
5 0.48584000000000005 0.391835 0.07519999999999999 0.024390000000000023
5 0.57617 0.391835 0.07225999999999999 0.024390000000000023
5 0.6674800000000001 0.391305 0.07520000000000004 0.023330000000000017
5 0.785155 0.391835 0.07226999999999995 0.024390000000000023
5 0.18506 0.579005 0.0791 0.031810000000000005
5 0.30566499999999996 0.5784750000000001 0.07617000000000002 0.030749999999999944
5 0.39453000000000005 0.579005 0.07422000000000001 0.031810000000000005
5 0.48535000000000006 0.579535 0.07422000000000001 0.030750000000000055
5 0.577145 0.5784750000000001 0.07030999999999998 0.030749999999999944
5 0.6665049999999999 0.5784750000000001 0.07518999999999998 0.030749999999999944
5 0.78418 0.5784750000000001 0.07225999999999999 0.032870000000000066
5 0.928715 0.57052 0.10547000000000006 0.0403
5 0.186035 0.743375 0.06153 0.01485000000000003
5 0.30469 0.74231 0.0625 0.012719999999999954
5 0.39453 0.743905 0.06445999999999996 0.013789999999999969
5 0.48633000000000004 0.74231 0.06250000000000006 0.014839999999999964
5 0.578615 0.74284 0.06346999999999992 0.013780000000000014
5 0.666995 0.743375 0.06054999999999999 0.01485000000000003
5 0.78613 0.74178 0.0625 0.015900000000000025
8 0.186035 0.80965 0.04003000000000001 0.03076000000000001
8 0.307125 0.8085899999999999 0.04199000000000003 0.03076000000000001
8 0.397465 0.80965 0.037109999999999976 0.03076000000000001
8 0.669925 0.81071 0.037109999999999976 0.02864
8 0.78711 0.8091200000000001 0.03320000000000001 0.02758000000000005
5 0.0625 0.74284 0.054687999999999994 0.011659999999999893
8 0.059082 0.634145 0.024414000000000005 0.023329999999999962
6 0.92529 0.227465 0.1298800000000001 0.08800999999999998
8 0.845705 0.12354 0.025390000000000024 0.04347999999999999
8 0.871585 0.157475 0.01464999999999994 0.06893
8 0.98584 0.156415 0.01660000000000006 0.07740999999999999
8 0.9296850000000001 0.08695750000000001 0.06640999999999997 0.055145000000000007
4 0.781735 0.28579 0.08887 0.03924
8 0.927735 0.27624499999999996 0.02149000000000001 0.024389999999999967
5 0.93164 0.7401899999999999 0.06054000000000004 0.016959999999999975
8 0.0947255 0.13733 0.025388999999999995 0.051960000000000006
8 0.058105500000000004 0.12142 0.030273 0.02864
4 0.52539 0.8075300000000001 0.13476000000000005 0.13044
9 0.479495 0.0906695 0.6894499999999999 0.09226100000000001
9 0.481935 0.22640500000000002 0.6884699999999999 0.05409
9 0.479985 0.625665 0.6845699999999999 0.07423000000000002
4 0.186525 0.11877000000000001 0.08399000000000001 0.048780000000000004
4 0.30322499999999997 0.1193 0.07715 0.04772000000000001
4 0.39453000000000005 0.1177095 0.08398 0.050901000000000016
4 0.48340000000000005 0.11717949999999999 0.08398 0.04984100000000001
4 0.57422 0.11611949999999999 0.08398000000000005 0.047721
4 0.6650400000000001 0.116119 0.08398000000000005 0.049842
4 0.779295 0.116649 0.08399000000000001 0.050902
10 0.09326200000000001 0.38917999999999997 0.018556000000000003 0.14633999999999997
10 0.0224605 0.33934 0.015625 0.08695999999999998
10 0.0234375 0.52174 0.015625 0.09119999999999995
10 0.96484 0.509545 0.011719999999999953 0.08800999999999998
10 0.8950199999999999 0.5100750000000001 0.012700000000000045 0.08907000000000004
10 0.97266 0.514315 0.005859999999999976 0.08482999999999996
10 0.88721 0.151115 0.01660000000000006 0.07740999999999999
10 0.967285 0.148465 0.01464999999999994 0.07422999999999999
10 0.8852500000000001 0.10392499999999999 0.022460000000000035 0.01697
10 0.89551 0.459175 0.015619999999999967 0.010610000000000008
10 0.9643550000000001 0.460235 0.01464999999999994 0.010610000000000008
10 0.9731449999999999 0.46606499999999995 0.00488999999999995 0.009550000000000003
10 0.0229495 0.47084000000000004 0.022461000000000002 0.010599999999999998
10 0.022949 0.29162 0.020508000000000005 0.008479999999999988
10 0.092774 0.300635 0.031252 0.03075
10 0.092774 0.49787499999999996 0.019532000000000008 0.07105
2 0.929685 0.149525 0.04686999999999997 0.08270999999999999
