2 0.17231000000000002 0.25683500000000004 0.05538000000000001 0.07031000000000004
2 0.32999999999999996 0.255375 0.056920000000000026 0.07128999999999999
2 0.175385 0.41308500000000004 0.06153 0.07617000000000002
2 0.33231 0.41259999999999997 0.06154000000000004 0.07519999999999999
2 0.45231 0.25634500000000005 0.055379999999999985 0.07129000000000002
2 0.623075 0.25634500000000005 0.05538999999999994 0.07129000000000002
2 0.45308000000000004 0.41259999999999997 0.06 0.07519999999999999
2 0.6253850000000001 0.413575 0.07230999999999999 0.07519000000000003
2 0.79077 0.25586 0.055379999999999985 0.07032
2 0.9099999999999999 0.25586 0.05691999999999997 0.07032
2 0.79385 0.41211 0.06154000000000004 0.07422000000000001
2 0.9107700000000001 0.41162 0.06154000000000004 0.07519999999999999
4 0.793845 0.35448999999999997 0.11692999999999998 0.03319999999999995
4 0.9130750000000001 0.35448999999999997 0.11538999999999999 0.03319999999999995
4 0.17076999999999998 0.354005 0.11692 0.03222999999999998
4 0.33231 0.35498 0.12 0.03417999999999999
4 0.454615 0.35547 0.11539000000000005 0.03515999999999997
4 0.626155 0.35498 0.12922999999999996 0.03417999999999999
2 0.17461500000000002 0.5708 0.06306999999999999 0.07909999999999995
2 0.33308 0.57031 0.06308000000000002 0.08007999999999993
2 0.17461500000000002 0.733885 0.06306999999999999 0.08105000000000007
2 0.334615 0.73291 0.06306999999999996 0.08106000000000002
4 0.173075 0.50586 0.10923000000000001 0.042960000000000054
4 0.330765 0.50684 0.11076999999999998 0.044920000000000015
4 0.453075 0.506345 0.11230999999999997 0.04199000000000003
2 0.454615 0.569825 0.06307000000000001 0.07911000000000001
2 0.45538500000000004 0.73291 0.06153000000000003 0.08106000000000002
2 0.64154 0.54932 0.0646199999999999 0.08496000000000004
2 0.642305 0.721195 0.06614999999999993 0.08301000000000003
4 0.642305 0.48291 0.13385000000000002 0.04393999999999998
2 0.79308 0.57031 0.06308000000000002 0.08007999999999993
2 0.9107700000000001 0.5688500000000001 0.06154000000000004 0.07910000000000006
2 0.79308 0.7324200000000001 0.06308000000000002 0.08008000000000004
2 0.91154 0.730955 0.06308000000000002 0.08105000000000007
4 0.797695 0.50586 0.10615000000000008 0.042960000000000054
4 0.913845 0.50586 0.11077000000000004 0.044920000000000015
1 0.5276915 0.5043945 0.9415370000000001 0.985351
2 0.5284599999999999 0.0976545 0.05384 0.052731
2 0.716155 0.096681 0.05384999999999995 0.05273800000000001
2 0.434615 0.103517 0.05385000000000001 0.039066000000000004
2 0.81 0.10546900000000001 0.05384 0.039062
5 0.17231 0.461915 0.12 0.027349999999999985
5 0.32923 0.46045 0.11384 0.024419999999999997
5 0.45230499999999996 0.46045 0.11384999999999995 0.024419999999999997
5 0.90923 0.46045 0.11383999999999994 0.024419999999999997
5 0.78923 0.45947499999999997 0.11383999999999994 0.024409999999999987
5 0.91154 0.624025 0.10616000000000003 0.035149999999999904
5 0.797695 0.627445 0.10615000000000008 0.036129999999999995
5 0.453845 0.627445 0.10460999999999998 0.036129999999999995
5 0.334615 0.628415 0.10614999999999997 0.036130000000000106
5 0.176925 0.62988 0.10461 0.03516000000000008
5 0.174615 0.785155 0.10615000000000001 0.02149000000000001
5 0.33230499999999996 0.78418 0.10769000000000001 0.021479999999999944
5 0.453845 0.78369 0.10768999999999995 0.022459999999999924
5 0.795385 0.78174 0.10769000000000006 0.022459999999999924
5 0.913845 0.782225 0.10769000000000006 0.021489999999999898
5 0.6423049999999999 0.608885 0.11231000000000002 0.03808999999999996
5 0.646155 0.7793000000000001 0.15384999999999993 0.03320000000000001
6 0.633845 0.4375 0.23385 0.058599999999999985
8 0.07 0.17724499999999999 0.020000000000000004 0.07128999999999999
8 0.11077000000000001 0.17822500000000002 0.01845999999999999 0.07128999999999999
8 0.22846 0.17871 0.020000000000000018 0.07225999999999999
8 0.27077 0.17871 0.018460000000000032 0.07225999999999999
8 0.39308 0.17822500000000002 0.020000000000000018 0.07128999999999999
8 0.15077000000000002 0.1499 0.024620000000000003 0.016600000000000004
8 0.18923 0.151365 0.024620000000000003 0.015629999999999977
8 0.31077 0.152345 0.024619999999999975 0.015630000000000005
8 0.35231 0.15039000000000002 0.024619999999999975 0.015619999999999995
8 0.5184599999999999 0.17871 0.018460000000000032 0.07225999999999999
8 0.5661499999999999 0.179195 0.018460000000000032 0.07128999999999999
8 0.69077 0.179685 0.01845999999999992 0.07227
8 0.73385 0.179195 0.01845999999999992 0.07128999999999999
8 0.8553850000000001 0.179685 0.018470000000000097 0.07227
8 0.97615 0.179195 0.020000000000000018 0.07128999999999999
8 0.43384500000000004 0.15039000000000002 0.024609999999999965 0.015619999999999995
8 0.47846 0.151365 0.024619999999999975 0.015629999999999977
8 0.606155 0.15283 0.02461000000000002 0.016600000000000004
8 0.64923 0.15039000000000002 0.024619999999999975 0.015619999999999995
8 0.776925 0.15283 0.02461000000000002 0.016600000000000004
8 0.81846 0.15283 0.024619999999999975 0.016600000000000004
8 0.896925 0.1499 0.02461000000000002 0.016600000000000004
8 0.9384600000000001 0.151365 0.024619999999999975 0.015629999999999977
4 0.17308 0.20947 0.06308 0.022460000000000008
4 0.32999999999999996 0.20947 0.06307999999999997 0.022460000000000008
4 0.45154 0.21045 0.06308000000000002 0.02245999999999998
4 0.62231 0.20947 0.06308000000000002 0.022460000000000008
4 0.7884599999999999 0.20995999999999998 0.06307999999999991 0.02343999999999999
4 0.91 0.20995999999999998 0.06308000000000002 0.02343999999999999
4 0.174615 0.6831050000000001 0.09384999999999999 0.024409999999999932
4 0.334615 0.6821299999999999 0.09384999999999999 0.024419999999999997
4 0.455385 0.6821299999999999 0.09231 0.024419999999999997
4 0.794615 0.68164 0.09384999999999999 0.023440000000000016
4 0.9099999999999999 0.680175 0.09384000000000003 0.024410000000000043
4 0.6407700000000001 0.65918 0.09384000000000003 0.048820000000000086
9 0.527694 0.161135 0.932312 0.08789000000000001
9 0.5292285 0.279785 0.9323030000000001 0.09473000000000001
9 0.529232 0.6333 0.926156 0.049799999999999955
9 0.5292305 0.81836 0.919999 0.05078000000000005
10 0.5346150000000001 0.71631 0.01693 0.09278000000000008
10 0.74692 0.714355 0.016920000000000046 0.09277000000000002
10 0.5361549999999999 0.7793000000000001 0.029229999999999978 0.03320000000000001
10 0.745385 0.777345 0.029229999999999978 0.03321000000000007
10 0.5338449999999999 0.660645 0.03693000000000002 0.016610000000000014
10 0.7469250000000001 0.65918 0.03538999999999992 0.01757999999999993
8 0.6246149999999999 0.054687 0.07693000000000005 0.03125
8 0.539235 0.265135 0.09077000000000002 0.047849999999999976
8 0.706925 0.265135 0.09077000000000002 0.047849999999999976
8 0.25385 0.26465 0.07999999999999999 0.046880000000000005
8 0.0992305 0.26416 0.05999900000000001 0.047860000000000014
8 0.39077 0.26514 0.04308000000000001 0.045900000000000024
8 0.84923 0.26416 0.04308000000000001 0.04589999999999997
8 0.976155 0.264645 0.04461000000000004 0.048829999999999985
11 0.456155 0.91455 0.09076999999999996 0.15722000000000003
11 0.334615 0.9150400000000001 0.09077000000000002 0.1543
11 0.176925 0.916015 0.11077 0.15429000000000004
11 0.624615 0.92822 0.11692999999999998 0.12988
11 0.9084650000000001 0.91553 0.08768999999999993 0.15918
3 0.793075 0.916015 0.08460999999999996 0.15820999999999996
