1 0.36523500000000003 0.5045558 0.36133000000000004 0.9908884
1 0.77246 0.503415 0.4414 0.98405
2 0.638185 0.27221 0.04980999999999991 0.11161999999999997
2 0.637205 0.46241 0.04981000000000002 0.10933999999999999
2 0.6367149999999999 0.66401 0.04883000000000004 0.11162000000000005
2 0.4917 0.484055 0.03807999999999995 0.11160999999999999
2 0.49121 0.67654 0.039059999999999984 0.10933999999999999
2 0.49512 0.299545 0.03906000000000004 0.11160999999999999
2 0.654295 0.086562 0.03125 0.09567599999999998
2 0.694335 0.085422 0.03320999999999996 0.09339599999999998
2 0.739745 0.0615015 0.03027000000000002 0.086557
2 0.7905249999999999 0.079727 0.043950000000000045 0.082006
2 0.37158 0.48178 0.02245999999999998 0.10705999999999993
2 0.36768 0.679955 0.028320000000000012 0.10707
2 0.30957 0.47494000000000003 0.023440000000000016 0.10705999999999999
2 0.27832 0.47608 0.023440000000000016 0.10477999999999998
2 0.30566499999999996 0.6765399999999999 0.023430000000000006 0.10477999999999998
2 0.2334 0.49317 0.02148 0.10705999999999999
2 0.225585 0.679955 0.02149000000000001 0.10707
2 0.124025 0.28588 0.03125 0.10705999999999999
2 0.120115 0.482915 0.03125 0.10478999999999994
2 0.11230499999999999 0.6856500000000001 0.031249999999999986 0.10477999999999998
2 0.24512 0.30638 0.03320000000000001 0.08428000000000002
2 0.38378999999999996 0.12072849999999999 0.02343999999999996 0.104783
2 0.356445 0.12300749999999999 0.023430000000000006 0.104785
2 0.50488 0.12642 0.021479999999999944 0.04328
2 0.257815 0.13098 0.019529999999999992 0.056940000000000004
2 0.128415 0.1059225 0.026370000000000005 0.070615
2 0.907225 0.27221 0.04687000000000008 0.11161999999999997
2 0.907225 0.46582999999999997 0.04687000000000008 0.11162
2 0.9082049999999999 0.66059 0.04883000000000004 0.10933999999999999
2 0.79004 0.661735 0.058599999999999985 0.12073
2 0.79004 0.45672 0.058599999999999985 0.12072
2 0.791015 0.258545 0.05859000000000003 0.12073000000000003
2 0.72705 0.242595 0.03417999999999999 0.12073
2 0.7251000000000001 0.44760500000000003 0.03417999999999999 0.12073000000000006
2 0.7241200000000001 0.654895 0.03417999999999999 0.12073
2 0.867675 0.0808665 0.03222999999999998 0.10250699999999999
2 0.904785 0.08314150000000001 0.030269999999999908 0.10705700000000001
2 0.364745 0.875855 0.04981000000000002 0.1116100000000001
3 0.236815 0.904325 0.04785000000000003 0.18223
3 0.1088855 0.9123 0.047849000000000017 0.16627999999999998
4 0.106445 0.580865 0.08789 0.06833
4 0.485355 0.58998 0.08788999999999997 0.06833999999999996
4 0.11865200000000001 0.38383 0.06933600000000001 0.06606000000000001
4 0.48828000000000005 0.41115999999999997 0.07812000000000002 0.03872000000000003
4 0.21289000000000002 0.58656 0.056639999999999996 0.07518000000000002
4 0.24316 0.0580875 0.0625 0.084285
4 0.489745 0.0580875 0.06347000000000008 0.084285
4 0.12207199999999999 0.047836 0.064456 0.045558
5 0.484865 0.7596849999999999 0.07715 0.05239000000000005
5 0.22119 0.756265 0.05176 0.04554999999999998
5 0.11523549999999999 0.76082 0.06640899999999998 0.05921999999999994
5 0.4917 0.363325 0.057620000000000005 0.034170000000000034
5 0.489745 0.548975 0.05760999999999994 0.03644999999999998
5 0.1206035 0.54328 0.057612999999999984 0.03415999999999997
2 0.271485 0.669705 0.02735000000000004 0.11389000000000005
6 0.320315 0.34624 0.18945 0.10933999999999999
6 0.627445 0.7346250000000001 0.14551000000000003 0.07972999999999997
6 0.856445 0.735765 0.22070999999999996 0.07745000000000002
6 0.0341797 0.36674 0.0566406 0.13212000000000002
6 0.02929678 0.5785899999999999 0.05664044 0.1321199999999999
6 0.03564445 0.77904 0.0576171 0.13212000000000002
7 0.27197000000000005 0.666285 0.02245999999999998 0.09794999999999998
7 0.6416 0.42596500000000004 0.039059999999999984 0.03189000000000003
7 0.72705 0.416855 0.02636000000000005 0.05011000000000004
7 0.910155 0.46697 0.03907000000000005 0.10478000000000004
7 0.791015 0.077447 0.03906999999999994 0.07744599999999999
7 0.130855 0.0990905 0.019529999999999992 0.04783899999999999
8 0.908695 0.56264 0.026370000000000005 0.02734000000000003
8 0.63574 0.5615049999999999 0.02734000000000003 0.029610000000000025
8 0.722655 0.5535300000000001 0.042970000000000064 0.06378000000000006
8 0.791015 0.56378 0.035150000000000015 0.043280000000000096
8 0.63379 0.391795 0.015619999999999967 0.031889999999999974
8 0.72168 0.373575 0.015619999999999967 0.031889999999999974
8 0.905275 0.396355 0.01562999999999992 0.031889999999999974
8 0.7900400000000001 0.38610500000000003 0.023440000000000016 0.03416999999999998
4 0.37011499999999997 0.046697 0.07812999999999998 0.03872400000000001
9 0.36377 0.20387 0.34863999999999995 0.08884
9 0.36426 0.35763 0.35351999999999995 0.02734000000000003
9 0.365235 0.790435 0.35351 0.027330000000000076
9 0.77539 0.1754 0.4336 0.07290000000000002
9 0.774905 0.332575 0.43457 0.03644999999999998
9 0.771485 0.7779050000000001 0.43359000000000003 0.029610000000000025
8 0.72363 0.75057 0.023439999999999905 0.02961999999999998
11 0.47363500000000003 0.88041 0.12694999999999995 0.16174
11 0.629885 0.799545 0.11523000000000005 0.031890000000000085
11 0.633305 0.894075 0.07715000000000005 0.13895000000000002
11 0.76807 0.8006850000000001 0.11426000000000003 0.029610000000000025
11 0.90918 0.80182 0.11328000000000005 0.02734000000000003
11 0.79932 0.8872450000000001 0.05176000000000003 0.13895000000000002
11 0.91699 0.88838 0.10155999999999998 0.1321199999999999
2 0.019531 0.1161725 0.017578000000000003 0.068335
