1 0.563475 0.544165 0.76367 0.81427
2 0.290035 0.091734 0.03125 0.05889199999999999
2 0.844725 0.0923 0.03125 0.05775999999999999
2 0.441895 0.27746499999999996 0.04003000000000001 0.09512999999999999
2 0.56787 0.27690000000000003 0.040040000000000076 0.09400000000000003
2 0.69092 0.27746499999999996 0.040039999999999965 0.09512999999999999
2 0.44140500000000005 0.46092999999999995 0.04297000000000001 0.10191999999999996
2 0.56592 0.46206 0.04393999999999998 0.10192000000000001
2 0.691405 0.461495 0.042970000000000064 0.10078999999999994
2 0.69043 0.64383 0.04492000000000007 0.11212
2 0.56592 0.6432599999999999 0.04393999999999998 0.11097999999999997
2 0.44140999999999997 0.642695 0.044920000000000015 0.11210999999999993
2 0.27002000000000004 0.27576500000000004 0.03028000000000003 0.09627000000000002
2 0.311035 0.276335 0.03027000000000002 0.09513000000000002
2 0.864745 0.27746499999999996 0.03027000000000002 0.09512999999999999
2 0.82422 0.27746499999999996 0.029299999999999993 0.09512999999999999
2 0.29004 0.45923 0.07225999999999999 0.11437999999999998
2 0.8417950000000001 0.460925 0.07226999999999995 0.11324999999999996
2 0.291505 0.64043 0.06933 0.10985999999999996
2 0.8417950000000001 0.63986 0.07030999999999998 0.10871999999999993
2 0.0727515 0.265005 0.079097 0.10192999999999997
2 0.0712885 0.45074 0.078123 0.09965999999999997
2 0.0727535 0.097394 0.092773 0.088332
2 0.081055 0.64043 0.10547 0.08945999999999998
2 0.6787099999999999 0.09683 0.01758000000000004 0.02152000000000001
2 0.5571299999999999 0.09683 0.01856000000000002 0.02152000000000001
2 0.43115499999999995 0.095699 0.01855000000000001 0.021522
4 0.44287 0.55096 0.09472000000000003 0.057760000000000034
4 0.5678700000000001 0.55096 0.09472000000000003 0.057760000000000034
4 0.690915 0.55323 0.09473000000000009 0.057760000000000034
4 0.846195 0.39298 0.11621000000000004 0.08154
4 0.290525 0.39298 0.11621000000000001 0.08154
4 0.44336 0.392415 0.08593999999999996 0.08267000000000002
4 0.5664100000000001 0.39298 0.08594000000000002 0.08154
4 0.69238 0.39298 0.0859399999999999 0.08154
5 0.28955 0.33182 0.1084 0.027179999999999982
5 0.44384999999999997 0.333525 0.0791 0.026050000000000018
5 0.5664100000000001 0.33352000000000004 0.08008000000000004 0.023779999999999968
5 0.6918949999999999 0.33352000000000004 0.08104999999999996 0.023779999999999968
5 0.84375 0.33352000000000004 0.11132000000000009 0.023779999999999968
5 0.441895 0.524915 0.08887 0.035109999999999975
5 0.56592 0.52548 0.08692 0.03398000000000001
5 0.6904300000000001 0.52718 0.08789999999999998 0.03510000000000002
6 0.8501000000000001 0.537935 0.13770000000000004 0.08606999999999998
6 0.29346 0.534545 0.12988 0.08606999999999998
6 0.29198999999999997 0.713475 0.10352 0.038510000000000044
6 0.839845 0.712345 0.10350999999999999 0.038510000000000044
8 0.07129150000000001 0.17497000000000001 0.070317 0.07587999999999998
4 0.29247999999999996 0.22197499999999998 0.09864 0.05888999999999997
4 0.441405 0.22367 0.07030999999999998 0.06002000000000002
4 0.566405 0.226505 0.07030999999999998 0.05889
4 0.692385 0.22536499999999998 0.07030999999999998 0.05888999999999997
4 0.844235 0.223105 0.09863 0.05889
6 0.572265 0.710645 0.43944999999999995 0.06455
9 0.56445 0.195355 0.75586 0.08947
9 0.56348 0.35334 0.75586 0.07247999999999999
9 0.56836 0.7168749999999999 0.74804 0.04982999999999993
10 0.201175 0.26670499999999997 0.019529999999999992 0.08493
10 0.380855 0.267275 0.019530000000000047 0.08606999999999998
10 0.5043949999999999 0.269535 0.018549999999999955 0.08607000000000001
10 0.628905 0.268405 0.019529999999999936 0.08607000000000001
10 0.756345 0.26783999999999997 0.018549999999999955 0.08493999999999999
10 0.93408 0.268405 0.01856000000000002 0.08607000000000001
10 0.20361 0.55889 0.022460000000000008 0.27520000000000006
10 0.378905 0.55549 0.027349999999999985 0.26613999999999993
10 0.50488 0.558325 0.027339999999999975 0.26727
10 0.628905 0.55776 0.027349999999999985 0.26614000000000004
10 0.75488 0.553795 0.02733999999999992 0.26727
10 0.930665 0.55776 0.027349999999999985 0.26614000000000004
10 0.20166 0.31484 0.02049999999999999 0.009060000000000012
10 0.38086 0.31484 0.02148 0.009060000000000012
10 0.503905 0.316535 0.021490000000000065 0.010190000000000032
10 0.628905 0.31597 0.02149000000000001 0.009060000000000012
10 0.75488 0.31484 0.021479999999999944 0.009060000000000012
10 0.933595 0.316535 0.02149000000000001 0.010190000000000032
10 0.93018 0.711215 0.028320000000000012 0.04076999999999997
10 0.20459 0.715175 0.024419999999999997 0.0373699999999999
10 0.203125 0.19818999999999998 0.023430000000000006 0.05210000000000001
10 0.38086 0.19875500000000001 0.02343999999999996 0.05096999999999999
10 0.50488 0.200455 0.02343999999999996 0.05209
10 0.6293949999999999 0.20101999999999998 0.024409999999999932 0.04869999999999999
10 0.756345 0.19989 0.024409999999999932 0.04869999999999999
10 0.933595 0.19989 0.02149000000000001 0.05095999999999998
10 0.93018 0.372595 0.028320000000000012 0.10192999999999997
10 0.75488 0.369765 0.03516000000000008 0.10078999999999999
10 0.629395 0.372595 0.036129999999999995 0.10419
10 0.50488 0.373725 0.03320000000000006 0.10193000000000002
10 0.38037 0.37202500000000005 0.04004000000000002 0.10078999999999999
10 0.203125 0.37033 0.029289999999999983 0.10192000000000001
11 0.282715 0.75425 0.17674999999999996 0.027179999999999982
11 0.28516 0.8448450000000001 0.13086 0.15174999999999994
3 0.44287 0.8844799999999999 0.045899999999999996 0.12683999999999995
11 0.56201 0.84711 0.08495999999999992 0.15402000000000005
11 0.6894549999999999 0.840885 0.11133000000000004 0.13702999999999999
11 0.76904 0.755375 0.27246000000000004 0.02265000000000006
11 0.818845 0.8539049999999999 0.12793 0.16081
