1 0.50255975 0.50048828 0.9948805 0.99902344
2 0.17149999999999999 0.11816549999999999 0.03241999999999998 0.06054899999999999
2 0.12884 0.120117 0.03242000000000002 0.060546
2 0.0836175 0.12109500000000001 0.030716999999999994 0.06055000000000001
2 0.26792 0.11718700000000001 0.03071999999999997 0.060546
2 0.31399 0.11718700000000001 0.03071999999999997 0.060546
2 0.359215 0.116209 0.03242999999999996 0.060542
2 0.45819 0.11523549999999999 0.032420000000000004 0.060549000000000006
2 0.5 0.116209 0.030720000000000025 0.060542
2 0.551195 0.114257 0.030710000000000015 0.06054599999999999
2 0.648465 0.11523549999999999 0.030710000000000015 0.060549000000000006
2 0.6928300000000001 0.11523549999999999 0.03071999999999997 0.060549000000000006
2 0.73976 0.11523549999999999 0.032420000000000004 0.060549000000000006
2 0.0784985 0.22754000000000002 0.030716999999999994 0.06445999999999999
2 0.123725 0.22656500000000002 0.029009999999999994 0.06641
2 0.16808499999999998 0.22656500000000002 0.029010000000000008 0.06641
2 0.26109 0.225585 0.03753999999999999 0.06641000000000002
2 0.31057999999999997 0.22460999999999998 0.03753999999999996 0.06639999999999999
2 0.35239 0.222655 0.03583999999999998 0.06640999999999997
2 0.451365 0.223145 0.03582999999999997 0.06739
2 0.49914499999999995 0.22216999999999998 0.03582999999999997 0.06737999999999997
2 0.5426599999999999 0.222655 0.03754000000000002 0.06640999999999997
2 0.738055 0.223635 0.03583000000000003 0.06641000000000002
2 0.6902699999999999 0.222655 0.03583999999999998 0.06640999999999997
2 0.6450499999999999 0.22216999999999998 0.03754000000000002 0.06737999999999997
2 0.8361799999999999 0.22460999999999998 0.03754000000000002 0.06639999999999999
2 0.883105 0.225585 0.03583000000000003 0.06641000000000002
2 0.93089 0.22460999999999998 0.035840000000000094 0.06639999999999999
2 0.92918 0.33154 0.035840000000000094 0.06738
2 0.883105 0.33301000000000003 0.03583000000000003 0.06836000000000003
2 0.83362 0.33203 0.03583999999999998 0.06835999999999998
2 0.7363500000000001 0.331055 0.03583999999999998 0.06835000000000002
2 0.691125 0.331055 0.03754999999999997 0.06835000000000002
2 0.64164 0.33154 0.03754000000000002 0.06738
2 0.5418099999999999 0.331055 0.03583999999999998 0.06835000000000002
2 0.49573500000000004 0.33203 0.03583000000000003 0.06835999999999998
2 0.44966 0.331055 0.03583999999999998 0.06835000000000002
2 0.35324 0.33203 0.03754000000000002 0.06835999999999998
2 0.30546 0.33203 0.03754000000000002 0.06835999999999998
2 0.261945 0.33301000000000003 0.03583 0.06836000000000003
2 0.12031 0.33447499999999997 0.032420000000000004 0.06543000000000004
2 0.16297 0.333495 0.032420000000000004 0.06542999999999999
2 0.076792 0.333495 0.034129999999999994 0.06542999999999999
2 0.07423199999999999 0.440915 0.032423999999999994 0.06542999999999999
2 0.116893 0.441405 0.03583400000000002 0.06640999999999997
2 0.163825 0.44189500000000004 0.034129999999999994 0.06739
2 0.25682499999999997 0.441405 0.03582999999999997 0.06640999999999997
2 0.30461 0.44092 0.03583999999999998 0.06738
2 0.34897500000000004 0.44092 0.03582999999999997 0.06738
2 0.448805 0.44189500000000004 0.034129999999999994 0.06739
2 0.49317500000000003 0.44043 0.03413000000000005 0.06835999999999998
2 0.544365 0.44043 0.034129999999999994 0.06835999999999998
2 0.639935 0.44092 0.034129999999999994 0.06738
2 0.686005 0.44043 0.034129999999999994 0.06835999999999998
2 0.73464 0.44189500000000004 0.03583999999999998 0.06739
2 0.83362 0.44092 0.03583999999999998 0.06738
2 0.8814 0.44043 0.03583999999999998 0.06835999999999998
2 0.93089 0.44043 0.035840000000000094 0.06835999999999998
2 0.930035 0.55127 0.034130000000000105 0.06738
2 0.882255 0.55127 0.034129999999999994 0.06738
2 0.83362 0.55127 0.03583999999999998 0.06738
2 0.732085 0.55029 0.034129999999999994 0.0673800000000001
2 0.687715 0.55029 0.034129999999999994 0.0673800000000001
2 0.641635 0.55127 0.034129999999999994 0.06738
2 0.5401 0.55127 0.03583999999999998 0.06738
2 0.49232 0.549315 0.03584000000000004 0.06739000000000006
2 0.446245 0.55127 0.03583000000000003 0.06738
2 0.35239 0.55127 0.03583999999999998 0.06738
2 0.3029 0.55127 0.03583999999999998 0.06738
2 0.255975 0.55127 0.034129999999999994 0.06738
2 0.163825 0.55127 0.034129999999999994 0.06738
2 0.12031 0.549315 0.03584 0.06739000000000006
2 0.072526 0.549315 0.035836 0.06739000000000006
2 0.928325 0.65869 0.034129999999999994 0.06347999999999998
2 0.880545 0.65918 0.034129999999999994 0.06445999999999996
2 0.835325 0.65918 0.03583000000000003 0.06445999999999996
2 0.733785 0.6582049999999999 0.034129999999999994 0.06445000000000001
2 0.688565 0.65869 0.03583000000000003 0.06347999999999998
2 0.6390800000000001 0.6582049999999999 0.03583999999999998 0.06445000000000001
2 0.539245 0.657225 0.034129999999999994 0.06445000000000001
2 0.49573500000000004 0.657225 0.03583000000000003 0.06445000000000001
2 0.446245 0.657225 0.03583000000000003 0.06445000000000001
2 0.34641500000000003 0.65625 0.03413000000000005 0.06445999999999996
2 0.302045 0.65625 0.034129999999999994 0.06445999999999996
2 0.25682499999999997 0.65625 0.03582999999999997 0.06445999999999996
2 0.119455 0.65576 0.03413000000000001 0.06347999999999998
2 0.0716725 0.65576 0.034129 0.06347999999999998
2 0.162115 0.655275 0.030709999999999987 0.06445000000000001
2 0.11689649999999999 0.78076 0.042667 0.06933999999999996
2 0.063993 0.78076 0.042662 0.06933999999999996
2 0.15870499999999998 0.7807649999999999 0.023889999999999995 0.07128999999999996
2 0.348125 0.7832049999999999 0.023890000000000022 0.07226999999999995
2 0.5375449999999999 0.783695 0.023890000000000078 0.07128999999999996
2 0.733785 0.7856449999999999 0.023889999999999967 0.07128999999999996
2 0.30461 0.78125 0.04266000000000003 0.07031999999999994
2 0.24658999999999998 0.780275 0.042660000000000003 0.07030999999999998
2 0.43259000000000003 0.78418 0.042659999999999976 0.07031999999999994
2 0.49403 0.78418 0.04266000000000003 0.07031999999999994
2 0.68345 0.78418 0.04265999999999992 0.07031999999999994
2 0.6254299999999999 0.7832049999999999 0.04266000000000003 0.07030999999999998
2 0.825085 0.786135 0.042669999999999986 0.07030999999999998
2 0.877135 0.785155 0.04095000000000004 0.07030999999999998
2 0.931745 0.783695 0.023890000000000078 0.07128999999999996
5 0.117749 0.26465 0.136522 0.011719999999999953
5 0.3029 0.26171999999999995 0.13481999999999997 0.011720000000000008
5 0.493175 0.26122999999999996 0.14334999999999998 0.012699999999999989
5 0.686005 0.25927500000000003 0.14334999999999998 0.012690000000000035
5 0.8805449999999999 0.26073999999999997 0.14334999999999998 0.011720000000000008
5 0.8788400000000001 0.36963 0.1433399999999999 0.012699999999999989
5 0.6843 0.36963 0.14334000000000002 0.012699999999999989
5 0.49146999999999996 0.36865000000000003 0.14333999999999997 0.012699999999999989
5 0.293515 0.37109000000000003 0.14335 0.011720000000000008
5 0.1092165 0.37158 0.143347 0.012699999999999989
5 0.10579999999999999 0.47852 0.14334 0.011719999999999953
5 0.293515 0.47802999999999995 0.14335 0.012699999999999989
5 0.48805499999999996 0.47802999999999995 0.14334999999999998 0.012699999999999989
5 0.6825950000000001 0.47852 0.14334999999999998 0.011719999999999953
5 0.87628 0.47997999999999996 0.14506000000000008 0.012699999999999989
5 0.8788400000000001 0.59131 0.1433399999999999 0.012699999999999934
5 0.6825950000000001 0.58887 0.14334999999999998 0.011719999999999953
5 0.48463999999999996 0.58887 0.14333999999999997 0.011719999999999953
5 0.29522 0.58789 0.14334 0.011719999999999953
5 0.10579999999999999 0.58887 0.14334 0.011719999999999953
9 0.5025575 0.16455 0.981225 0.04393999999999998
9 0.5076775 0.69922 0.981225 0.023440000000000016
11 0.680885 0.896485 0.13993 0.14843000000000006
11 0.487205 0.8959999999999999 0.13481000000000004 0.14746000000000004
11 0.301195 0.893555 0.13480999999999999 0.14843000000000006
11 0.11091949999999999 0.8925799999999999 0.133101 0.14844000000000002
11 0.870305 0.91113 0.1433500000000001 0.17578000000000005
11 0.97184 0.77881 0.04266000000000003 0.024419999999999997
2 0.927475 0.116209 0.03243000000000007 0.060542
2 0.8643350000000001 0.115724 0.07679000000000002 0.059572
