2 0.8565 0.62459 0.10649999999999993 0.10065999999999997
2 0.52888 0.62624 0.10470000000000002 0.10065999999999997
2 0.21209 0.62624 0.10650000000000001 0.10065999999999997
2 0.21389999999999998 0.45297 0.10650000000000001 0.10065999999999997
2 0.222925 0.27805 0.09927000000000002 0.08416000000000001
2 0.52617 0.26897499999999996 0.09928000000000003 0.08581
2 0.8601099999999999 0.2665 0.09927999999999992 0.08416000000000001
2 0.866425 0.44802 0.10468999999999995 0.10066000000000003
2 0.53249 0.44967 0.10470000000000002 0.10066000000000003
2 0.858305 0.0907575 0.11010999999999993 0.079205
2 0.858305 0.806105 0.11732999999999993 0.11717
2 0.5261750000000001 0.80611 0.10289000000000004 0.11055999999999999
2 0.20577499999999999 0.80941 0.10108999999999999 0.10065999999999997
4 0.20577499999999999 0.388615 0.15885000000000002 0.02805000000000002
4 0.5225650000000001 0.38449 0.16065000000000002 0.02969999999999995
4 0.851085 0.380365 0.16064999999999996 0.02805000000000002
4 0.856495 0.55198 0.16064999999999996 0.028059999999999974
4 0.5261750000000001 0.55198 0.16065000000000002 0.028059999999999974
4 0.20396999999999998 0.5536300000000001 0.14802 0.028060000000000085
4 0.20487 0.737625 0.14260000000000003 0.039610000000000034
4 0.52256 0.734325 0.14260000000000006 0.03960999999999992
4 0.855595 0.7343200000000001 0.16967 0.02969999999999995
1 0.5009026 0.50165015 0.9909748 0.9966997
6 0.34837749999999995 0.1394395 0.671485 0.09076100000000001
7 0.29332 0.27144999999999997 0.05234 0.09076000000000001
7 0.44855500000000004 0.27144999999999997 0.048729999999999996 0.09076000000000001
7 0.5550550000000001 0.26815 0.04873000000000005 0.09075999999999998
7 0.76805 0.26485000000000003 0.048740000000000006 0.09076000000000001
7 0.941335 0.27144999999999997 0.04873000000000005 0.09076000000000001
7 0.13177 0.450495 0.050540000000000015 0.10231000000000007
7 0.29151499999999997 0.44554499999999997 0.048729999999999996 0.10230999999999996
7 0.44223999999999997 0.44472 0.050539999999999974 0.10065999999999997
7 0.6074 0.440595 0.048740000000000006 0.10231000000000001
7 0.769855 0.440595 0.04873000000000005 0.10231000000000001
7 0.94404 0.44142000000000003 0.05054000000000003 0.10066000000000003
7 0.12996000000000002 0.62954 0.05054 0.10065999999999997
7 0.28700000000000003 0.627065 0.050539999999999974 0.10231000000000001
7 0.44133500000000003 0.625415 0.048729999999999996 0.10231000000000001
7 0.601985 0.62129 0.04872999999999994 0.10065999999999997
7 0.76805 0.62129 0.048740000000000006 0.10065999999999997
7 0.94224 0.62459 0.05054000000000003 0.10065999999999997
7 0.233755 0.80611 0.04873000000000002 0.10065999999999997
7 0.12816 0.80776 0.050540000000000015 0.10065999999999997
7 0.44314 0.80446 0.048740000000000006 0.10066000000000008
7 0.6065 0.801985 0.05054000000000003 0.10231000000000001
9 0.498193 0.192245 0.956674 0.07424999999999998
9 0.5243685 0.504125 0.929603 0.041250000000000064
9 0.508123 0.8952150000000001 0.962094 0.08084999999999998
11 0.583035 0.35891 0.49097 0.06106
11 0.58213 0.5297050000000001 0.48915999999999993 0.04620999999999997
