2 0.28971 0.251955 0.04818 0.07030999999999998
2 0.458335 0.25586 0.07291000000000003 0.07032
2 0.291015 0.38867 0.04816999999999999 0.07225999999999999
2 0.291015 0.52246 0.05079 0.07226000000000005
2 0.458335 0.38867 0.07030999999999998 0.06835999999999998
2 0.458335 0.52344 0.07030999999999998 0.06836000000000003
4 0.45572999999999997 0.475095 0.08854000000000001 0.020510000000000028
4 0.286455 0.47363500000000003 0.07030999999999998 0.019529999999999992
2 0.458335 0.657715 0.07291000000000003 0.06933
2 0.458985 0.7900400000000001 0.07161000000000001 0.07032000000000005
2 0.296875 0.788575 0.049470000000000014 0.07128999999999996
2 0.28906 0.664065 0.049480000000000024 0.08789000000000002
2 0.71289 0.25488500000000003 0.07162000000000002 0.07031000000000001
2 0.711585 0.388185 0.06901000000000002 0.06738999999999995
2 0.711585 0.52295 0.06901000000000002 0.06934000000000001
4 0.71159 0.47558500000000004 0.08463999999999994 0.023430000000000006
2 0.5729150000000001 0.22070499999999998 0.020830000000000015 0.07030999999999998
2 0.5729150000000001 0.36328 0.020830000000000015 0.07225999999999999
2 0.572265 0.50537 0.022129999999999983 0.07323999999999997
2 0.61849 0.235355 0.018220000000000014 0.08202999999999999
2 0.617185 0.37451 0.01822999999999997 0.0791
2 0.5364599999999999 0.37451 0.010419999999999985 0.0791
2 0.53711 0.236325 0.009120000000000017 0.08202999999999996
2 0.53776 0.5117149999999999 0.010419999999999985 0.07616999999999996
2 0.617835 0.512695 0.019530000000000047 0.07813000000000003
2 0.61849 0.651365 0.02083999999999997 0.07616999999999996
2 0.53841 0.65039 0.011720000000000064 0.07421999999999995
2 0.57943 0.794435 0.026040000000000063 0.0595699999999999
2 0.71224 0.657715 0.07031999999999994 0.07128999999999996
2 0.71289 0.78955 0.07162000000000002 0.06933999999999996
1 0.584635 0.549805 0.38802999999999993 0.87305
2 0.17643 0.251955 0.04818 0.07030999999999998
2 0.0638025 0.25293 0.046875 0.07032000000000002
2 0.17643 0.387695 0.04818 0.07030999999999998
2 0.17643 0.52246 0.04818 0.07032
2 0.17643 0.65625 0.05077999999999999 0.07225999999999999
2 0.17708000000000002 0.789065 0.049479999999999996 0.07227000000000006
2 0.9420550000000001 0.3833 0.03254999999999997 0.04980000000000001
2 0.86914 0.385255 0.03256000000000003 0.04981000000000002
2 0.9069 0.38427999999999995 0.03256000000000003 0.04980000000000001
2 0.9420550000000001 0.34473 0.029950000000000032 0.023440000000000016
2 0.9055949999999999 0.3457 0.029950000000000032 0.023440000000000016
2 0.86914 0.34619 0.029939999999999967 0.022460000000000035
2 0.8763 0.5 0.04688000000000003 0.06054000000000004
2 0.9322900000000001 0.5 0.04687999999999992 0.06054000000000004
2 0.8704449999999999 0.61426 0.03254999999999997 0.02734000000000003
2 0.9082049999999999 0.614745 0.03254999999999997 0.026370000000000005
2 0.86979 0.65527 0.03386 0.05078000000000005
2 0.908855 0.6543 0.03385000000000005 0.05078000000000005
2 0.8769499999999999 0.79541 0.04818 0.08106000000000002
2 0.57357 0.646 0.02214000000000005 0.07323999999999997
2 0.20182 0.122558 0.03645999999999999 0.049804
2 0.041016 0.122558 0.035156 0.049804
2 0.0950525 0.1191405 0.033854999999999996 0.062499
2 0.14909 0.1191405 0.035160000000000025 0.062499
3 0.58724 0.9345699999999999 0.0625 0.09570000000000001
4 0.17513 0.473145 0.07682 0.026370000000000005
5 0.17318 0.42334000000000005 0.07291999999999998 0.016600000000000004
5 0.28906 0.424805 0.07291999999999998 0.017569999999999975
5 0.71159 0.427735 0.07941999999999994 0.015629999999999977
5 0.458985 0.42578 0.07943 0.015619999999999967
5 0.71159 0.561525 0.07941999999999994 0.01562999999999992
5 0.459635 0.55908 0.08332999999999996 0.012699999999999934
5 0.572265 0.54492 0.027349999999999985 0.009759999999999991
5 0.5358050000000001 0.5522450000000001 0.01693 0.012689999999999979
5 0.61914 0.552245 0.024739999999999984 0.014650000000000052
5 0.570965 0.402835 0.029950000000000032 0.008789999999999965
5 0.61849 0.41259999999999997 0.02864 0.016600000000000004
5 0.5364599999999999 0.414065 0.015620000000000078 0.015629999999999977
5 0.572265 0.26025 0.03254999999999997 0.010740000000000027
5 0.173175 0.56201 0.07030999999999998 0.022459999999999924
5 0.289065 0.5625 0.07030999999999998 0.021479999999999944
5 0.29362 0.837405 0.07422000000000001 0.03027000000000002
5 0.45833 0.8383799999999999 0.08854000000000006 0.03417999999999999
5 0.7135400000000001 0.8383799999999999 0.08853999999999995 0.03417999999999999
5 0.8763000000000001 0.83887 0.08853999999999995 0.011719999999999953
4 0.71159 0.862305 0.08984000000000003 0.013670000000000071
4 0.583985 0.859375 0.14193 0.01171000000000011
4 0.45703499999999997 0.859375 0.09374999999999994 0.009770000000000056
4 0.29362 0.8588899999999999 0.07941999999999999 0.010740000000000083
4 0.17513 0.85303 0.08204 0.05175999999999992
6 0.23307 0.70459 0.20052 0.049799999999999955
6 0.29752649999999997 0.294925 0.503907 0.07030999999999998
6 0.68685 0.28955 0.17577999999999994 0.06934000000000001
6 0.902995 0.41455 0.17057 0.08495999999999998
6 0.90039 0.5459 0.13932 0.03515999999999997
6 0.897785 0.697265 0.13933000000000006 0.035150000000000015
6 0.463545 0.15966999999999998 0.13020999999999994 0.022460000000000008
8 0.173825 0.18701 0.05599000000000001 0.04394000000000001
8 0.289065 0.18701 0.054690000000000016 0.04394000000000001
8 0.058594 0.18555 0.054688 0.04491999999999999
8 0.571615 0.296385 0.020830000000000015 0.05567
8 0.571615 0.43799 0.020830000000000015 0.05565999999999999
8 0.61849 0.44823999999999997 0.018220000000000014 0.05077999999999999
8 0.53711 0.447755 0.009120000000000017 0.05175000000000002
8 0.572265 0.556155 0.027349999999999985 0.01464999999999994
8 0.6197900000000001 0.56543 0.015620000000000078 0.013679999999999914
8 0.53776 0.5644549999999999 0.015619999999999967 0.01366999999999996
8 0.45703 0.447755 0.015619999999999967 0.012689999999999979
8 0.710935 0.448245 0.015630000000000033 0.01366999999999996
8 0.345705 0.35596 0.01693 0.04590000000000005
8 0.22982 0.356445 0.022139999999999993 0.044930000000000025
8 0.11784 0.35596 0.022139999999999993 0.04590000000000005
8 0.347655 0.22412 0.020830000000000015 0.06934000000000001
8 0.229815 0.22461 0.019529999999999992 0.06836000000000003
8 0.117185 0.22412 0.020829999999999987 0.06934000000000001
8 0.233075 0.824705 0.05729000000000001 0.16698999999999997
9 0.58594 0.737795 0.3776 0.043949999999999934
9 0.583985 0.59717 0.37369 0.05176000000000003
11 0.7128950000000001 0.921385 0.08202999999999994 0.07519000000000009
11 0.457685 0.9209 0.08202999999999999 0.07422000000000006
11 0.585935 0.87549 0.16927000000000003 0.022459999999999924
11 0.645185 0.91699 0.02994999999999992 0.029299999999999993
11 0.523435 0.916015 0.03125 0.029290000000000038
11 0.5260400000000001 0.9404300000000001 0.026039999999999952 0.019540000000000002
11 0.40169 0.873535 0.01432 0.02246999999999999
11 0.764975 0.875 0.01693 0.01953999999999989
11 0.36784 0.936525 0.037760000000000016 0.035149999999999904
11 0.30664 0.929685 0.08204 0.09375
11 0.234375 0.93506 0.049470000000000014 0.049800000000000066
11 0.1888 0.93164 0.039059999999999984 0.10155999999999998
11 0.834635 0.90918 0.10156999999999994 0.10938000000000003
