1 0.50048655 0.531252 0.9970669 0.932296
2 0.263185 0.247395 0.04395000000000002 0.05729000000000001
2 0.21045 0.246745 0.04393999999999998 0.05859
2 0.391115 0.247395 0.04394999999999999 0.05729000000000001
2 0.444825 0.248695 0.04394999999999999 0.05728999999999998
2 0.21191500000000002 0.38932500000000003 0.04493 0.05729000000000001
2 0.26416 0.38932500000000003 0.04394000000000001 0.05729000000000001
2 0.39209 0.38932500000000003 0.04393999999999998 0.05729000000000001
2 0.44384999999999997 0.38932500000000003 0.043940000000000035 0.05729000000000001
2 0.0800785 0.246095 0.044923000000000005 0.05728999999999998
2 0.21289 0.5143249999999999 0.044920000000000015 0.05728999999999995
2 0.26465 0.5143249999999999 0.04491999999999999 0.05728999999999995
2 0.39258000000000004 0.513025 0.044920000000000015 0.05729000000000001
2 0.444825 0.514975 0.04394999999999999 0.05859000000000003
2 0.572265 0.247395 0.044930000000000025 0.05729000000000001
2 0.625 0.247395 0.04492000000000007 0.05729000000000001
2 0.74902 0.247395 0.04492000000000007 0.05729000000000001
2 0.80176 0.248695 0.04491999999999996 0.05728999999999998
2 0.800785 0.390625 0.04296999999999995 0.05728999999999995
2 0.74756 0.390625 0.04394000000000009 0.05728999999999995
2 0.625975 0.38932500000000003 0.042970000000000064 0.05729000000000001
2 0.573245 0.39127500000000004 0.04296999999999995 0.058589999999999975
2 0.44628999999999996 0.6380250000000001 0.044920000000000015 0.05728999999999995
2 0.393065 0.63737 0.043950000000000045 0.06119999999999992
2 0.5737300000000001 0.63802 0.04393999999999998 0.0625
2 0.626465 0.63737 0.043950000000000045 0.06119999999999992
2 0.5737300000000001 0.5136700000000001 0.04393999999999998 0.06120000000000003
2 0.626465 0.5136700000000001 0.043950000000000045 0.06120000000000003
2 0.748535 0.51432 0.043950000000000045 0.0625
2 0.8012699999999999 0.5136700000000001 0.04393999999999998 0.06120000000000003
2 0.748535 0.63737 0.043950000000000045 0.06119999999999992
2 0.801755 0.63737 0.04296999999999995 0.06119999999999992
2 0.927735 0.53841 0.03125 0.058600000000000096
2 0.927735 0.417315 0.03125 0.05859000000000003
2 0.9370099999999999 0.24804500000000002 0.03417999999999999 0.05599000000000001
2 0.266115 0.63737 0.04198999999999997 0.06119999999999992
2 0.21435500000000002 0.63737 0.04199 0.06119999999999992
2 0.44677500000000003 0.8027299999999999 0.04199000000000003 0.0872400000000001
2 0.395505 0.8027299999999999 0.04297000000000001 0.0872400000000001
2 0.574215 0.8027299999999999 0.04296999999999995 0.0872400000000001
2 0.6269549999999999 0.8027299999999999 0.042970000000000064 0.0872400000000001
2 0.266605 0.8027299999999999 0.04297000000000001 0.0872400000000001
2 0.213865 0.80404 0.04297000000000001 0.08723999999999998
2 0.749025 0.803385 0.042970000000000064 0.08593000000000006
2 0.8012699999999999 0.803385 0.041999999999999926 0.08593000000000006
9 0.4990214 0.304685 0.9882772000000001 0.06770999999999999
9 0.4990214 0.889975 0.9882772000000001 0.10287000000000002
9 0.4980481 0.140624 0.9882838 0.14583200000000002
