1 0.487794 0.50254225 0.940432 0.9872955
2 0.212405 0.19949 0.03026999999999999 0.08385999999999999
2 0.26367 0.196315 0.03320000000000001 0.08259
2 0.31055 0.200125 0.02734000000000003 0.08259
2 0.675295 0.20076 0.03027000000000002 0.08385999999999999
2 0.728025 0.19695000000000001 0.03222999999999998 0.08131999999999998
2 0.7748999999999999 0.19949 0.028320000000000012 0.08132
2 0.213865 0.36976 0.03125 0.08893999999999996
2 0.26465 0.35006499999999996 0.03515999999999997 0.052090000000000025
2 0.312985 0.36912500000000004 0.03027000000000002 0.08766999999999997
2 0.21435500000000002 0.52986 0.03026999999999999 0.06861999999999996
2 0.26367 0.5304949999999999 0.03516 0.06734999999999997
2 0.31201 0.529225 0.028320000000000012 0.06480999999999998
2 0.215335 0.71474 0.03027000000000002 0.08514
2 0.26416 0.71665 0.03417999999999999 0.07878000000000007
2 0.312985 0.7153750000000001 0.03027000000000002 0.08133000000000001
2 0.21728999999999998 0.8939 0.034180000000000016 0.09021999999999997
2 0.265625 0.8945350000000001 0.03320999999999999 0.09148999999999996
2 0.311525 0.8939 0.029290000000000038 0.09021999999999997
2 0.6762699999999999 0.37039500000000003 0.030279999999999974 0.08766999999999997
2 0.7275400000000001 0.36277000000000004 0.029299999999999993 0.07495999999999997
2 0.774415 0.351335 0.029290000000000038 0.04954999999999998
2 0.6762699999999999 0.53939 0.030279999999999974 0.08514000000000005
2 0.7251000000000001 0.5304949999999999 0.03417999999999999 0.06734999999999997
2 0.77295 0.52732 0.02636000000000005 0.06353999999999999
2 0.67529 0.72109 0.028320000000000012 0.09275999999999995
2 0.72168 0.71601 0.02733999999999992 0.0826
2 0.772465 0.71665 0.025390000000000024 0.07878000000000007
2 0.677735 0.890725 0.03320999999999996 0.09149000000000007
2 0.7265600000000001 0.890725 0.03515999999999997 0.09403000000000006
2 0.773925 0.890725 0.03027000000000002 0.09403000000000006
2 0.39502000000000004 0.8945350000000001 0.036140000000000005 0.08894999999999997
2 0.5859399999999999 0.8945350000000001 0.03515999999999997 0.09148999999999996
2 0.09618950000000001 0.37357 0.055661 0.08894000000000002
2 0.0966795 0.20203500000000002 0.056641 0.08895
2 0.0961915 0.54574 0.057617 0.09275999999999995
2 0.097168 0.7249 0.055664000000000005 0.09783999999999993
2 0.422365 0.72554 0.05957000000000001 0.09655999999999998
2 0.421875 0.547015 0.05664999999999998 0.09275
2 0.5605450000000001 0.72681 0.06054999999999999 0.09401999999999999
2 0.56006 0.547015 0.057620000000000005 0.09275
2 0.42139 0.20839 0.057620000000000005 0.08132
2 0.42139 0.376745 0.057620000000000005 0.08767000000000003
2 0.55957 0.376745 0.058599999999999985 0.08767000000000003
2 0.55908 0.20839 0.057620000000000005 0.08132
2 0.88135 0.20521 0.05566000000000004 0.08006000000000002
2 0.8833 0.37484 0.05566000000000004 0.08640000000000003
2 0.88379 0.54447 0.056640000000000024 0.09021999999999997
2 0.8842749999999999 0.722995 0.05957000000000001 0.09656999999999993
2 0.883305 0.8945350000000001 0.05957000000000001 0.09148999999999996
3 0.489255 0.9472700000000001 0.048829999999999985 0.09022000000000008
4 0.422365 0.15755999999999998 0.07715 0.01777999999999999
4 0.31640999999999997 0.14803 0.05077999999999999 0.019059999999999994
4 0.263675 0.147395 0.05468999999999999 0.02287
4 0.21435500000000002 0.148665 0.04395000000000002 0.020329999999999987
4 0.5605450000000001 0.1582 0.08202999999999994 0.019059999999999994
4 0.8833 0.15565 0.08496000000000004 0.019059999999999994
4 0.677245 0.1493 0.05174999999999996 0.019059999999999994
4 0.729 0.14803 0.05176000000000003 0.021600000000000008
4 0.7792950000000001 0.14803 0.04883000000000004 0.021600000000000008
4 0.885745 0.32211 0.09960999999999998 0.047020000000000006
4 0.561035 0.32274499999999995 0.09473000000000009 0.04829
4 0.42285 0.32338 0.09765999999999997 0.04956000000000005
4 0.0981425 0.32084 0.096675 0.047020000000000006
4 0.09716899999999999 0.46950499999999995 0.102542 0.06988999999999995
4 0.42578000000000005 0.47077499999999994 0.10742000000000002 0.06988999999999995
4 0.563475 0.47077500000000005 0.11133000000000004 0.07243000000000005
4 0.888675 0.47077499999999994 0.1171899999999999 0.06988999999999995
5 0.0966805 0.26175 0.08007900000000001 0.038120000000000015
5 0.21094000000000002 0.256035 0.05078000000000002 0.036849999999999994
5 0.26465 0.252225 0.056639999999999996 0.04446999999999998
5 0.31836 0.256035 0.05077999999999999 0.03938999999999998
5 0.422365 0.264295 0.08105000000000001 0.03556999999999999
5 0.5625 0.26493 0.08007999999999993 0.036839999999999984
5 0.886715 0.26302000000000003 0.08203000000000005 0.03811999999999999
5 0.7304649999999999 0.25286000000000003 0.054690000000000016 0.04828000000000002
5 0.780275 0.25794 0.042970000000000064 0.038120000000000015
5 0.67676 0.25667 0.05078000000000005 0.04066000000000003
5 0.0966775 0.42884500000000003 0.09374500000000001 0.029230000000000034
5 0.422855 0.43074999999999997 0.09375 0.02796000000000004
5 0.21094000000000002 0.42884500000000003 0.04491999999999999 0.03938999999999998
5 0.560545 0.43202 0.09375 0.027959999999999985
5 0.884765 0.42948 0.09570999999999996 0.030500000000000027
5 0.0971685 0.790975 0.079103 0.039390000000000036
5 0.42040999999999995 0.790975 0.07519999999999999 0.039390000000000036
5 0.55908 0.7916099999999999 0.07909999999999995 0.04066000000000003
5 0.885255 0.79034 0.07715000000000005 0.04066000000000003
6 0.097167 0.60991 0.088866 0.043200000000000016
6 0.280275 0.617535 0.19530999999999998 0.11181000000000008
6 0.422365 0.6111800000000001 0.08301000000000003 0.043200000000000016
6 0.561035 0.611815 0.08887 0.039390000000000036
6 0.27929499999999996 0.81385 0.19727 0.11818000000000006
6 0.28076500000000004 0.432655 0.11035 0.12070999999999998
6 0.7612300000000001 0.43329 0.13770000000000004 0.12451999999999996
6 0.761715 0.61245 0.23046999999999995 0.11943999999999999
6 0.7583 0.8100350000000001 0.21972000000000003 0.11817
6 0.88428 0.609275 0.07910000000000006 0.04447000000000001
6 0.7109399999999999 0.035578 0.2168 0.048284
8 0.491215 0.376745 0.042970000000000064 0.06735000000000002
8 0.50098 0.83037 0.07421999999999995 0.026679999999999926
8 0.496095 0.895805 0.06445000000000001 0.055910000000000015
8 0.39746000000000004 0.83926 0.02148 0.019060000000000077
8 0.5873999999999999 0.83926 0.01856000000000002 0.021600000000000064
8 0.09717049999999999 0.83926 0.018559000000000006 0.021600000000000064
8 0.888185 0.83799 0.018550000000000066 0.021600000000000064
9 0.489745 0.1054655 0.92285 0.12706900000000002
9 0.48827899999999996 0.273825 0.935542 0.06735
9 0.4912085 0.624525 0.9296829999999999 0.0902099999999999
9 0.489257 0.79987 0.9296859999999999 0.06479999999999997
9 0.48779199999999995 0.96506 0.932616 0.059719999999999995
10 0.99414 0.41486500000000004 0.011719999999999953 0.07751000000000002
10 0.99463 0.47141 0.010739999999999972 0.03558
10 0.99414 0.36594499999999996 0.011719999999999953 0.020330000000000015
10 0.5366200000000001 0.932655 0.01856000000000002 0.07369000000000003
10 0.4541 0.932655 0.01758000000000004 0.07115000000000005
10 0.45557000000000003 0.980305 0.02245999999999998 0.024150000000000005
10 0.536625 0.980305 0.020510000000000028 0.021610000000000018
10 0.45459 0.872935 0.030279999999999974 0.048289999999999944
10 0.538575 0.87357 0.024410000000000043 0.04701999999999995
10 0.25537 0.642945 0.016600000000000004 0.015249999999999986
10 0.30664 0.644215 0.017579999999999985 0.017789999999999973
10 0.25586 0.696315 0.015620000000000023 0.09149000000000007
10 0.30664 0.698855 0.017579999999999985 0.09149000000000007
10 0.256835 0.74905 0.025389999999999996 0.013979999999999992
10 0.30761499999999997 0.7503200000000001 0.025389999999999968 0.011440000000000006
10 0.30615000000000003 0.51334 0.016600000000000004 0.08640000000000003
10 0.30664 0.459975 0.017579999999999985 0.017790000000000028
10 0.30713 0.55972 0.020500000000000018 0.006359999999999921
10 0.25683500000000004 0.5139750000000001 0.013670000000000015 0.08513000000000004
10 0.25732 0.463785 0.01660000000000003 0.015249999999999986
10 0.2583 0.559085 0.02245999999999998 0.005089999999999928
10 0.7949200000000001 0.557815 0.02734000000000003 0.007629999999999915
10 0.746585 0.557815 0.030269999999999908 0.005089999999999928
10 0.74512 0.5139750000000001 0.023439999999999905 0.08005000000000007
10 0.794435 0.51334 0.020510000000000028 0.07878000000000007
10 0.74414 0.46569 0.023440000000000016 0.01651999999999998
10 0.794435 0.463785 0.018550000000000066 0.017789999999999973
10 0.79443 0.64549 0.022460000000000035 0.012699999999999934
10 0.74219 0.64549 0.021479999999999944 0.010159999999999947
10 0.742185 0.697585 0.025390000000000024 0.09403000000000006
10 0.794435 0.697585 0.026370000000000005 0.09403000000000006
10 0.7441450000000001 0.750955 0.03711000000000009 0.012709999999999999
10 0.7959 0.7503200000000001 0.039059999999999984 0.011440000000000006
2 0.0937515 0.89263 0.05859700000000001 0.08514
4 0.265135 0.296695 0.06933 0.04447000000000001
4 0.73535 0.297965 0.06836000000000009 0.04447000000000001
9 0.7251 0.128335 0.18652000000000002 0.02287
8 0.271975 0.127065 0.16699 0.025410000000000002
8 0.36572 0.085769 0.010739999999999972 0.024141999999999997
8 0.34912 0.0851335 0.010740000000000027 0.02541299999999999
8 0.333005 0.085769 0.009770000000000001 0.024141999999999997
8 0.37842 0.0933905 0.010740000000000027 0.024138999999999994
8 0.39502000000000004 0.094661 0.010740000000000027 0.024138000000000007
8 0.41211 0.094661 0.009760000000000046 0.024138000000000007
8 0.4292 0.0959365 0.010740000000000027 0.024147000000000002
8 0.44775 0.0959365 0.010740000000000027 0.024147000000000002
8 0.46338 0.094661 0.010740000000000027 0.024138000000000007
8 0.48242 0.0959365 0.009759999999999991 0.024147000000000002
8 0.5 0.0959365 0.009759999999999991 0.024147000000000002
8 0.5151399999999999 0.0959365 0.010740000000000083 0.024147000000000002
8 0.53076 0.0959365 0.010739999999999972 0.024147000000000002
8 0.55029 0.0959365 0.010740000000000083 0.024147000000000002
8 0.56592 0.0959365 0.010739999999999972 0.024147000000000002
8 0.58252 0.0959365 0.010739999999999972 0.024147000000000002
8 0.6001 0.0959365 0.010739999999999972 0.024147000000000002
8 0.6167 0.094661 0.010739999999999972 0.024138000000000007
8 0.640625 0.0883095 0.009770000000000056 0.024140999999999996
8 0.65576 0.0883095 0.010739999999999972 0.024140999999999996
8 0.6723600000000001 0.0870395 0.010740000000000083 0.024142999999999998
8 0.68994 0.0870395 0.010739999999999972 0.024142999999999998
8 0.70557 0.0870395 0.010739999999999972 0.024142999999999998
8 0.72119 0.0864045 0.010739999999999972 0.025413000000000005
8 0.73584 0.0870395 0.010740000000000083 0.024142999999999998
8 0.753905 0.0870395 0.009769999999999945 0.024142999999999998
8 0.77002 0.0870395 0.010739999999999972 0.024142999999999998
8 0.785155 0.0870395 0.009769999999999945 0.024142999999999998
8 0.802735 0.0870395 0.009770000000000056 0.024142999999999998
8 0.81885 0.085769 0.010739999999999972 0.024141999999999997
8 0.83447 0.0870395 0.010740000000000083 0.024142999999999998
8 0.84668 0.0933905 0.009759999999999991 0.024138999999999994
8 0.86133 0.094661 0.009759999999999991 0.024138000000000007
8 0.876465 0.094661 0.010749999999999926 0.024138000000000007
8 0.89258 0.0933905 0.009759999999999991 0.024138999999999994
8 0.90869 0.094661 0.010739999999999972 0.024138000000000007
8 0.92334 0.094661 0.010740000000000083 0.024138000000000007
8 0.93701 0.094661 0.010739999999999972 0.024138000000000007
8 0.9526399999999999 0.094661 0.010740000000000083 0.024138000000000007
8 0.421385 0.13659 0.01855000000000001 0.019059999999999994
8 0.5581050000000001 0.13723000000000002 0.018549999999999955 0.01777999999999999
