1 0.50048655 0.4860544 0.9970669 0.9609512
2 0.1040035 0.5272 0.092773 0.18968000000000002
2 0.29883 0.5272 0.09179999999999999 0.18968000000000002
2 0.49219 0.536265 0.09179999999999994 0.19107000000000002
2 0.68164 0.5404450000000001 0.09179999999999999 0.19106999999999996
2 0.8432649999999999 0.541145 0.08300999999999992 0.18689
2 0.83545 0.17573049999999998 0.08299999999999996 0.172939
2 0.6762699999999999 0.16457650000000001 0.08300000000000007 0.172947
2 0.49072499999999997 0.15481 0.08300999999999997 0.17293999999999998
2 0.297365 0.14783849999999998 0.08301000000000003 0.17294299999999999
2 0.10595450000000001 0.81869 0.06933099999999999 0.11436000000000002
2 0.299315 0.8242700000000001 0.06933 0.1143599999999999
2 0.49511499999999997 0.82845 0.07031000000000004 0.11436000000000002
2 0.85205 0.820085 0.06933999999999996 0.11436999999999997
3 0.68311 0.84728 0.10254000000000008 0.22453999999999996
5 0.1044925 0.232915 0.115235 0.022309999999999997
5 0.29639 0.239195 0.11426 0.02371000000000001
5 0.493165 0.24407 0.11523000000000005 0.022320000000000007
5 0.674805 0.254535 0.11522999999999994 0.02371000000000001
5 0.83447 0.261505 0.11425999999999992 0.02370999999999998
7 0.24414 0.8221799999999999 0.04102 0.11575999999999997
8 0.1044915 0.31032499999999996 0.14257699999999998 0.16038999999999998
8 0.29834 0.31381 0.14160000000000003 0.159
8 0.49268 0.322875 0.1416 0.16038999999999998
8 0.8374 0.3417 0.12402000000000002 0.1562
8 0.67627 0.35007 0.13964 0.18968000000000002
9 0.503416 0.65272 0.985348 0.08367999999999998
9 0.5019512500000001 0.34519 0.9882775 0.06833999999999996
10 0.200195 0.332638 0.03514999999999999 0.536964
10 0.0141601 0.332638 0.020507800000000003 0.536964
10 0.39502 0.33891 0.03417999999999999 0.5355599999999999
10 0.586915 0.34518950000000004 0.03125 0.536961
10 0.7612300000000001 0.34867299999999996 0.032220000000000026 0.516034
10 0.91553 0.35285999999999995 0.03417999999999999 0.5021
10 0.19922 0.612275 0.05274000000000001 0.025109999999999966
10 0.39551000000000003 0.6171549999999999 0.052739999999999954 0.020930000000000004
10 0.589845 0.62273 0.052730000000000055 0.02092000000000005
10 0.762695 0.619245 0.052729999999999944 0.02230999999999994
10 0.918945 0.61785 0.052729999999999944 0.02510000000000001
10 0.01562505 0.03556475 0.0273439 0.057182500000000004
10 0.19970500000000002 0.0348674 0.04199 0.0585772
10 0.39502000000000004 0.037656749999999996 0.04199999999999998 0.0613665
10 0.58594 0.043933 0.041020000000000056 0.06276200000000001
10 0.760255 0.052301499999999994 0.04198999999999997 0.073919
10 0.91455 0.0641545 0.04200000000000004 0.07531099999999999
11 0.29834 0.656905 0.27636000000000005 0.03905000000000003
11 0.926265 0.66248 0.053709999999999924 0.03626000000000007
11 0.28906050000000005 0.7043200000000001 0.527339 0.04183999999999999
11 0.87402 0.70711 0.23828000000000005 0.03625999999999996
11 0.39941499999999996 0.83961 0.039069999999999994 0.08926
11 0.586915 0.8347249999999999 0.035150000000000015 0.07113000000000003
2 0.10644500000000001 0.146441 0.08203 0.172938
8 0.59717 0.614365 0.04590000000000005 0.15481
8 0.688965 0.6840999999999999 0.03416999999999992 0.07950000000000002
