1 0.48831985 0.5312520000000001 0.9708003000000001 0.9326960000000001
2 0.266425 0.19110500000000002 0.05692999999999998 0.12259
2 0.48685999999999996 0.195915 0.056939999999999935 0.12259
2 0.855475 0.19832 0.05547000000000002 0.12260000000000001
2 0.043066 0.19832 0.056934 0.12260000000000001
2 0.477375 0.41466499999999995 0.08759 0.11779
2 0.840875 0.41106 0.07591000000000003 0.11537999999999998
2 0.845985 0.63582 0.07445000000000002 0.11297999999999997
2 0.473725 0.6466350000000001 0.07737000000000005 0.11538999999999999
2 0.664235 0.67067 0.07882999999999996 0.16345999999999994
2 0.662045 0.8810100000000001 0.08321 0.12259999999999993
2 0.47445499999999996 0.88822 0.08174999999999993 0.12260000000000004
2 0.0357662 0.421875 0.0598536 0.11778999999999995
2 0.0357662 0.657455 0.0598536 0.11779000000000006
2 0.0357662 0.899035 0.0598536 0.12019000000000002
2 0.2 0.41947500000000004 0.04379999999999998 0.13221
2 0.251095 0.41947500000000004 0.04379000000000002 0.13221
2 0.30073 0.420675 0.04379999999999995 0.12981000000000004
2 0.19416 0.65625 0.043800000000000006 0.12979999999999992
2 0.24671500000000002 0.653845 0.04379000000000002 0.12980999999999998
2 0.29927000000000004 0.65625 0.043800000000000006 0.12979999999999992
2 0.19416 0.8978349999999999 0.043800000000000006 0.13221000000000005
2 0.24817499999999998 0.899035 0.04378999999999997 0.12980999999999998
2 0.29927000000000004 0.896635 0.043800000000000006 0.12980999999999998
2 0.660585 0.4399 0.08028999999999997 0.16346000000000005
2 0.6613150000000001 0.209135 0.052549999999999986 0.15385
4 0.481755 0.10937749999999999 0.10802999999999996 0.05048499999999999
4 0.651825 0.10096150000000001 0.13868999999999998 0.048076999999999995
4 0.848905 0.109376 0.10072999999999999 0.040868000000000015
4 0.25766 0.1057705 0.20875999999999997 0.04807900000000001
4 0.0496352 0.1033655 0.0875916 0.043269
5 0.47518499999999997 0.47836500000000004 0.10657 0.019230000000000025
5 0.47080500000000003 0.7091350000000001 0.09488999999999997 0.01922999999999997
5 0.843065 0.471155 0.09489000000000003 0.01922999999999997
5 0.847445 0.699515 0.09488999999999992 0.01923000000000008
5 0.662045 0.9447099999999999 0.10072999999999999 0.014419999999999988
5 0.468615 0.953125 0.09926999999999997 0.012010000000000076
6 0.63431 0.502405 0.22336 0.12980999999999998
6 0.629925 0.735575 0.24670999999999998 0.12019000000000002
6 0.652555 0.257215 0.09926999999999997 0.12981
7 0.082482 0.414665 0.045256 0.12741000000000002
7 0.079562 0.65505 0.045256000000000005 0.12739999999999996
7 0.40876 0.41225999999999996 0.043800000000000006 0.12259999999999999
7 0.535035 0.41587 0.04525000000000001 0.125
7 0.45474499999999995 0.64784 0.03941 0.11297999999999997
7 0.49343000000000004 0.64543 0.03796000000000005 0.11297999999999997
7 0.535035 0.88462 0.04232999999999998 0.125
7 0.40876 0.8870199999999999 0.04088000000000003 0.12019999999999997
7 0.59781 0.8810100000000001 0.04233999999999993 0.12259999999999993
7 0.7219 0.878605 0.03942000000000001 0.12258999999999998
7 0.78175 0.408655 0.0394199999999999 0.12019000000000002
7 0.8605849999999999 0.41106 0.03356999999999999 0.11058000000000001
7 0.68029 0.441105 0.037959999999999994 0.16105000000000003
7 0.641605 0.44230500000000006 0.03649000000000002 0.15865
7 0.863505 0.6370199999999999 0.03649000000000002 0.11058000000000001
7 0.82701 0.6370199999999999 0.03649999999999998 0.11058000000000001
7 0.71898 0.66827 0.03650000000000009 0.17788000000000004
7 0.59927 0.6706749999999999 0.03942000000000001 0.17789
9 0.48831965 0.29567 0.9620407 0.08654
11 0.88321 0.86899 0.15181999999999995 0.11778
