1 0.441406 0.4983963 0.724608 0.9935874
2 0.174805 0.244395 0.06055000000000002 0.14262999999999998
2 0.309085 0.24359 0.05957000000000001 0.14101999999999998
2 0.443845 0.245195 0.05957000000000001 0.14103
2 0.575685 0.244395 0.0595699999999999 0.14262999999999998
2 0.70703 0.245995 0.06053999999999993 0.14262999999999998
2 0.1748 0.584935 0.0625 0.16025
2 0.30859 0.583335 0.0625 0.16025
2 0.44043 0.5865400000000001 0.0625 0.16025999999999996
2 0.57227 0.584935 0.0625 0.16025
2 0.70508 0.5865400000000001 0.0625 0.16025999999999996
2 0.92578 0.6153850000000001 0.02734000000000003 0.06089
2 0.84375 0.6057699999999999 0.02733999999999992 0.06730000000000003
2 0.84277 0.741185 0.029299999999999993 0.06891000000000003
4 0.17578 0.14343 0.09570000000000001 0.052879999999999996
4 0.31055 0.141825 0.09570000000000001 0.052890000000000006
4 0.4458 0.14343 0.09668000000000004 0.052879999999999996
4 0.57959 0.14263 0.09667999999999999 0.051280000000000006
4 0.71143 0.14423 0.09667999999999999 0.05127999999999999
4 0.17480500000000002 0.44792 0.10351 0.10096
4 0.71045 0.44631 0.10643999999999998 0.10096
4 0.30957 0.445515 0.11131999999999997 0.10577000000000003
4 0.442875 0.445515 0.11035 0.10577000000000003
4 0.57666 0.442305 0.1103599999999999 0.10577000000000003
4 0.927245 0.5769249999999999 0.04198999999999997 0.009610000000000007
4 0.925295 0.6979150000000001 0.04198999999999997 0.017629999999999924
2 0.925295 0.741185 0.026370000000000005 0.06570999999999994
4 0.84375 0.69391 0.06054000000000004 0.022440000000000015
4 0.927245 0.5601 0.043949999999999934 0.02403999999999995
4 0.92578 0.676285 0.04491999999999996 0.01922999999999997
5 0.172365 0.70032 0.10059 0.07691999999999999
5 0.30810499999999996 0.697915 0.10059000000000001 0.07852999999999999
5 0.44189500000000004 0.697915 0.10059000000000001 0.07852999999999999
5 0.575195 0.6971149999999999 0.09960999999999998 0.07693000000000005
5 0.708985 0.6947099999999999 0.09960999999999998 0.07852000000000003
5 0.8432649999999999 0.64343 0.04199000000000008 0.014419999999999988
5 0.842285 0.79968 0.04199000000000008 0.057699999999999974
5 0.9262699999999999 0.65625 0.040039999999999965 0.02723999999999993
8 0.13086 0.08493400000000001 0.02148 0.03525199999999999
8 0.16797 0.085735 0.02148 0.03365
8 0.09277550000000001 0.084134 0.021488999999999994 0.03365199999999999
8 0.20508 0.085735 0.02148 0.03365
8 0.24316500000000002 0.08493400000000001 0.021490000000000037 0.03525199999999999
8 0.279295 0.08654 0.02149000000000001 0.03526
8 0.390625 0.085735 0.02149000000000001 0.03365
8 0.427735 0.0873415 0.021489999999999954 0.03365699999999999
8 0.464845 0.0873415 0.02149000000000001 0.03365699999999999
8 0.501955 0.08654 0.021490000000000065 0.03526
8 0.538085 0.08814150000000001 0.02149000000000001 0.035257
8 0.575195 0.0873415 0.02149000000000001 0.03365699999999999
8 0.612305 0.0873415 0.02149000000000001 0.03365699999999999
8 0.649415 0.0873415 0.02149000000000001 0.03365699999999999
8 0.686525 0.0873415 0.021489999999999898 0.03365699999999999
8 0.722655 0.0873415 0.02149000000000001 0.03365699999999999
8 0.7587900000000001 0.08814150000000001 0.021480000000000055 0.035257
8 0.79443 0.08814150000000001 0.01660000000000006 0.035257
8 0.316405 0.08654 0.02149000000000001 0.03526
8 0.353515 0.08654 0.021489999999999954 0.03526
9 0.43993899999999997 0.0665077 0.719722 0.1137846
9 0.44238200000000005 0.33253 0.716796 0.05288000000000004
9 0.443359 0.7508 0.7148420000000001 0.040059999999999985
10 0.891115 0.6858949999999999 0.01269000000000009 0.20833000000000002
10 0.89209 0.7996749999999999 0.01856000000000002 0.01922999999999997
10 0.890625 0.571315 0.019530000000000047 0.020830000000000015
8 0.8916 0.5480799999999999 0.015620000000000078 0.025639999999999996
11 0.24267499999999997 0.8854150000000001 0.20410999999999999 0.21634999999999993
11 0.507815 0.8830100000000001 0.13477000000000006 0.21474000000000004
11 0.7060550000000001 0.88622 0.06835000000000002 0.21473999999999993
11 0.8491200000000001 0.8966350000000001 0.09082000000000001 0.08493000000000006
11 0.1083965 0.80609 0.019527000000000003 0.057699999999999974
