2 0.1181615 0.168335 0.044917 0.08691
2 0.22949 0.166835 0.04687999999999998 0.08591
2 0.22998000000000002 0.344155 0.047860000000000014 0.08290999999999998
2 0.1196285 0.344155 0.049802999999999986 0.08490999999999999
4 0.12109600000000001 0.27922 0.089848 0.03695999999999999
4 0.23242 0.27872 0.08983999999999998 0.03595999999999999
4 0.34619 0.27772 0.08886000000000005 0.037959999999999994
4 0.450685 0.27922 0.08887 0.03695999999999999
4 0.56006 0.28022 0.06738 0.03496000000000005
2 0.3418 0.166835 0.04491999999999996 0.08591
2 0.450195 0.16683 0.04687000000000002 0.07991999999999999
2 0.558595 0.16883 0.04687000000000008 0.07991999999999999
2 0.34130499999999997 0.34265500000000004 0.047850000000000004 0.08590999999999999
2 0.450685 0.34365500000000004 0.04981000000000002 0.08390999999999998
2 0.55957 0.34565500000000005 0.048820000000000086 0.08590999999999999
2 0.34179499999999996 0.51998 0.048829999999999985 0.08692000000000005
2 0.450685 0.51948 0.04981000000000002 0.08792000000000005
2 0.5581050000000001 0.52048 0.04785000000000006 0.08592000000000005
2 0.339845 0.6998 0.04686999999999997 0.09289999999999998
2 0.44922 0.6998 0.04688000000000003 0.09289999999999998
2 0.55664 0.6998 0.04688000000000003 0.09289999999999998
4 0.34375 0.44455500000000003 0.08594000000000002 0.05395
4 0.453125 0.446055 0.08789000000000002 0.05495
4 0.5625 0.446055 0.0918000000000001 0.05295
4 0.122069 0.44705 0.089842 0.05693999999999999
4 0.234375 0.446055 0.08592999999999998 0.05495
2 0.1206065 0.52048 0.049807000000000004 0.08592000000000005
2 0.231445 0.51948 0.05079 0.08592000000000005
2 0.1196265 0.7002999999999999 0.047847000000000015 0.09189999999999998
2 0.230955 0.698805 0.049809999999999965 0.09091000000000005
2 0.22949 0.877625 0.04687999999999998 0.08691000000000004
2 0.33838 0.87812 0.045899999999999996 0.08592
3 0.11962700000000001 0.915585 0.065426 0.14884999999999993
2 0.45166 0.8771249999999999 0.05371999999999999 0.08791000000000004
2 0.55713 0.877625 0.04590000000000005 0.08691000000000004
1 0.337403 0.5184815 0.5927739999999999 0.963037
2 0.717285 0.225275 0.0458900000000001 0.07892999999999997
2 0.8276399999999999 0.22277999999999998 0.04589999999999994 0.07991999999999996
2 0.93701 0.22677000000000003 0.04590000000000005 0.07992000000000002
2 0.7192350000000001 0.396605 0.04785000000000006 0.09190999999999999
2 0.82959 0.396605 0.0478599999999999 0.09190999999999999
2 0.9379850000000001 0.395605 0.04785000000000006 0.09190999999999999
2 0.72217 0.570925 0.049800000000000066 0.09091000000000005
2 0.8325199999999999 0.568935 0.049799999999999955 0.09091000000000005
2 0.71826 0.7502500000000001 0.049800000000000066 0.09389999999999998
2 0.829105 0.74975 0.04882999999999993 0.09289999999999998
3 0.71582 0.966035 0.06640000000000001 0.06593000000000004
2 0.7167950000000001 0.90659 0.07030999999999998 0.03695999999999999
4 0.833985 0.499005 0.07813000000000003 0.05094999999999994
4 0.72607 0.48851 0.10254000000000008 0.06594000000000005
5 0.1206075 0.398605 0.08496500000000001 0.027969999999999995
5 0.23047 0.39810500000000004 0.08397999999999997 0.026969999999999994
5 0.34131 0.395605 0.08496000000000004 0.027969999999999995
5 0.44921999999999995 0.398605 0.08398 0.027969999999999995
5 0.557615 0.3996 0.08399000000000001 0.027980000000000005
5 0.71875 0.44655 0.07421999999999995 0.017979999999999996
5 0.82959 0.45055 0.07324000000000008 0.017979999999999996
5 0.93652 0.44955 0.07421999999999995 0.017979999999999996
6 0.122069 0.6024 0.078122 0.07791999999999999
6 0.23242000000000002 0.6024 0.07812 0.07991999999999999
6 0.34179499999999996 0.6019000000000001 0.07812999999999998 0.08091999999999999
6 0.4541 0.6019000000000001 0.07811999999999997 0.08292
6 0.5605450000000001 0.6034 0.07812999999999992 0.08191999999999999
6 0.9458 0.28122 0.08496000000000004 0.032960000000000045
6 0.8359399999999999 0.278725 0.08594000000000002 0.031970000000000054
6 0.72607 0.278225 0.08495999999999992 0.032970000000000055
6 0.72803 0.6473500000000001 0.09082000000000001 0.06394
6 0.831055 0.64635 0.07617000000000007 0.061939999999999995
8 0.28711 0.11239 0.03906000000000004 0.02098
8 0.175295 0.11339 0.03809000000000001 0.02098
8 0.39941499999999996 0.11289 0.039069999999999994 0.019979999999999998
8 0.50537 0.11339 0.03808000000000006 0.02098
8 0.611815 0.115885 0.03222999999999998 0.021970000000000017
8 0.5620149999999999 0.11488500000000001 0.04785000000000006 0.021970000000000003
8 0.45508000000000004 0.11189 0.04687999999999998 0.02198
8 0.34326 0.1098905 0.04980000000000001 0.021979
8 0.230955 0.11189 0.049809999999999965 0.02198
9 0.3359375 0.22977 0.583985 0.03395999999999999
9 0.337404 0.6133900000000001 0.583012 0.09789999999999999
9 0.34082049999999997 0.08841 0.580079 0.09690000000000001
8 0.26221 0.09940299999999999 0.010739999999999972 0.07093399999999998
8 0.200195 0.09940299999999999 0.009770000000000001 0.07093399999999998
8 0.3125 0.1003975 0.009759999999999991 0.070925
8 0.37402500000000005 0.09940299999999999 0.009770000000000001 0.07093399999999998
8 0.42578 0.0999025 0.009759999999999991 0.06993499999999998
8 0.15039 0.0999025 0.009759999999999991 0.06993499999999998
8 0.532225 0.1003975 0.009769999999999945 0.070925
8 0.5917950000000001 0.101401 0.007809999999999984 0.046958
8 0.492675 0.083417 0.02636999999999995 0.034966
8 0.675785 0.174325 0.025390000000000024 0.07693
8 0.785155 0.174825 0.025389999999999913 0.07793
8 0.898435 0.175325 0.025390000000000024 0.07693
8 0.83203 0.16383999999999999 0.03320000000000001 0.03796000000000002
8 0.72119 0.164835 0.0341800000000001 0.03197
8 0.9428700000000001 0.161835 0.03417999999999999 0.03197
8 0.674315 0.33017 0.03808999999999996 0.05893999999999999
8 0.780275 0.32917 0.03711000000000009 0.05893999999999999
8 0.890135 0.33317 0.03808999999999996 0.05893999999999999
9 0.3417975 0.785215 0.589845 0.07593000000000005
9 0.3383775 0.92757 0.583005 0.018979999999999997
10 0.6650400000000001 0.48452000000000006 0.02734000000000003 0.23976000000000003
10 0.774415 0.48202 0.027349999999999985 0.23876000000000003
10 0.88574 0.48202 0.02734000000000003 0.23876000000000003
10 0.66699 0.60989 0.039059999999999984 0.01097999999999999
10 0.77539 0.6078950000000001 0.039059999999999984 0.012989999999999946
10 0.88574 0.607395 0.039059999999999984 0.013989999999999947
11 0.5283199999999999 0.946055 0.039059999999999984 0.02597000000000005
11 0.6098600000000001 0.985015 0.01660000000000006 0.02797000000000005
