1 0.5028463 0.5019547 0.9943074 0.9921906
2 0.117647 0.228515 0.072106 0.08593
2 0.872865 0.23242000000000002 0.0721099999999999 0.08594000000000002
2 0.880455 0.40088 0.07211000000000001 0.08692
2 0.11574799999999999 0.395995 0.07210399999999999 0.08690999999999999
2 0.318785 0.228025 0.07211000000000001 0.08690999999999999
2 0.6736249999999999 0.22998000000000002 0.07211000000000001 0.08692000000000003
2 0.320685 0.395995 0.07211000000000001 0.08690999999999999
2 0.6669849999999999 0.39795 0.07021 0.08692
2 0.11574799999999999 0.56006 0.07210399999999999 0.08692
2 0.882355 0.569825 0.0721099999999999 0.08691000000000004
2 0.6783650000000001 0.56592 0.07021 0.08692
2 0.328275 0.563965 0.07211000000000001 0.08690999999999993
2 0.1195455 0.733885 0.07210899999999999 0.08691000000000004
2 0.325425 0.736815 0.07021 0.08691000000000004
2 0.88425 0.736815 0.07210000000000005 0.08691000000000004
2 0.46394500000000005 0.211425 0.03985 0.057609999999999995
2 0.5256149999999999 0.211425 0.03795000000000004 0.057609999999999995
2 0.46679499999999996 0.37598 0.037949999999999984 0.05663999999999997
3 0.87571 0.9428700000000001 0.06641999999999992 0.10643999999999998
6 0.541745 0.251465 0.55219 0.10838999999999999
6 0.5388999999999999 0.42529 0.55028 0.10840000000000005
6 0.550285 0.592285 0.55029 0.1083900000000001
6 0.548385 0.76025 0.55029 0.10840000000000005
8 0.503794 0.062012950000000004 0.973432 0.1103541
11 0.302659 0.8237300000000001 0.555982 0.03417999999999999
11 0.300759 0.9165000000000001 0.506642 0.15332
