1 0.46386775 0.520506 0.9254045 0.957028
2 0.1037275 0.25634999999999997 0.044285000000000005 0.07519999999999999
2 0.325755 0.41747999999999996 0.04779 0.07519999999999999
2 0.214455 0.41747999999999996 0.048949999999999994 0.07519999999999999
2 0.32459000000000005 0.25537 0.04546 0.07520000000000002
2 0.21387 0.25586 0.04777999999999999 0.07618
2 0.433565 0.9043 0.044289999999999996 0.08007999999999993
2 0.6544300000000001 0.90381 0.047780000000000045 0.08105999999999991
2 0.543705 0.9043 0.04544999999999999 0.08007999999999993
2 0.76515 0.9043 0.045460000000000056 0.08007999999999993
2 0.875875 0.9043 0.04779 0.08007999999999993
4 0.207455 0.529785 0.09557000000000002 0.02246999999999999
4 0.319345 0.527345 0.09556999999999999 0.019529999999999936
4 0.428905 0.52783 0.09556999999999999 0.022460000000000035
2 0.212705 0.7412099999999999 0.04779 0.08008000000000004
2 0.32284 0.74072 0.046619999999999995 0.07910000000000006
2 0.43415000000000004 0.74072 0.04546 0.07910000000000006
2 0.432985 0.581055 0.04544999999999999 0.07813000000000003
2 0.21329 0.580565 0.046619999999999995 0.07715000000000005
2 0.323425 0.581055 0.04779 0.07813000000000003
2 0.543705 0.73975 0.04779 0.07909999999999995
2 0.65385 0.74072 0.046619999999999995 0.07910000000000006
2 0.65385 0.580565 0.046619999999999995 0.07715000000000005
2 0.5442899999999999 0.580565 0.046619999999999995 0.07715000000000005
4 0.54021 0.52881 0.09439999999999998 0.022459999999999924
4 0.76224 0.52832 0.08857999999999999 0.021479999999999944
4 0.873545 0.52783 0.08740999999999999 0.022460000000000035
2 0.87471 0.74072 0.045460000000000056 0.07910000000000006
2 0.76457 0.7412099999999999 0.046619999999999995 0.08008000000000004
2 0.76457 0.580075 0.046619999999999995 0.07617000000000007
2 0.8752899999999999 0.581055 0.046619999999999995 0.07813000000000003
2 0.87471 0.41747999999999996 0.047779999999999934 0.07519999999999999
2 0.8752899999999999 0.25537 0.046619999999999995 0.07520000000000002
2 0.655015 0.41308500000000004 0.04895000000000005 0.06641000000000002
2 0.76515 0.41796500000000003 0.047779999999999934 0.07617000000000002
2 0.763985 0.255375 0.04779 0.07715
2 0.6550100000000001 0.25537 0.046619999999999995 0.07520000000000002
2 0.5442899999999999 0.41747999999999996 0.046619999999999995 0.07519999999999999
2 0.435315 0.41747999999999996 0.04544999999999999 0.07519999999999999
2 0.543705 0.25586 0.04779 0.07422000000000001
2 0.43415000000000004 0.25634999999999997 0.04777999999999999 0.07519999999999999
2 0.321095 0.882325 0.07343 0.03027000000000002
3 0.32167500000000004 0.9575199999999999 0.06992999999999999 0.08106000000000002
2 0.631705 0.089356 0.07459000000000005 0.026368000000000003
2 0.45571 0.08984600000000001 0.0746 0.021487999999999993
2 0.276225 0.0878905 0.07459000000000002 0.021485000000000004
2 0.09557249999999999 0.08984249999999999 0.074595 0.023434999999999997
2 0.1025645 0.41747999999999996 0.04895099999999998 0.07519999999999999
4 0.0862475 0.0571285 0.149185 0.022461000000000002
4 0.268065 0.0551755 0.14919000000000002 0.02246100000000001
4 0.445805 0.056152499999999994 0.15034999999999998 0.022461000000000002
4 0.6305350000000001 0.0551755 0.14919000000000004 0.02246100000000001
5 0.10081400000000001 0.305175 0.071092 0.024409999999999987
5 0.210375 0.305175 0.07108999999999999 0.024409999999999987
5 0.32284 0.305175 0.07225999999999999 0.024409999999999987
5 0.4359 0.30566499999999996 0.07225999999999999 0.025389999999999968
5 0.543705 0.3042 0.0710900000000001 0.024419999999999997
5 0.653265 0.303715 0.07108999999999999 0.025390000000000024
5 0.7669 0.302735 0.07225999999999999 0.025389999999999968
5 0.8723799999999999 0.30322499999999997 0.07110000000000005 0.024409999999999987
5 0.874125 0.461425 0.07924999999999993 0.020509999999999973
5 0.763985 0.46386499999999997 0.07808999999999999 0.019529999999999992
5 0.545455 0.46191499999999996 0.07925000000000004 0.019529999999999992
5 0.43823 0.46191000000000004 0.07691999999999999 0.017579999999999985
5 0.32168 0.46191000000000004 0.07691999999999999 0.017579999999999985
5 0.21328999999999998 0.46191000000000004 0.07691999999999996 0.017579999999999985
6 0.638695 0.47509999999999997 0.12820999999999994 0.11815999999999999
8 0.317595 0.905275 0.10838999999999999 0.019529999999999936
4 0.308275 0.831055 0.18065 0.04686999999999997
8 0.0454545 0.15918 0.025640999999999997 0.013679999999999998
8 0.15501 0.15820499999999998 0.025639999999999996 0.013669999999999988
8 0.26573 0.15918 0.025639999999999996 0.013679999999999998
8 0.37937 0.15820499999999998 0.024480000000000002 0.013669999999999988
8 0.486595 0.15820499999999998 0.024469999999999992 0.013669999999999988
8 0.59965 0.157225 0.024480000000000057 0.013670000000000015
8 0.70804 0.15820499999999998 0.024480000000000057 0.013669999999999988
8 0.81993 0.15820499999999998 0.024479999999999946 0.013669999999999988
8 0.8752899999999999 0.15674 0.01632 0.012700000000000017
8 0.76457 0.157715 0.01632 0.012690000000000007
8 0.653845 0.15869 0.016310000000000047 0.012699999999999989
8 0.5407900000000001 0.15820499999999998 0.01632 0.013669999999999988
8 0.4324 0.157715 0.01632 0.012690000000000007
8 0.321095 0.157715 0.017490000000000006 0.012690000000000007
8 0.20979 0.15869 0.01632 0.012699999999999989
8 0.097902 0.15869 0.016315999999999997 0.012699999999999989
8 0.8752899999999999 0.492185 0.03495999999999999 0.037109999999999976
8 0.434145 0.492185 0.036129999999999995 0.037109999999999976
8 0.32401 0.49316499999999996 0.03495999999999999 0.037109999999999976
9 0.4621205 0.14209 0.919579 0.083
9 0.46445424999999996 0.34082 0.9125915 0.054680000000000006
9 0.4638715 0.6459950000000001 0.9137569999999999 0.05957000000000001
9 0.461536 0.8208 0.9137479999999999 0.032220000000000026
10 0.2634 0.23876999999999998 0.02098 0.10450000000000001
10 0.15326499999999998 0.24023500000000003 0.019810000000000022 0.10351000000000002
10 0.043706499999999995 0.23876999999999998 0.019813000000000004 0.10450000000000001
10 0.37471 0.23828 0.019820000000000004 0.10352000000000003
10 0.48543000000000003 0.23926 0.019820000000000004 0.10352
10 0.59674 0.23828 0.02098 0.10352000000000003
10 0.70746 0.236815 0.01863999999999999 0.10448999999999997
10 0.81993 0.237795 0.01748000000000005 0.10449000000000003
10 0.15385 0.304685 0.025640000000000024 0.025389999999999968
10 0.0419585 0.303715 0.025641 0.025390000000000024
10 0.26456999999999997 0.303715 0.02564000000000005 0.025390000000000024
10 0.37529 0.303225 0.025639999999999996 0.026370000000000005
10 0.48485 0.303715 0.025639999999999996 0.025390000000000024
10 0.5979000000000001 0.302735 0.025639999999999996 0.025389999999999968
10 0.70746 0.302245 0.025639999999999996 0.026370000000000005
10 0.8181799999999999 0.302245 0.025639999999999996 0.026370000000000005
10 0.8181849999999999 0.178225 0.02796999999999994 0.014649999999999996
10 0.70746 0.17725000000000002 0.027980000000000005 0.01074
10 0.597905 0.1792 0.02797000000000005 0.014639999999999986
10 0.486015 0.18066500000000002 0.027969999999999995 0.013669999999999988
10 0.375875 0.180175 0.02681 0.014649999999999996
10 0.26456500000000005 0.180175 0.027969999999999995 0.014649999999999996
10 0.153845 0.180175 0.027969999999999995 0.014649999999999996
10 0.043124 0.17968499999999998 0.027972 0.013669999999999988
