1 0.510813 0.4364905 0.965054 0.794459
2 0.0965055 0.345265 0.046589000000000005 0.05310999999999999
2 0.237935 0.344115 0.05325000000000002 0.04618999999999995
2 0.36772000000000005 0.344115 0.05324000000000001 0.04618999999999995
2 0.861065 0.344115 0.07821 0.05081000000000002
2 0.7579 0.34296 0.07820000000000005 0.04849999999999999
2 0.6580699999999999 0.344115 0.07819999999999994 0.05081000000000002
2 0.558235 0.34527 0.07821 0.04849999999999999
2 0.46007 0.344115 0.07819999999999999 0.05081000000000002
2 0.955905 0.34296 0.054910000000000014 0.04849999999999999
2 0.560735 0.57506 0.07321 0.08776000000000006
2 0.660565 0.57506 0.07321 0.08776000000000006
2 0.760395 0.5762149999999999 0.07321 0.09006999999999998
2 0.46173 0.57506 0.07488 0.08776000000000006
2 0.23960499999999998 0.564665 0.14975 0.11316999999999999
2 0.8619 0.57506 0.07654000000000005 0.08776000000000006
2 0.37105 0.573905 0.05324000000000001 0.0900700000000001
2 0.9584 0.573905 0.049919999999999964 0.08545000000000003
2 0.193845 0.767895 0.058230000000000004 0.08082999999999996
2 0.28702 0.767895 0.05823999999999996 0.08082999999999996
2 0.24209999999999998 0.76905 0.024959999999999982 0.08313999999999999
2 0.288685 0.6709 0.058230000000000004 0.06697999999999993
2 0.193845 0.6709 0.058230000000000004 0.06697999999999993
2 0.23959999999999998 0.6709 0.02329999999999996 0.06697999999999993
2 0.46423 0.6709 0.07653999999999994 0.06697999999999993
2 0.5615650000000001 0.6709 0.07821 0.06697999999999993
2 0.66306 0.672055 0.07820000000000005 0.06467
2 0.76373 0.67321 0.07654000000000005 0.06698000000000004
2 0.86606 0.67321 0.07819999999999994 0.06698000000000004
2 0.76539 0.7632749999999999 0.07654000000000005 0.09006999999999998
2 0.86356 0.7621249999999999 0.07654000000000005 0.09236999999999995
2 0.56406 0.759815 0.07654000000000005 0.09237000000000006
2 0.46255999999999997 0.759815 0.07654 0.09237000000000006
2 0.370215 0.68476 0.058230000000000004 0.04849999999999999
2 0.37188 0.74596 0.051580000000000015 0.027720000000000078
2 0.950085 0.23788 0.05657000000000001 0.08776
2 0.365225 0.24248999999999998 0.058230000000000004 0.09237999999999999
2 0.237935 0.23672 0.019969999999999988 0.05312
2 0.459235 0.235565 0.019970000000000043 0.050809999999999966
2 0.558235 0.23672 0.018309999999999937 0.05312
2 0.656405 0.233255 0.01831000000000005 0.050809999999999994
2 0.75624 0.233255 0.018299999999999983 0.050809999999999994
2 0.856905 0.233255 0.019970000000000043 0.050809999999999994
2 0.0948435 0.21939999999999998 0.029953000000000007 0.06004000000000001
2 0.36855499999999997 0.16513 0.021629999999999983 0.034640000000000004
2 0.9534100000000001 0.159355 0.023299999999999987 0.03694999999999998
2 0.26705500000000004 0.23671999999999999 0.014969999999999983 0.025400000000000006
2 0.292015 0.23903000000000002 0.014969999999999983 0.025400000000000006
2 0.49251500000000004 0.23441 0.013309999999999989 0.025400000000000006
2 0.519135 0.23441 0.013309999999999933 0.025400000000000006
2 0.6871849999999999 0.230945 0.013310000000000044 0.027709999999999985
2 0.7171350000000001 0.22979 0.013310000000000044 0.025400000000000006
2 0.818635 0.22979 0.013309999999999933 0.025400000000000006
2 0.785355 0.230945 0.013310000000000044 0.027709999999999985
3 0.09734 0.747115 0.058239999999999986 0.16396999999999995
3 0.960065 0.74596 0.05324999999999991 0.16166000000000003
8 0.100664 0.27829000000000004 0.074872 0.062360000000000027
8 0.09567300000000001 0.10508100000000001 0.014974000000000001 0.05773800000000001
8 0.36855499999999997 0.1016175 0.021629999999999983 0.073905
8 0.952575 0.0877595 0.021629999999999927 0.08314099999999999
8 0.14892 0.19977 0.024959999999999982 0.0716
8 0.0432615 0.196305 0.019967 0.04619000000000001
8 0.908485 0.142035 0.03661000000000003 0.06697000000000002
8 0.41098 0.18014 0.033279999999999976 0.14318000000000003
8 0.32113 0.18359999999999999 0.03328000000000003 0.14088
4 0.23544 0.196305 0.051580000000000015 0.03233
4 0.45840000000000003 0.196305 0.051580000000000015 0.03233
4 0.55657 0.193995 0.05157999999999996 0.032330000000000025
4 0.6564099999999999 0.191685 0.05158000000000007 0.03233
4 0.75957 0.193995 0.05157999999999996 0.032330000000000025
4 0.85774 0.19053 0.05158000000000007 0.034640000000000004
8 0.237105 0.16397499999999998 0.018309999999999993 0.027709999999999985
8 0.46173 0.16397499999999998 0.01830000000000004 0.027709999999999985
8 0.558235 0.16397499999999998 0.018309999999999937 0.027709999999999985
8 0.656405 0.16282 0.01831000000000005 0.03001999999999999
8 0.75624 0.167435 0.018299999999999983 0.03003
8 0.856905 0.161665 0.016630000000000034 0.027710000000000012
9 0.528285 0.29677 0.74709 0.034640000000000004
9 0.5166405000000001 0.63626 0.946759 0.025399999999999978
10 0.043261499999999994 0.36028000000000004 0.009982999999999999 0.07390000000000002
10 0.062396 0.35797 0.011648000000000006 0.07389999999999997
10 0.12812 0.35797 0.009980000000000003 0.07389999999999997
10 0.147255 0.35797 0.011649999999999994 0.07389999999999997
10 0.063228 0.50693 0.013312000000000004 0.13163999999999998
10 0.041597499999999996 0.505775 0.013310999999999996 0.12932999999999995
10 0.130615 0.50693 0.014969999999999997 0.13163999999999998
10 0.15058 0.505775 0.014979999999999993 0.12932999999999995
10 0.32779 0.503465 0.016640000000000044 0.14319000000000004
10 0.20549 0.36028000000000004 0.008319999999999994 0.07851999999999998
10 0.271215 0.359125 0.009989999999999999 0.07621
10 0.32862 0.359125 0.008319999999999994 0.07621
10 0.408485 0.36028000000000004 0.011649999999999994 0.07851999999999998
10 0.50832 0.356815 0.011640000000000095 0.07621
10 0.608985 0.359125 0.009989999999999943 0.07621
10 0.70965 0.356815 0.011640000000000095 0.08083000000000001
10 0.80782 0.356815 0.011639999999999984 0.08083000000000001
10 0.915975 0.35566 0.011649999999999938 0.07390000000000002
10 0.40765 0.50231 0.016639999999999988 0.14550000000000002
10 0.511645 0.501155 0.014969999999999928 0.15243000000000007
10 0.608155 0.501155 0.014969999999999928 0.15243000000000007
10 0.70965 0.501155 0.014979999999999993 0.15243000000000007
10 0.809485 0.498845 0.014969999999999928 0.15243
10 0.915975 0.501155 0.014969999999999928 0.15243000000000007
10 0.12978 0.59931 0.016640000000000002 0.053120000000000056
10 0.15058 0.598155 0.01830000000000001 0.05543000000000009
10 0.0615645 0.600465 0.016639 0.05542999999999998
10 0.0415975 0.598155 0.016639 0.05543000000000009
10 0.32862 0.60162 0.01830000000000004 0.053119999999999945
10 0.40932 0.600465 0.016639999999999988 0.05542999999999998
10 0.510815 0.60162 0.016630000000000034 0.053119999999999945
10 0.61065 0.6050800000000001 0.016639999999999988 0.055419999999999914
10 0.70965 0.60277 0.018299999999999983 0.055420000000000025
10 0.81198 0.60277 0.016639999999999988 0.055420000000000025
10 0.9168050000000001 0.60277 0.016630000000000034 0.055420000000000025
11 0.664725 0.76674 0.07821 0.08776000000000006
10 0.0432615 0.41917000000000004 0.019967 0.043879999999999975
10 0.062396 0.41917000000000004 0.018302 0.043879999999999975
10 0.129785 0.41917000000000004 0.01997 0.043879999999999975
10 0.151415 0.418015 0.019969999999999988 0.04619000000000001
10 0.5116499999999999 0.408775 0.018300000000000094 0.027710000000000012
10 0.608985 0.41108500000000003 0.019970000000000043 0.027709999999999957
10 0.710485 0.41108500000000003 0.019970000000000043 0.027709999999999957
10 0.808655 0.408775 0.019970000000000043 0.027710000000000012
10 0.9151400000000001 0.40993 0.01996000000000009 0.03001999999999999
10 0.409315 0.415705 0.019969999999999988 0.027710000000000012
10 0.327785 0.415705 0.019969999999999988 0.027710000000000012
10 0.0424295 0.31178 0.014975000000000002 0.02310000000000001
10 0.062396 0.31062500000000004 0.014976000000000003 0.02079000000000003
10 0.12895 0.31062500000000004 0.014980000000000007 0.02079000000000003
10 0.147255 0.31062500000000004 0.014969999999999983 0.02079000000000003
10 0.32862 0.31062500000000004 0.014979999999999993 0.02079000000000003
10 0.40682 0.31062500000000004 0.014979999999999993 0.02079000000000003
10 0.5099849999999999 0.30600499999999997 0.014970000000000039 0.02079000000000003
10 0.608985 0.308315 0.013309999999999933 0.020789999999999975
10 0.70965 0.30600499999999997 0.014979999999999993 0.02079000000000003
10 0.809485 0.303695 0.014969999999999928 0.020789999999999975
10 0.915975 0.30600499999999997 0.014969999999999928 0.02079000000000003
2 0.182195 0.34527 0.028289999999999982 0.04849999999999999
2 0.293675 0.34527 0.03160999999999997 0.04849999999999999
2 0.0965075 0.446885 0.043265 0.07621
2 0.23877 0.44572999999999996 0.061560000000000004 0.07390000000000002
2 0.0973395 0.56813 0.041601 0.10624
2 0.37022 0.446885 0.05157999999999996 0.07621
2 0.46173 0.44342000000000004 0.07488 0.07390000000000002
2 0.561565 0.446885 0.07486999999999999 0.07621
2 0.6580699999999999 0.446885 0.07487999999999995 0.07621
2 0.757905 0.444575 0.07486999999999999 0.07621
2 0.85857 0.446885 0.07653999999999994 0.07621
2 0.9567399999999999 0.444575 0.053240000000000065 0.07621
2 0.184695 0.446885 0.036610000000000004 0.07158999999999999
2 0.292845 0.446885 0.036609999999999976 0.07158999999999999
