1 0.568555 0.5019547 0.8628899999999999 0.9921906
2 0.28239000000000003 0.257325 0.14967999999999998 0.24317000000000003
2 0.6377349999999999 0.262205 0.14842999999999995 0.24317000000000003
2 0.28302 0.573735 0.15093999999999996 0.1220699999999999
2 0.642135 0.57666 0.14717000000000002 0.11815999999999993
2 0.644655 0.82959 0.14969 0.16893999999999998
3 0.286795 0.86426 0.14843 0.23241999999999996
4 0.27736 0.10498 0.25032 0.08496000000000001
4 0.63522 0.1123045 0.2440199999999999 0.087891
4 0.64025 0.7251000000000001 0.23395999999999995 0.07520000000000004
5 0.28049999999999997 0.40625 0.23396 0.0625
5 0.6383650000000001 0.410645 0.23019 0.06542999999999999
5 0.6421399999999999 0.66406 0.22515999999999992 0.04492000000000007
8 0.28302 0.68213 0.15346 0.08495999999999992
9 0.569815 0.441895 0.83019 0.12793
10 0.46101000000000003 0.79834 0.07170000000000004 0.25878
10 0.8239000000000001 0.796875 0.06037999999999999 0.2558499999999999
9 0.571065 0.95703 0.85283 0.07812000000000008
10 0.460375 0.64893 0.10063 0.040040000000000076
10 0.822645 0.64844 0.10063 0.041020000000000056
10 0.46101 0.96045 0.08175999999999994 0.06738
10 0.8239 0.958005 0.08050000000000002 0.06641000000000008
