1 0.487074 0.49185435 0.893372 0.9804512999999999
2 0.48707500000000004 0.1229655 0.08239000000000002 0.102609
2 0.299675 0.1229655 0.08239000000000002 0.102609
2 0.678515 0.12133649999999999 0.08077000000000001 0.10260699999999999
2 0.446685 0.335505 0.07593 0.10748999999999997
2 0.43618999999999997 0.543975 0.07107999999999998 0.11075000000000007
2 0.43618999999999997 0.752445 0.07107999999999998 0.11075000000000002
2 0.67367 0.517105 0.07108000000000003 0.12215000000000004
2 0.210015 0.750815 0.06139 0.11400999999999994
2 0.7285950000000001 0.34609 0.07108999999999999 0.13517999999999997
2 0.21648 0.350165 0.05815999999999999 0.14007000000000003
2 0.214865 0.56596 0.06139 0.16124000000000005
2 0.7471749999999999 0.7670999999999999 0.04039000000000004 0.14332
2 0.155085 0.33306 0.032310000000000005 0.10912
2 0.27786500000000003 0.337135 0.032310000000000005 0.11075000000000002
2 0.153475 0.54479 0.032310000000000005 0.10912000000000005
2 0.275445 0.5423450000000001 0.033930000000000016 0.11075000000000002
2 0.147015 0.754075 0.032310000000000005 0.11075000000000002
2 0.27059500000000003 0.752445 0.03392999999999996 0.11075000000000002
2 0.60097 0.5171 0.04200000000000004 0.12539999999999996
2 0.74394 0.51873 0.04361999999999999 0.1254
2 0.815025 0.532575 0.024229999999999974 0.12703000000000003
2 0.7956350000000001 0.33632 0.04039000000000004 0.1189
2 0.66155 0.33387500000000003 0.04361999999999999 0.11401
2 0.667205 0.75163 0.03230999999999995 0.11563999999999997
2 0.810985 0.753255 0.02261000000000002 0.11563000000000001
4 0.432955 0.46253999999999995 0.15508999999999995 0.05212
4 0.430535 0.670195 0.14701000000000003 0.043970000000000065
5 0.43134 0.621335 0.13570000000000004 0.053749999999999964
5 0.433765 0.81596 0.14055000000000006 0.02279999999999993
5 0.20194 0.81433 0.1874 0.026059999999999972
6 0.1914395 0.406355 0.295641 0.12540999999999997
6 0.69467 0.39984 0.3328 0.13843999999999995
6 0.19143749999999998 0.62052 0.285945 0.11399999999999999
7 0.21889999999999998 0.50896 0.050079999999999986 0.03419999999999995
7 0.15670499999999998 0.504075 0.02260999999999999 0.024430000000000007
7 0.27786500000000003 0.500815 0.025849999999999984 0.021169999999999967
7 0.21971000000000002 0.32003000000000004 0.051699999999999996 0.06678
7 0.279485 0.298855 0.025849999999999984 0.024430000000000007
7 0.15751500000000002 0.30374500000000004 0.02423 0.03421000000000002
7 0.448305 0.29478499999999996 0.06623000000000001 0.01628999999999997
7 0.745555 0.48045499999999997 0.033930000000000016 0.039090000000000014
7 0.81341 0.495925 0.014539999999999997 0.047229999999999994
9 0.4959625 0.40064999999999995 0.865915 0.03258
6 0.823105 0.839575 0.04685000000000006 0.07981000000000005
6 0.750405 0.8346899999999999 0.05330999999999997 0.07979999999999998
6 0.669625 0.8330599999999999 0.05330999999999997 0.07979999999999998
6 0.59693 0.83062 0.05331999999999992 0.08143999999999996
9 0.48626600000000003 0.24023 0.865908 0.06677999999999998
10 0.5613900000000001 0.7785 0.02100000000000002 0.1531
10 0.6356999999999999 0.780945 0.02100000000000002 0.15473000000000003
10 0.710825 0.779315 0.01939000000000002 0.15473000000000003
10 0.786755 0.7785 0.01939000000000002 0.1531
10 0.5589649999999999 0.86075 0.03230999999999995 0.011400000000000077
10 0.634895 0.8631949999999999 0.03231000000000006 0.009769999999999945
10 0.710825 0.8623799999999999 0.03230999999999995 0.011399999999999966
10 0.786755 0.86075 0.03231000000000006 0.011400000000000077
10 0.5613900000000001 0.69218 0.03392000000000006 0.019540000000000002
10 0.634085 0.692995 0.030689999999999995 0.021170000000000022
10 0.71163 0.692995 0.03069999999999995 0.021170000000000022
10 0.78837 0.69218 0.035540000000000016 0.019540000000000002
