1 0.49433940000000004 0.49148215 0.9866212 0.9693356999999999
2 0.276235 0.143105 0.031889999999999974 0.07155000000000002
2 0.274175 0.34753 0.031889999999999974 0.08177999999999996
2 0.46553500000000003 0.35264 0.03189000000000003 0.08177999999999996
2 0.46348 0.14906 0.029839999999999978 0.07666
2 0.27520500000000003 0.55622 0.03189000000000003 0.08348
2 0.466565 0.56303 0.031889999999999974 0.08348
2 0.466565 0.769165 0.029830000000000023 0.08007000000000009
2 0.27572 0.76746 0.03086 0.08348
2 0.84619 0.17291499999999999 0.027779999999999916 0.07325000000000001
2 0.85031 0.36797500000000005 0.025719999999999965 0.07837
2 0.85031 0.56729 0.025719999999999965 0.07835999999999999
2 0.84722 0.763205 0.025719999999999965 0.07837000000000005
2 0.369855 0.0962495 0.04013 0.155021
2 0.367795 0.28705 0.036009999999999986 0.17887999999999998
2 0.367285 0.491485 0.041149999999999964 0.18569000000000002
2 0.36882499999999996 0.66695 0.03806999999999999 0.11753999999999998
2 0.9295249999999999 0.129474 0.033950000000000036 0.146512
2 0.92747 0.307495 0.03190000000000004 0.16525000000000004
2 0.92901 0.5 0.03292000000000006 0.16524000000000005
2 0.9310700000000001 0.66269 0.03704000000000007 0.1124400000000001
2 0.16821 0.34582999999999997 0.06481999999999999 0.08517999999999998
2 0.16718 0.56048 0.06481999999999999 0.08518000000000003
2 0.166665 0.7759799999999999 0.057609999999999995 0.0937
2 0.5643 0.77513 0.05452000000000001 0.09539999999999993
2 0.5648150000000001 0.5672900000000001 0.049389999999999934 0.09540000000000004
2 0.56687 0.36201 0.05349999999999999 0.08687999999999996
2 0.751545 0.36712 0.05247000000000002 0.08687999999999996
2 0.75206 0.5724 0.05349999999999999 0.09539999999999993
2 0.745885 0.7708699999999999 0.05349000000000004 0.0937
2 0.54321 0.15843000000000002 0.05349999999999999 0.07836000000000001
2 0.771605 0.17547000000000001 0.05349000000000004 0.07836000000000001
2 0.19239 0.16695000000000002 0.05349999999999999 0.12266
2 0.7690349999999999 0.945485 0.036009999999999986 0.04428999999999994
2 0.69959 0.94634 0.03498000000000001 0.03917999999999999
2 0.627055 0.94804 0.03807000000000005 0.03577999999999992
2 0.5529850000000001 0.9523 0.03806999999999994 0.04088000000000003
2 0.8477399999999999 0.9258949999999999 0.03291999999999995 0.04259000000000002
2 0.46604999999999996 0.941225 0.03704000000000002 0.045989999999999975
3 0.370885 0.8909750000000001 0.058650000000000035 0.15672999999999992
3 0.9372450000000001 0.88075 0.05967 0.15671999999999997
5 0.276235 0.183135 0.04629 0.01533000000000001
5 0.46450499999999995 0.188245 0.04629 0.01533000000000001
5 0.466565 0.397785 0.04629 0.015329999999999955
5 0.27571999999999997 0.396085 0.04731999999999997 0.01533000000000001
5 0.46553500000000003 0.6081799999999999 0.04629 0.017040000000000055
5 0.27469 0.6056250000000001 0.04732000000000003 0.015329999999999955
5 0.27571999999999997 0.811755 0.04731999999999997 0.015330000000000066
5 0.468105 0.813455 0.04732999999999998 0.015329999999999955
5 0.84568 0.215505 0.04732000000000003 0.01533000000000001
5 0.84825 0.411415 0.04630000000000001 0.01533000000000001
5 0.848765 0.6056250000000001 0.047330000000000094 0.015329999999999955
5 0.85031 0.8032349999999999 0.04630000000000001 0.015329999999999955
6 0.19856000000000001 0.20869 0.09875999999999999 0.12436
6 0.16872499999999999 0.43526 0.14815 0.12435999999999997
6 0.1697545 0.65247 0.14815099999999998 0.12606000000000006
6 0.173867 0.8654200000000001 0.148146 0.09540000000000004
6 0.5560700000000001 0.229985 0.10389999999999999 0.13629
6 0.796295 0.244465 0.11522999999999994 0.12095
6 0.57819 0.44462999999999997 0.15637999999999996 0.12265999999999999
6 0.7644 0.44633999999999996 0.15637999999999996 0.12265999999999994
6 0.57819 0.660135 0.15637999999999996 0.11073
6 0.76646 0.649915 0.15637999999999996 0.11073
6 0.7633749999999999 0.857755 0.15637 0.09028999999999998
6 0.5792200000000001 0.865415 0.15638000000000007 0.09199000000000002
7 0.12037 0.348385 0.03086 0.10050999999999999
7 0.21708 0.343275 0.03086 0.09028999999999998
7 0.11934 0.56133 0.03086 0.11074000000000006
7 0.21605 0.55707 0.03086 0.0988
7 0.15021 0.774275 0.03497999999999998 0.10050999999999999
7 0.21553499999999998 0.7708699999999999 0.03189 0.1039199999999999
7 0.5241750000000001 0.36031 0.031890000000000085 0.10392000000000001
7 0.616255 0.350085 0.028810000000000002 0.08007000000000003
7 0.709875 0.36456500000000003 0.028810000000000002 0.09881000000000001
7 0.799385 0.35775 0.028810000000000002 0.07835999999999999
7 0.525205 0.56559 0.031889999999999974 0.10221999999999998
7 0.617795 0.5630299999999999 0.033949999999999925 0.0937
7 0.79938 0.563885 0.03086 0.09199000000000002
7 0.71245 0.5707 0.029839999999999978 0.10221999999999998
7 0.61677 0.77172 0.03189999999999993 0.0988
7 0.526235 0.77257 0.031889999999999974 0.09709999999999996
7 0.796295 0.7674650000000001 0.030869999999999953 0.10050999999999999
7 0.7114199999999999 0.7691650000000001 0.03189999999999993 0.10050999999999999
4 0.204215 0.086881 0.10391 0.04769799999999999
4 0.551955 0.0979535 0.10390999999999995 0.045993000000000006
4 0.789605 0.111583 0.10390999999999995 0.04599400000000001
8 0.369855 0.78194 0.12036999999999998 0.05791999999999997
8 0.927465 0.76831 0.08745000000000003 0.047699999999999965
