1 0.49915170000000003 0.5009781 0.9881166 0.9941438
2 0.86927 0.229005 0.07810000000000006 0.11620999999999998
2 0.1307305 0.230955 0.07809899999999999 0.11620999999999998
2 0.37351500000000004 0.22803 0.08149 0.11229999999999998
2 0.62988 0.22900500000000001 0.07810000000000006 0.11231000000000002
2 0.1307305 0.376465 0.07809899999999999 0.12402999999999997
2 0.86927 0.37256 0.07810000000000006 0.12402000000000002
2 0.867575 0.52832 0.08149000000000006 0.13672
2 0.1315805 0.53369 0.079799 0.14159999999999995
2 0.1307305 0.68945 0.07809899999999999 0.1015600000000001
2 0.86927 0.6845699999999999 0.07810000000000006 0.10155999999999998
2 0.32937 0.36133000000000004 0.09167999999999998 0.08398
2 0.612055 0.36084000000000005 0.08658999999999994 0.08886
2 0.471985 0.36035 0.14600999999999997 0.08594000000000002
2 0.47029 0.52295 0.14261999999999997 0.10450000000000004
2 0.325125 0.52344 0.08659 0.10352000000000006
2 0.610355 0.52197 0.08658999999999994 0.10253999999999996
2 0.612055 0.7026399999999999 0.08658999999999994 0.11425999999999992
2 0.327675 0.7026399999999999 0.08828999999999998 0.11425999999999992
2 0.46859000000000006 0.7036100000000001 0.14262000000000002 0.11425999999999992
3 0.643465 0.943845 0.06791000000000003 0.08887
4 0.1213905 0.62744 0.168079 0.02635999999999994
4 0.86333 0.621585 0.16808 0.026369999999999894
6 0.12393950000000001 0.7612300000000001 0.13922099999999998 0.041999999999999926
6 0.8624799999999999 0.754885 0.13922 0.04100999999999999
6 0.12139 0.5844750000000001 0.21222000000000002 0.053710000000000035
6 0.865875 0.580075 0.19355 0.04882999999999993
6 0.8641749999999999 0.41503500000000004 0.19355 0.048829999999999985
6 0.865875 0.268555 0.19355 0.04883000000000001
6 0.126486 0.42041 0.195248 0.05176000000000003
6 0.1222395 0.26807 0.19694099999999998 0.05176
6 0.47963 0.269045 0.46009999999999995 0.04980999999999999
6 0.463495 0.78076 0.4380299999999999 0.040040000000000076
6 0.86927 0.056152499999999994 0.24107999999999996 0.032227
6 0.1307285 0.054687 0.241083 0.03125
7 0.150255 0.230955 0.03225 0.11230999999999997
7 0.115451 0.230955 0.03395799999999999 0.11230999999999997
7 0.35314 0.228025 0.03395999999999999 0.11035
7 0.39304 0.22900500000000001 0.035660000000000025 0.11034999999999998
7 0.613755 0.22900500000000001 0.03565000000000007 0.11034999999999998
7 0.649405 0.22900500000000001 0.03564999999999996 0.11034999999999998
7 0.8446549999999999 0.228515 0.022069999999999923 0.11132999999999998
7 0.898135 0.22900500000000001 0.02037 0.11231000000000002
7 0.110358 0.37549 0.030564000000000008 0.12012
7 0.1511 0.37598 0.030560000000000004 0.11913999999999997
7 0.89049 0.37256 0.032259999999999955 0.12012
7 0.85059 0.37158 0.03056000000000003 0.12012
7 0.887945 0.52832 0.033949999999999925 0.13476
7 0.849745 0.52832 0.03564999999999996 0.13476
7 0.148555 0.53418 0.03564999999999999 0.13867999999999997
7 0.112053 0.690915 0.03395400000000001 0.0986300000000001
7 0.8871 0.686035 0.032259999999999955 0.09863
7 0.850595 0.68555 0.033949999999999925 0.09766000000000008
8 0.357385 0.126465 0.11714999999999998 0.01661
8 0.504245 0.126465 0.11885000000000001 0.01661
8 0.643465 0.12695 0.11885000000000001 0.01758
8 0.872665 0.126465 0.23429 0.018549999999999997
8 0.1315775 0.12744 0.239385 0.018560000000000007
8 0.495755 0.061523499999999995 0.37011000000000005 0.04687499999999999
9 0.4966045 0.118164 0.9762310000000001 0.07031200000000001
9 0.49915349999999997 0.28955 0.977933 0.05175999999999997
9 0.4940567 0.43799 0.9779266 0.05176000000000003
9 0.50085 0.5883799999999999 0.97114 0.04393999999999998
9 0.5017 0.7626949999999999 0.97284 0.06445000000000001
10 0.27249500000000004 0.36133 0.02206999999999998 0.056640000000000024
10 0.387095 0.36084 0.02037 0.05566000000000004
10 0.556875 0.36035 0.02037 0.056640000000000024
10 0.667235 0.36084 0.02037 0.05566000000000004
10 0.667235 0.523435 0.02037 0.07031000000000004
10 0.55518 0.524415 0.020380000000000065 0.07031000000000004
10 0.38370000000000004 0.5249 0.02038000000000001 0.06934000000000001
10 0.271645 0.52588 0.02037 0.06934000000000001
10 0.18251 0.512695 0.018680000000000002 0.06641000000000002
10 0.080645 0.515135 0.018675999999999998 0.06542999999999993
10 0.180815 0.356935 0.01867000000000002 0.053710000000000035
10 0.081494 0.35791 0.020374000000000003 0.05371999999999999
10 0.82088 0.35448999999999997 0.01867999999999992 0.052739999999999954
10 0.917655 0.353515 0.018669999999999964 0.05273
10 0.917655 0.510255 0.022070000000000034 0.06739000000000006
10 0.819185 0.510255 0.022069999999999923 0.06739000000000006
10 0.9202 0.674805 0.016979999999999995 0.04686999999999997
10 0.81494 0.67676 0.016979999999999995 0.04688000000000003
10 0.18251 0.679685 0.018680000000000002 0.04686999999999997
10 0.07470299999999999 0.679685 0.016978000000000007 0.04686999999999997
10 0.26825 0.69043 0.02038000000000001 0.05274000000000001
10 0.38370000000000004 0.68994 0.02038000000000001 0.05176000000000003
10 0.555175 0.6894549999999999 0.023769999999999958 0.052730000000000055
10 0.667235 0.6875 0.023769999999999958 0.05274000000000001
10 0.07979649999999999 0.39697499999999997 0.023769 0.024409999999999987
10 0.180815 0.39697499999999997 0.022070000000000006 0.024409999999999987
10 0.818335 0.393065 0.023769999999999958 0.024410000000000043
10 0.917655 0.392575 0.022070000000000034 0.025390000000000024
10 0.07809849999999999 0.562985 0.023769 0.03027000000000002
10 0.181665 0.561035 0.023770000000000013 0.030269999999999908
10 0.816635 0.558105 0.02377000000000007 0.03027000000000002
10 0.918505 0.559085 0.02377000000000007 0.030269999999999908
10 0.921055 0.717285 0.025469999999999993 0.03809000000000007
10 0.813245 0.71973 0.02377000000000007 0.039059999999999984
10 0.073854 0.72363 0.025465999999999996 0.039060000000000095
10 0.181665 0.722165 0.023770000000000013 0.03809000000000007
10 0.272495 0.39844 0.025469999999999993 0.017579999999999985
10 0.38709499999999997 0.39795 0.027169999999999972 0.018559999999999965
10 0.66723 0.39746000000000004 0.027160000000000073 0.017579999999999985
10 0.556025 0.39746000000000004 0.025469999999999993 0.017579999999999985
10 0.66723 0.56738 0.027160000000000073 0.01757999999999993
10 0.55433 0.5678700000000001 0.025460000000000038 0.01856000000000002
10 0.38455 0.568845 0.025460000000000038 0.018549999999999955
10 0.270795 0.5693349999999999 0.025469999999999993 0.017569999999999975
10 0.270795 0.7412099999999999 0.025469999999999993 0.048819999999999975
10 0.38370000000000004 0.740235 0.027160000000000017 0.04686999999999997
10 0.55433 0.7387699999999999 0.028859999999999997 0.04589999999999994
10 0.665535 0.737305 0.027169999999999916 0.04686999999999997
10 0.079796 0.32323999999999997 0.03055999999999999 0.015620000000000023
10 0.17912 0.322265 0.028859999999999997 0.015629999999999977
10 0.0772495 0.47119 0.028863 0.01856000000000002
10 0.18166 0.47070500000000004 0.030560000000000004 0.019529999999999992
10 0.180815 0.6469750000000001 0.028870000000000007 0.018549999999999955
10 0.072156 0.64795 0.028862 0.01856000000000002
10 0.9176599999999999 0.320315 0.028859999999999997 0.013670000000000015
10 0.82088 0.320315 0.028859999999999997 0.013670000000000015
10 0.9176599999999999 0.46826500000000004 0.028859999999999997 0.014649999999999996
10 0.81664 0.46923499999999996 0.027159999999999962 0.014649999999999996
10 0.9210499999999999 0.643065 0.028859999999999997 0.014650000000000052
10 0.81409 0.64502 0.028859999999999997 0.014639999999999986
10 0.66638 0.652835 0.028859999999999997 0.01464999999999994
10 0.55603 0.654785 0.028859999999999997 0.01464999999999994
10 0.38370000000000004 0.654785 0.030559999999999976 0.016609999999999903
10 0.2691 0.654785 0.028859999999999997 0.016609999999999903
10 0.2691 0.47997999999999996 0.03226000000000001 0.018559999999999965
10 0.3837 0.480955 0.03395999999999999 0.01855000000000001
10 0.55348 0.480955 0.03395999999999999 0.01855000000000001
10 0.66638 0.479005 0.032259999999999955 0.01855000000000001
10 0.66893 0.32372999999999996 0.03395999999999999 0.018559999999999965
10 0.55688 0.32422 0.03056000000000003 0.015619999999999967
10 0.38625 0.32471 0.03226000000000001 0.016599999999999948
10 0.2691 0.32471 0.03226000000000001 0.016599999999999948
11 0.866725 0.8950199999999999 0.19184999999999997 0.15918
11 0.70798 0.854005 0.0339600000000001 0.07715000000000005
11 0.640915 0.8554649999999999 0.07979000000000003 0.07616999999999996
11 0.131581 0.90039 0.205438 0.1582
3 0.47878 0.908205 0.16637999999999997 0.14649
