1 0.47716 0.5058590000000001 0.73456 0.9707020000000001
2 0.22592500000000001 0.25293 0.10371000000000002 0.10938
2 0.435185 0.25 0.06542999999999999 0.10938
2 0.22221999999999997 0.46533 0.10369999999999999 0.10840000000000005
2 0.432715 0.46289 0.06542999999999999 0.10938000000000003
2 0.521605 0.24951 0.06543000000000004 0.10839999999999997
2 0.51852 0.46338 0.06419999999999998 0.10840000000000005
2 0.7259249999999999 0.251465 0.10371000000000008 0.10838999999999999
2 0.723455 0.46533 0.10371000000000008 0.10840000000000005
2 0.431485 0.6738299999999999 0.06542999999999999 0.10937999999999992
2 0.519135 0.67285 0.06542999999999993 0.10937999999999992
2 0.22407 0.67432 0.10494 0.10839999999999994
2 0.72284 0.67432 0.10494000000000003 0.10839999999999994
2 0.22469 0.8877 0.10863999999999999 0.125
2 0.721605 0.888185 0.10741 0.12403000000000008
2 0.95 0.46288999999999997 0.0605 0.11131999999999997
2 0.95062 0.251465 0.06420000000000003 0.10838999999999999
2 0.9487650000000001 0.6679649999999999 0.060490000000000044 0.11133000000000004
4 0.22901 0.168945 0.16419999999999998 0.046869999999999995
4 0.48641999999999996 0.16553 0.21481999999999996 0.05176
4 0.726545 0.16943000000000003 0.15678999999999998 0.05176
4 0.480865 0.373045 0.21111000000000008 0.06054999999999999
4 0.22901 0.58643 0.14443999999999999 0.04590000000000005
4 0.7259249999999999 0.59131 0.15061000000000002 0.05176000000000003
4 0.944445 0.37988 0.10865000000000002 0.03515999999999997
5 0.22716 0.322265 0.1679 0.041010000000000046
5 0.47716000000000003 0.32177500000000003 0.21852000000000005 0.04394999999999999
5 0.73148 0.322265 0.17159999999999997 0.04492999999999997
5 0.224075 0.53613 0.17160999999999998 0.03516000000000008
5 0.478395 0.53369 0.22344999999999998 0.03808
5 0.724075 0.5366200000000001 0.17901 0.03808
4 0.938275 0.577145 0.12099000000000004 0.025390000000000024
6 0.27654 0.0551755 0.30864 0.05371100000000001
6 0.683335 0.0546875 0.30740999999999996 0.058593000000000006
8 0.93889 0.543455 0.10987999999999998 0.03808999999999996
9 0.47531 0.740235 0.72346 0.03125
9 0.477775 0.1137705 0.7259300000000001 0.05761900000000002
3 0.47901499999999997 0.90479 0.10617000000000004 0.15918
4 0.22716000000000003 0.37402 0.15062 0.05663999999999997
4 0.73395 0.37598 0.16172000000000009 0.05663999999999997
4 0.48395 0.5800749999999999 0.20494000000000007 0.06445000000000001
