2 0.271485 0.438965 0.05338999999999999 0.07128999999999996
2 0.270185 0.580075 0.053389999999999965 0.07617000000000007
4 0.27018 0.52295 0.08984 0.012700000000000045
4 0.397785 0.522945 0.08984999999999999 0.014650000000000052
4 0.526695 0.523435 0.09244999999999998 0.013670000000000071
2 0.398435 0.439455 0.054690000000000016 0.07030999999999998
2 0.526045 0.43994 0.05469000000000007 0.06933999999999996
2 0.396485 0.580075 0.05338999999999999 0.07617000000000007
2 0.52539 0.581055 0.05338000000000004 0.07617000000000007
2 0.66211 0.44043 0.05337999999999998 0.07032
2 0.747395 0.43994 0.054690000000000016 0.06933999999999996
2 0.6614599999999999 0.580565 0.052080000000000015 0.07519000000000009
2 0.746745 0.580565 0.05339000000000005 0.07519000000000009
4 0.70508 0.5244150000000001 0.17837999999999998 0.01366999999999996
4 0.706385 0.677245 0.19401000000000002 0.03222999999999998
2 0.659505 0.72461 0.05339000000000005 0.07618000000000003
2 0.747395 0.72461 0.054690000000000016 0.07618000000000003
2 0.523435 0.72461 0.05469000000000007 0.07618000000000003
2 0.396485 0.73535 0.05338999999999999 0.09765999999999997
4 0.52539 0.675785 0.10286000000000001 0.03125
4 0.397785 0.675785 0.10287000000000002 0.03125
4 0.26888 0.6762699999999999 0.10285999999999998 0.030279999999999974
2 0.26953499999999997 0.725095 0.05468999999999999 0.07714999999999994
2 0.660805 0.88965 0.05339000000000005 0.0722600000000001
2 0.746745 0.88916 0.05339000000000005 0.07128000000000001
3 0.52344 0.898435 0.07552000000000003 0.10546999999999995
3 0.26888 0.898435 0.07682 0.10546999999999995
3 0.39583 0.898435 0.07551999999999998 0.10546999999999995
1 0.44075600000000004 0.635255 0.816408 0.6435500000000001
4 0.11002500000000001 0.5244150000000001 0.14453 0.02342999999999995
4 0.1145855 0.674805 0.140629 0.03320999999999996
5 0.134767 0.476565 0.076826 0.015629999999999977
5 0.271485 0.47948999999999997 0.07683000000000001 0.015620000000000023
5 0.39909 0.47948999999999997 0.07682 0.015620000000000023
5 0.52669 0.480955 0.07682000000000005 0.014649999999999996
5 0.66211 0.47948999999999997 0.07682 0.015620000000000023
5 0.746095 0.47753999999999996 0.07812999999999992 0.015620000000000023
5 0.52539 0.625975 0.09243999999999997 0.019529999999999936
5 0.397135 0.626465 0.09115000000000001 0.018549999999999955
5 0.267575 0.625 0.09245000000000003 0.01953999999999989
5 0.132164 0.62549 0.09245199999999999 0.01855999999999991
5 0.701175 0.626465 0.18098999999999998 0.018549999999999955
5 0.703775 0.77637 0.18098999999999998 0.029299999999999993
5 0.11783750000000001 0.77686 0.128905 0.0341800000000001
2 0.133465 0.439455 0.05338999999999999 0.07030999999999998
2 0.13216 0.5800799999999999 0.05077999999999999 0.07812000000000008
2 0.132815 0.72461 0.05469 0.07618000000000003
2 0.901695 0.31054499999999996 0.04296999999999995 0.058589999999999975
2 0.9003950000000001 0.416505 0.042970000000000064 0.057609999999999995
2 0.899085 0.52588 0.04296999999999995 0.057620000000000005
5 0.9160200000000001 0.342285 0.0872400000000001 0.008789999999999965
5 0.91667 0.44873 0.08854000000000006 0.00878000000000001
6 0.265625 0.768555 0.13541 0.03320999999999996
6 0.40104 0.76807 0.13541999999999998 0.03417999999999999
6 0.5364599999999999 0.76953 0.13541999999999998 0.03320000000000001
6 0.907555 0.186035 0.1796899999999999 0.036129999999999995
6 0.9225300000000001 0.230955 0.13672000000000006 0.024409999999999987
8 0.0885415 0.36182000000000003 0.01822900000000001 0.034180000000000044
8 0.192055 0.36182000000000003 0.019529999999999992 0.034180000000000044
8 0.212235 0.36182000000000003 0.018229999999999996 0.034180000000000044
8 0.32487 0.36279 0.019540000000000002 0.03417999999999999
8 0.34635499999999997 0.36328 0.018230000000000024 0.03320000000000001
8 0.45703499999999997 0.36279 0.018230000000000024 0.03417999999999999
8 0.476565 0.36279 0.018230000000000024 0.03417999999999999
8 0.585285 0.36377 0.019529999999999936 0.03417999999999999
8 0.6067750000000001 0.36377 0.01823000000000008 0.03417999999999999
8 0.811195 0.36279 0.01822999999999997 0.03417999999999999
8 0.707035 0.36279 0.01822999999999997 0.03417999999999999
8 0.757815 0.36377 0.01822999999999997 0.03417999999999999
8 0.65625 0.36279 0.018219999999999903 0.03417999999999999
8 0.528645 0.36279 0.01822999999999997 0.03417999999999999
8 0.398435 0.362305 0.018230000000000024 0.03321000000000002
8 0.26953499999999997 0.36133 0.018230000000000024 0.03320000000000001
8 0.140625 0.362305 0.018230000000000024 0.03321000000000002
9 0.43749899999999997 0.35692999999999997 0.802082 0.0791
9 0.438801 0.807615 0.7994779999999999 0.04296999999999995
10 0.59049 0.89209 0.024739999999999984 0.10449999999999993
10 0.46094 0.89209 0.026040000000000008 0.10449999999999993
10 0.203125 0.8925799999999999 0.026050000000000018 0.10351999999999995
10 0.33268 0.89209 0.02474000000000004 0.10449999999999993
10 0.20247500000000002 0.8349599999999999 0.032549999999999996 0.011720000000000064
10 0.333335 0.8349599999999999 0.03125 0.011720000000000064
10 0.461585 0.8349599999999999 0.029949999999999977 0.011720000000000064
10 0.590495 0.8349599999999999 0.02994999999999992 0.011720000000000064
10 0.591145 0.94971 0.03125 0.010740000000000083
10 0.460935 0.94971 0.03125 0.010740000000000083
10 0.203125 0.9501949999999999 0.03125 0.011709999999999998
11 0.33268 0.88672 0.009119999999999961 0.06640000000000001
11 0.46159 0.88721 0.009120000000000017 0.0673800000000001
