1 0.45611999999999997 0.5037106 0.70384 0.9925788
2 0.25594 0.092765 0.05484 0.059370000000000006
2 0.45247000000000004 0.0881245 0.05302000000000001 0.057511
2 0.65265 0.086272 0.05484 0.05751599999999999
2 0.6590499999999999 0.260665 0.07130000000000003 0.10574999999999998
2 0.254115 0.265305 0.06947 0.10388999999999998
2 0.45521500000000004 0.267165 0.06946999999999998 0.11503000000000002
2 0.24953999999999998 0.461965 0.0713 0.12987000000000004
2 0.6599649999999999 0.45826 0.06947000000000003 0.13358000000000003
2 0.45247000000000004 0.448055 0.06763999999999998 0.10575000000000001
2 0.45430000000000004 0.6326499999999999 0.07129999999999997 0.11131999999999997
2 0.243145 0.64935 0.06947 0.11874000000000007
2 0.66179 0.643785 0.07312000000000007 0.12987000000000004
2 0.2404 0.835805 0.07130000000000003 0.09833000000000003
2 0.45064000000000004 0.835805 0.07129999999999997 0.09833000000000003
2 0.6645300000000001 0.8348800000000001 0.07130000000000003 0.10018000000000005
2 0.66362 0.97495 0.05484 0.04637999999999998
2 0.4479 0.97495 0.05484 0.04637999999999998
2 0.23582999999999998 0.9731000000000001 0.05483999999999997 0.04637999999999998
5 0.24680000000000002 0.320965 0.11700000000000002 0.022270000000000012
5 0.653565 0.31632499999999997 0.11517 0.020409999999999984
5 0.44881 0.50278 0.11517999999999995 0.022260000000000002
5 0.44606999999999997 0.8877550000000001 0.10603999999999997 0.016689999999999983
5 0.6617949999999999 0.8849750000000001 0.10602999999999996 0.018549999999999955
5 0.23217500000000002 0.884045 0.10602999999999999 0.016689999999999983
6 0.217555 0.53896 0.20840999999999998 0.13544
6 0.6426000000000001 0.532465 0.18830000000000002 0.13729000000000002
6 0.431445 0.3423 0.19013000000000002 0.14656000000000002
6 0.437845 0.7003699999999999 0.6563100000000001 0.05379999999999996
7 0.452465 0.43692 0.060329999999999995 0.07978000000000002
7 0.6599649999999999 0.40259999999999996 0.06581000000000004 0.022260000000000002
7 0.24863000000000002 0.407235 0.06582000000000002 0.020409999999999984
7 0.254115 0.22449 0.06581000000000001 0.022260000000000002
7 0.45338500000000004 0.22170499999999999 0.06580999999999998 0.02041000000000001
7 0.6599649999999999 0.219855 0.06581000000000004 0.020409999999999984
7 0.45338500000000004 0.588125 0.06580999999999998 0.018550000000000066
9 0.45521 0.14471 0.68008 0.06307999999999998
9 0.45978 0.92672 0.68922 0.03154000000000001
