1 0.5117175 0.5064885 0.923825 0.978383
2 0.171875 0.16108 0.044930000000000025 0.09298000000000001
2 0.345215 0.168105 0.036129999999999995 0.08972999999999999
2 0.18945499999999998 0.35027 0.03514999999999999 0.08648
2 0.39502000000000004 0.168645 0.036140000000000005 0.09080999999999999
2 0.662595 0.168105 0.036129999999999995 0.09188999999999999
2 0.7128950000000001 0.167565 0.03711000000000009 0.09080999999999999
2 0.13965 0.35081 0.03516000000000001 0.08540000000000003
2 0.348145 0.35675500000000004 0.036129999999999995 0.08649000000000001
2 0.398925 0.35892 0.03613000000000005 0.08648
2 0.18799 0.54 0.03808 0.08972000000000002
2 0.136715 0.54 0.03710999999999999 0.08972000000000002
2 0.665525 0.35838000000000003 0.036129999999999995 0.08539999999999998
2 0.714355 0.35838000000000003 0.036129999999999995 0.08539999999999998
2 0.84912 0.35189000000000004 0.03614000000000006 0.08539999999999998
2 0.899905 0.35189000000000004 0.036129999999999995 0.08539999999999998
2 0.34668 0.5454049999999999 0.03515999999999997 0.08972999999999998
2 0.39795 0.546485 0.036140000000000005 0.08973000000000009
2 0.663575 0.546485 0.036129999999999995 0.08973000000000009
2 0.71338 0.5454049999999999 0.03614000000000006 0.08972999999999998
2 0.84912 0.541625 0.03614000000000006 0.09081000000000006
2 0.9003950000000001 0.542165 0.03711000000000009 0.08973000000000003
2 0.18799 0.734595 0.03808 0.08973000000000009
2 0.137205 0.735135 0.03809 0.09297
2 0.137205 0.92919 0.03809 0.09405999999999992
2 0.189945 0.92919 0.036129999999999995 0.09405999999999992
2 0.40088 0.737835 0.036140000000000005 0.09189000000000003
2 0.35058500000000004 0.737835 0.03711000000000003 0.09404999999999997
2 0.402345 0.92973 0.037109999999999976 0.09297999999999995
2 0.351075 0.9302699999999999 0.03613000000000005 0.09405999999999992
2 0.716795 0.738915 0.037109999999999976 0.09189000000000003
2 0.6674800000000001 0.738915 0.03613999999999995 0.09189000000000003
2 0.8496049999999999 0.734595 0.03711000000000009 0.09404999999999997
2 0.9003950000000001 0.735135 0.03711000000000009 0.09297
2 0.902835 0.92811 0.036130000000000106 0.09406000000000003
2 0.851565 0.92865 0.037109999999999976 0.09297999999999995
2 0.71875 0.92973 0.03709999999999991 0.09297999999999995
2 0.668455 0.92973 0.03808999999999996 0.09297999999999995
2 0.52734 0.16865 0.06250000000000006 0.09298
2 0.53027 0.35729500000000003 0.0625 0.08541000000000004
2 0.53076 0.546485 0.06347999999999998 0.08973000000000009
2 0.53467 0.738915 0.06347999999999998 0.09189000000000003
2 0.53613 0.92973 0.0625 0.09082000000000001
4 0.155275 0.32216 0.12891000000000002 0.0973
4 0.364745 0.32811 0.13183 0.09621999999999997
4 0.525875 0.33189 0.10448999999999997 0.09945999999999999
4 0.686525 0.33135000000000003 0.12695 0.10054000000000002
4 0.873535 0.325405 0.12988999999999995 0.10379000000000005
4 0.1533195 0.47243 0.164061 0.06269999999999998
4 0.365235 0.47784000000000004 0.16014999999999996 0.06270000000000003
4 0.685545 0.47946 0.15039000000000002 0.06162000000000001
4 0.8720699999999999 0.474595 0.1543 0.06270999999999999
5 0.161135 0.4 0.10937000000000001 0.019459999999999977
5 0.37012 0.40811 0.10741999999999996 0.020539999999999947
5 0.52881 0.40811 0.08105999999999997 0.018380000000000007
5 0.68799 0.40919 0.10644000000000009 0.018379999999999952
5 0.87451 0.40162 0.10840000000000005 0.020540000000000003
5 0.1601545 0.78703 0.121091 0.017300000000000093
5 0.875975 0.78811 0.11523000000000005 0.021619999999999973
6 0.080566 0.22919 0.07128799999999999 0.03459999999999999
8 0.455565 0.145947 0.07518999999999998 0.10378599999999999
8 0.60156 0.1464875 0.08007999999999993 0.10270499999999999
4 0.52783 0.468105 0.13574000000000003 0.09081
8 0.163575 0.6389199999999999 0.08301000000000001 0.038919999999999955
8 0.376465 0.66865 0.09863 0.027020000000000044
8 0.692385 0.672435 0.10936999999999997 0.03027000000000002
8 0.87549 0.64054 0.08495999999999992 0.040000000000000036
8 0.375975 0.8362149999999999 0.12304999999999999 0.08324999999999994
8 0.53369 0.835675 0.12012 0.0843299999999999
8 0.690915 0.837295 0.12207000000000001 0.08756999999999993
9 0.5131835 0.0675695 0.911133 0.076761
9 0.510742 0.283785 0.9160159999999999 0.14811
9 0.510742 0.53135 0.9160159999999999 0.022699999999999942
9 0.5102555 0.5967549999999999 0.913089 0.03243000000000007
10 0.22754000000000002 0.157835 0.013679999999999998 0.10811
10 0.268065 0.157295 0.014649999999999996 0.10919
10 0.11865500000000001 0.158375 0.01465000000000001 0.10703
10 0.06640599999999999 0.15784 0.017577999999999996 0.09730000000000001
10 0.453615 0.827025 0.03809000000000001 0.14918999999999993
10 0.297855 0.828105 0.025389999999999968 0.14918999999999993
10 0.61084 0.8264849999999999 0.032220000000000026 0.15027000000000001
10 0.76465 0.8297300000000001 0.021480000000000055 0.15244000000000002
10 0.22754000000000002 0.226485 0.015619999999999995 0.03134999999999999
10 0.268555 0.227565 0.013670000000000015 0.029189999999999994
10 0.11914 0.22702499999999998 0.015620000000000009 0.03026999999999999
10 0.4541 0.946485 0.04688000000000003 0.09189000000000003
10 0.6113299999999999 0.946485 0.039059999999999984 0.08972999999999998
10 0.299315 0.948645 0.026370000000000005 0.08972999999999998
10 0.76465 0.94811 0.023440000000000016 0.08216000000000001
10 0.29785 0.734595 0.029299999999999993 0.03783000000000003
10 0.452635 0.734055 0.04198999999999997 0.03675000000000006
10 0.6113299999999999 0.7340549999999999 0.041019999999999945 0.03459000000000001
10 0.762205 0.735135 0.026370000000000005 0.03675000000000006
10 0.11718999999999999 0.096214 0.021479999999999985 0.017292000000000002
10 0.22607 0.095674 0.022460000000000008 0.016212000000000004
10 0.26709 0.094593 0.020499999999999963 0.016214000000000006
10 0.065918 0.101082 0.024413999999999998 0.014055999999999999
