1 0.50065905 0.5009781 0.9960619 0.9941438
2 0.1695145 0.1479515 0.139291 0.161137
2 0.503285 0.149413 0.13929000000000002 0.16015400000000002
2 0.8409949999999999 0.1518545 0.13929000000000002 0.16113099999999997
2 0.1708295 0.48535 0.14192100000000002 0.21094000000000002
2 0.5013150000000001 0.487305 0.14323000000000002 0.21484999999999999
2 0.839025 0.48877 0.14322999999999997 0.21582
4 0.170826 0.0473635 0.262808 0.061523
4 0.500655 0.04541 0.28646999999999995 0.06347599999999999
4 0.8383700000000001 0.0493165 0.28646000000000005 0.063477
4 0.167545 0.38623 0.26413 0.08692
4 0.51774 0.387695 0.26544000000000006 0.08593
4 0.841655 0.38623 0.26413 0.08692
6 0.1629445 0.24316500000000002 0.21025099999999997 0.03320999999999999
6 0.504595 0.240235 0.21025000000000005 0.03321000000000002
6 0.838375 0.246095 0.21025000000000005 0.03320999999999999
6 0.5078865 0.564945 0.968467 0.07714999999999994
9 0.5046005 0.29004 0.982919 0.12696
9 0.5059115 0.02734395 0.977657 0.0410161
9 0.49737015 0.6831050000000001 0.9815997 0.03809000000000007
10 0.335085 0.4541 0.052570000000000006 0.1582
10 0.67674 0.4541 0.05255999999999994 0.1582
10 0.677395 0.8105450000000001 0.045989999999999975 0.19726999999999995
10 0.34034 0.80957 0.04994000000000004 0.19726
10 0.611695 0.51709 0.03022999999999998 0.15136
10 0.401445 0.516115 0.03022999999999998 0.15137
10 0.7411300000000001 0.519045 0.03154000000000001 0.15137
10 0.94678 0.519045 0.030220000000000025 0.15137
10 0.27266999999999997 0.516115 0.03021999999999997 0.15137
10 0.065703 0.516115 0.031538000000000004 0.15137
10 0.676085 0.95215 0.06439000000000006 0.08398000000000005
10 0.34691 0.95215 0.06308000000000002 0.08398000000000005
10 0.06307499999999999 0.43164 0.04993399999999999 0.017579999999999985
10 0.27135 0.43213 0.04861999999999997 0.016600000000000004
10 0.40079 0.433105 0.04994000000000004 0.016610000000000014
10 0.61301 0.433105 0.04862 0.016610000000000014
10 0.7411300000000001 0.43408 0.049939999999999984 0.016600000000000004
10 0.947435 0.43408 0.04993000000000003 0.016600000000000004
10 0.68003 0.35448999999999997 0.08016000000000001 0.04102
10 0.33574 0.35497999999999996 0.08016000000000001 0.04004000000000002
10 0.677395 0.702145 0.07752999999999999 0.019530000000000047
10 0.34099999999999997 0.701175 0.08542 0.019530000000000047
11 0.507885 0.838865 0.25099000000000005 0.27149
11 0.8226 0.83789 0.22602 0.27734000000000003
11 0.1905385 0.836915 0.23390299999999997 0.27929000000000004
