1 0.522282 0.5103385 0.949856 0.9793229999999999
2 0.51114 0.32142499999999996 0.06963999999999998 0.05263000000000001
2 0.36072499999999996 0.320485 0.06963000000000003 0.05451
2 0.660165 0.320485 0.06685000000000008 0.05451
2 0.21309 0.432335 0.08077999999999999 0.06014999999999998
2 0.362115 0.431395 0.07799 0.062029999999999974
2 0.5111399999999999 0.431395 0.08077999999999996 0.062029999999999974
2 0.6559900000000001 0.429515 0.08077999999999996 0.062029999999999974
2 0.8119799999999999 0.429515 0.08077999999999996 0.062029999999999974
2 0.21588000000000002 0.5432349999999999 0.08077999999999999 0.06391000000000002
2 0.36072000000000004 0.546055 0.08078000000000002 0.06579000000000002
2 0.512535 0.545115 0.08357000000000003 0.06391000000000002
2 0.66435 0.541355 0.08078000000000007 0.06391000000000002
2 0.8091900000000001 0.541355 0.08077999999999996 0.06391000000000002
2 0.21309 0.657895 0.08077999999999999 0.06390999999999991
2 0.36072000000000004 0.656015 0.08078000000000002 0.06391000000000002
2 0.51393 0.657895 0.08078000000000002 0.06390999999999991
2 0.6615599999999999 0.657895 0.08077999999999996 0.06390999999999991
2 0.8119799999999999 0.656015 0.08077999999999996 0.06391000000000002
2 0.8119799999999999 0.766915 0.08077999999999996 0.06391000000000002
2 0.6615599999999999 0.768795 0.08077999999999996 0.06390999999999991
2 0.5111399999999999 0.768795 0.08077999999999996 0.06390999999999991
2 0.36907999999999996 0.770675 0.08078000000000002 0.06390999999999991
2 0.21309 0.7697350000000001 0.08077999999999999 0.0657899999999999
2 0.0919215 0.550755 0.038997000000000004 0.05638999999999994
2 0.094707 0.656015 0.03342600000000001 0.060149999999999926
2 0.0933145 0.768795 0.03621100000000001 0.060149999999999926
2 0.935935 0.545115 0.03342999999999996 0.060149999999999926
2 0.933145 0.656015 0.03343000000000007 0.060149999999999926
2 0.9345399999999999 0.768795 0.03622000000000003 0.060149999999999926
2 0.513925 0.23496 0.06407000000000002 0.022559999999999997
7 0.8119799999999999 0.647555 0.06964000000000004 0.04699000000000009
7 0.66295 0.31109 0.06128 0.031960000000000044
8 0.13788 0.5479350000000001 0.04178 0.05450999999999995
8 0.286905 0.546055 0.04457 0.05450999999999995
8 0.431755 0.546055 0.04457 0.05450999999999995
8 0.582175 0.546055 0.04457 0.05450999999999995
8 0.735375 0.545115 0.04457 0.05638999999999994
8 0.880225 0.543235 0.04457 0.05638999999999994
9 0.5139275 0.37688 0.922005 0.024440000000000017
9 0.5208925 0.463345 0.935935 0.01690999999999998
9 0.5181045 0.58177 0.935931 0.016920000000000046
9 0.523675 0.69079 0.9359299999999999 0.016920000000000046
9 0.5208895 0.8204849999999999 0.9415009999999999 0.05074999999999996
10 0.13928000000000001 0.69079 0.05013999999999999 0.21239999999999992
10 0.28691 0.69079 0.05013999999999996 0.21239999999999992
10 0.43454000000000004 0.68797 0.05014000000000002 0.21804
10 0.5821700000000001 0.6889099999999999 0.05013999999999996 0.21616000000000002
10 0.8857900000000001 0.6889099999999999 0.05013999999999996 0.21616000000000002
10 0.7353799999999999 0.6889099999999999 0.05013999999999996 0.21616000000000002
11 0.19916 0.81861 0.13092 0.028200000000000003
11 0.504175 0.81767 0.22841000000000006 0.022559999999999913
11 0.806405 0.8186100000000001 0.15876999999999997 0.024439999999999906
10 0.11420549999999999 0.94737 0.055708999999999995 0.10150000000000003
10 0.2883 0.94737 0.04178000000000004 0.10150000000000003
10 0.43593000000000004 0.94643 0.041779999999999984 0.10338000000000003
10 0.5807800000000001 0.94643 0.04178000000000004 0.10338000000000003
10 0.733985 0.94831 0.036210000000000075 0.10338000000000003
10 0.902505 0.94643 0.055709999999999926 0.10338000000000003
11 0.51532 0.48402 0.5181 0.028200000000000003
