1 0.5019555 0.550935 0.9648490000000001 0.87081
2 0.063965 0.28757499999999997 0.04589800000000001 0.09564999999999999
2 0.18066 0.282605 0.04491999999999999 0.09565000000000001
2 0.29785 0.276395 0.04491999999999996 0.09565000000000001
2 0.42040999999999995 0.269565 0.045899999999999996 0.09689
2 0.55225 0.265215 0.04590000000000005 0.09564999999999999
2 0.68213 0.26087 0.04590000000000005 0.09689999999999999
2 0.81152 0.25776499999999997 0.04492000000000007 0.09564999999999999
2 0.9462900000000001 0.253415 0.04491999999999996 0.09689
2 0.061035000000000006 0.47950499999999996 0.04199200000000001 0.10682999999999993
2 0.1792 0.47577500000000006 0.04199999999999998 0.10683000000000004
2 0.296385 0.47204999999999997 0.04198999999999997 0.10683999999999999
2 0.42041 0.468325 0.04200000000000004 0.10682999999999998
2 0.552245 0.464595 0.04198999999999997 0.10682999999999998
2 0.683105 0.46087 0.04198999999999997 0.11179999999999995
2 0.813965 0.457145 0.04199000000000008 0.10683000000000004
2 0.058105500000000004 0.67764 0.041993 0.10309999999999997
2 0.17822500000000002 0.676395 0.04199 0.10311000000000003
2 0.29541 0.673915 0.04393999999999998 0.10310999999999992
2 0.419435 0.67205 0.04198999999999997 0.10433999999999999
2 0.5512699999999999 0.670185 0.04393999999999998 0.10311000000000003
2 0.68506 0.6677 0.04394000000000009 0.10309999999999997
2 0.813965 0.663975 0.043950000000000045 0.10311000000000003
2 0.9487300000000001 0.663975 0.04393999999999998 0.10311000000000003
3 0.41992 0.89503 0.11524000000000001 0.17515999999999998
7 0.0322265 0.28758 0.021485 0.09067999999999998
7 0.09179899999999999 0.28385 0.017582 0.09315999999999999
7 0.14746 0.28261000000000003 0.02148 0.09068000000000001
7 0.208985 0.278885 0.019529999999999992 0.09565000000000001
7 0.308595 0.276395 0.02149000000000001 0.09317
7 0.28711 0.276395 0.02148 0.09317
7 0.387695 0.271425 0.02149000000000001 0.09317
7 0.45116999999999996 0.26584 0.02148 0.09690000000000001
7 0.5175799999999999 0.265835 0.023440000000000016 0.09441
7 0.5825199999999999 0.262115 0.024419999999999997 0.09441
7 0.6494150000000001 0.260865 0.02342999999999995 0.09441000000000002
7 0.713865 0.25714499999999996 0.02149000000000001 0.09688999999999998
7 0.7783199999999999 0.259625 0.023440000000000016 0.09441
7 0.84473 0.25528 0.023440000000000016 0.09316000000000002
7 0.912595 0.25528 0.024409999999999932 0.09316000000000002
7 0.9780249999999999 0.254035 0.018549999999999955 0.09317
7 0.0317385 0.481365 0.022461000000000002 0.10558999999999996
7 0.086426 0.476395 0.010742000000000002 0.10806999999999994
7 0.146485 0.476395 0.023430000000000006 0.10806999999999994
7 0.20507999999999998 0.47081 0.015619999999999995 0.10931999999999997
7 0.26317999999999997 0.47391000000000005 0.028319999999999984 0.11056000000000005
7 0.32323999999999997 0.46832 0.015620000000000023 0.11180000000000001
7 0.518065 0.46521999999999997 0.026370000000000005 0.11055999999999994
7 0.583495 0.464595 0.020510000000000028 0.10930999999999996
7 0.649415 0.46148999999999996 0.027349999999999985 0.11055999999999994
7 0.716305 0.46148999999999996 0.020510000000000028 0.11055999999999994
7 0.778805 0.45901000000000003 0.026370000000000005 0.11056000000000005
7 0.912595 0.45466 0.026370000000000005 0.10931999999999997
7 0.846195 0.45466 0.020510000000000028 0.10931999999999997
7 0.97656 0.45404 0.01757999999999993 0.11055999999999999
7 0.0307615 0.6801200000000001 0.022461000000000002 0.10062000000000004
7 0.0869145 0.67702 0.015625 0.10185999999999995
7 0.14502 0.67702 0.024419999999999997 0.10185999999999995
7 0.20459 0.675155 0.016600000000000004 0.10310999999999992
7 0.38672 0.469565 0.02734000000000003 0.10931000000000002
7 0.450685 0.4646 0.018549999999999955 0.11179999999999995
7 0.26172 0.675775 0.023440000000000016 0.10187000000000002
7 0.32421500000000003 0.673295 0.019529999999999992 0.10434999999999994
7 0.384765 0.673295 0.025389999999999968 0.10434999999999994
7 0.45116999999999996 0.670805 0.02148 0.10434999999999994
7 0.5175799999999999 0.670185 0.02734000000000003 0.10311000000000003
7 0.58447 0.668945 0.022460000000000035 0.10559000000000007
7 0.64893 0.6689449999999999 0.028320000000000012 0.10807
7 0.71582 0.666455 0.021479999999999944 0.10558999999999996
7 0.780765 0.665215 0.026370000000000005 0.10311000000000003
7 0.84717 0.663975 0.022460000000000035 0.10559000000000007
7 0.914065 0.6627350000000001 0.025390000000000024 0.10558999999999996
7 0.979 0.66149 0.016599999999999948 0.10309999999999997
9 0.504885 0.167705 0.95313 0.09441
9 0.5024419999999999 0.77888 0.9560559999999999 0.03478000000000003
11 0.190919 0.79565 0.34082199999999996 0.023599999999999954
11 0.085447 0.870805 0.12792599999999998 0.11924999999999997
11 0.263185 0.8726700000000001 0.12207000000000001 0.12297999999999998
11 0.33789 0.8764000000000001 0.027339999999999975 0.11303999999999992
11 0.50293 0.87578 0.03320000000000006 0.1117999999999999
11 0.6162099999999999 0.8211200000000001 0.19922000000000006 0.022360000000000047
11 0.551755 0.87826 0.04882999999999993 0.09689999999999999
11 0.61572 0.881365 0.06934000000000007 0.09812999999999994
11 0.682125 0.87764 0.04784999999999995 0.09316000000000002
11 0.74756 0.87391 0.06738 0.11055999999999999
11 0.88037 0.86894 0.06738 0.11055999999999999
11 0.813965 0.8670800000000001 0.04785000000000006 0.10683999999999994
11 0.94629 0.864595 0.04688000000000003 0.10682999999999998
11 0.17773499999999998 0.88944 0.04493 0.1441
11 0.39404 0.885095 0.04590000000000005 0.10807
