1 0.472284 0.49295845 0.856332 0.9802831
2 0.27941 0.449295 0.054300000000000015 0.10705000000000003
2 0.14649500000000001 0.44718500000000005 0.05317000000000001 0.11127000000000004
2 0.412895 0.25986 0.04976999999999998 0.10000000000000003
2 0.533935 0.25986 0.04976999999999998 0.10000000000000003
2 0.669115 0.45493 0.05316999999999994 0.10985999999999996
2 0.7992049999999999 0.455635 0.05317000000000005 0.11126999999999998
2 0.79638 0.6436649999999999 0.054300000000000015 0.12113000000000007
2 0.669115 0.642255 0.05316999999999994 0.12112999999999996
2 0.46946 0.639435 0.054300000000000015 0.11831000000000003
2 0.28110500000000005 0.6352150000000001 0.053169999999999995 0.11831000000000003
2 0.147625 0.6309899999999999 0.05542999999999999 0.1267600000000001
2 0.186085 0.242255 0.05995 0.08169000000000001
2 0.26300999999999997 0.24014 0.059959999999999986 0.08027999999999996
2 0.6951350000000001 0.243665 0.06220999999999999 0.08168999999999998
2 0.771495 0.247885 0.06335000000000002 0.08168999999999998
2 0.40441 0.45211 0.04186000000000001 0.10986000000000007
2 0.5373300000000001 0.45493 0.04071999999999998 0.10985999999999996
2 0.537895 0.6415500000000001 0.04184999999999994 0.11971999999999994
2 0.402715 0.63873 0.04298999999999997 0.11972000000000005
3 0.610295 0.8457749999999999 0.04864999999999997 0.16760999999999993
3 0.337105 0.844365 0.04751 0.16761000000000004
4 0.1419695 0.554225 0.100681 0.035209999999999964
4 0.27602 0.55986 0.09502 0.03801999999999994
4 0.79525 0.5662 0.09502 0.036619999999999986
4 0.66855 0.5662 0.09502 0.036619999999999986
4 0.541855 0.5647899999999999 0.06560999999999995 0.036619999999999986
4 0.47002499999999997 0.5647899999999999 0.07352999999999998 0.036619999999999986
4 0.3948 0.56338 0.07240000000000002 0.036619999999999986
5 0.144795 0.506335 0.08145 0.018309999999999993
5 0.27827999999999997 0.5119750000000001 0.07466 0.018309999999999937
5 0.40102 0.51127 0.06447999999999998 0.014080000000000092
5 0.5390299999999999 0.511975 0.06447999999999998 0.015490000000000004
5 0.66968 0.51338 0.07466000000000006 0.015499999999999958
5 0.79525 0.51549 0.07465999999999995 0.016899999999999915
5 0.4129 0.31479 0.07240000000000002 0.012680000000000025
5 0.5333749999999999 0.31479 0.07352999999999998 0.012680000000000025
4 0.212105 0.15000249999999998 0.20701 0.108455
4 0.7290749999999999 0.152816 0.20701000000000003 0.108448
8 0.472285 0.125351 0.037329999999999974 0.053517999999999996
9 0.468325 0.702815 0.84389 0.02817000000000003
9 0.475111 0.301405 0.8348380000000001 0.04788999999999999
11 0.20871 0.73803 0.05996000000000001 0.030980000000000008
11 0.47115 0.733805 0.11878 0.045070000000000054
11 0.719455 0.74648 0.07012999999999991 0.01971999999999996
11 0.917985 0.8084549999999999 0.030549999999999966 0.06479000000000001
11 0.19909500000000002 0.8309850000000001 0.14479 0.14085000000000003
11 0.477375 0.832395 0.14478999999999997 0.14084999999999992
11 0.7488699999999999 0.8366199999999999 0.14479999999999993 0.14083999999999997
