1 0.47504625 0.522949 0.9465275 0.954102
4 0.76025 0.65527 0.24419999999999997 0.06835999999999998
4 0.153299 0.6542950000000001 0.23886199999999996 0.07030999999999998
4 0.1524055 0.49707 0.23350900000000002 0.07032
2 0.76649 0.910645 0.17111999999999994 0.10253000000000001
2 0.523175 0.91699 0.062390000000000057 0.09179999999999999
2 0.403745 0.91943 0.06239 0.09082000000000001
2 0.1568605 0.9126000000000001 0.171119 0.10253999999999996
2 0.81105 0.734375 0.06774000000000002 0.08593000000000006
2 0.71658 0.734375 0.06773999999999991 0.08593000000000006
2 0.440285 0.70557 0.05347000000000002 0.09082000000000001
2 0.207665 0.73584 0.06594999999999998 0.08496000000000004
2 0.1078445 0.73584 0.062391 0.08300000000000007
2 0.81016 0.569335 0.06596000000000002 0.07813000000000003
2 0.71658 0.569825 0.06773999999999991 0.07911000000000001
2 0.44384999999999997 0.52881 0.05348000000000003 0.08495999999999998
2 0.208555 0.572265 0.06417 0.07813000000000003
2 0.1096245 0.5712900000000001 0.06595100000000001 0.07618000000000003
2 0.7629250000000001 0.40869 0.12120999999999993 0.0791
2 0.53298 0.413575 0.05703999999999998 0.06933
2 0.393045 0.41259500000000005 0.05168999999999996 0.07129000000000002
2 0.207665 0.413575 0.06594999999999998 0.06933
2 0.107843 0.413575 0.065954 0.06933
2 0.46167499999999995 0.26221 0.12120999999999998 0.06347999999999998
2 0.22549 0.266115 0.03386 0.059569999999999984
2 0.156865 0.26514 0.06417 0.05761999999999998
2 0.0891255 0.266115 0.035649 0.059569999999999984
4 0.765595 0.49316000000000004 0.22995 0.06836000000000003
4 0.4385 0.617185 0.12833999999999995 0.08203000000000005
2 0.5436700000000001 0.55078 0.03208 0.08984000000000003
2 0.545455 0.72363 0.03208999999999995 0.08983999999999992
4 0.46613000000000004 0.16797 0.19785999999999998 0.10352000000000001
4 0.1595375 0.1401355 0.297685 0.166989
4 0.1586475 0.34814500000000004 0.267385 0.06346999999999997
5 0.76649 0.796875 0.2210399999999999 0.044929999999999914
5 0.1604255 0.796875 0.22102900000000003 0.044929999999999914
5 0.76827 0.96631 0.23530000000000006 0.012699999999999934
5 0.46524 0.96631 0.2353 0.012699999999999934
5 0.1595355 0.967285 0.23350899999999997 0.012689999999999979
5 0.76649 0.62354 0.22815999999999992 0.028320000000000012
5 0.1568605 0.62354 0.228159 0.028320000000000012
8 0.466135 0.33740499999999995 0.22995 0.08690999999999999
8 0.441175 0.46875 0.07308999999999999 0.01758000000000004
8 0.5561499999999999 0.6499 0.06774000000000002 0.06347999999999998
8 0.357395 0.64551 0.03387000000000001 0.06835999999999998
8 0.76827 0.8393550000000001 0.06773999999999991 0.043950000000000045
8 0.15686 0.84375 0.06774000000000001 0.04492000000000007
8 0.462565 0.887695 0.048130000000000006 0.08399000000000001
8 0.40641499999999997 0.864745 0.03921000000000002 0.018550000000000066
8 0.524065 0.864745 0.03564999999999996 0.018550000000000066
8 0.46435000000000004 0.41309 0.06951999999999997 0.0625
9 0.47058755 0.330565 0.9340449000000001 0.07715
9 0.47058755 0.47412 0.9340449000000001 0.05565999999999999
9 0.46880625000000004 0.990235 0.9340475 0.015630000000000033
10 0.92335 0.40576 0.04634000000000005 0.08496000000000004
10 0.606955 0.407715 0.048130000000000006 0.08496999999999999
10 0.320855 0.40674 0.04635 0.08496000000000004
10 0.00980375 0.407715 0.0160425 0.08496999999999999
10 0.01158625 0.34326 0.0196075 0.04393999999999998
10 0.320855 0.34375 0.06061000000000005 0.04296
10 0.609625 0.34375 0.06061000000000005 0.04296
10 0.9206799999999999 0.34179499999999996 0.055259999999999976 0.04297000000000001
