2 0.17969000000000002 0.63916 0.03906000000000001 0.05175999999999992
2 0.271485 0.63916 0.04036999999999996 0.05175999999999992
2 0.18229 0.561525 0.03386 0.01366999999999996
2 0.272135 0.561525 0.03384999999999999 0.01366999999999996
2 0.384115 0.561525 0.03384999999999999 0.01366999999999996
2 0.49478999999999995 0.561035 0.033859999999999946 0.012689999999999979
2 0.49219 0.63867 0.03905999999999993 0.05274000000000001
2 0.36002500000000004 0.63916 0.03255000000000002 0.05175999999999992
2 0.40429499999999996 0.63916 0.03255000000000002 0.05175999999999992
2 0.5865849999999999 0.56006 0.03254999999999997 0.012699999999999934
2 0.5833299999999999 0.63867 0.039059999999999984 0.05274000000000001
2 0.69336 0.634765 0.058599999999999985 0.04686999999999997
2 0.7011700000000001 0.7182649999999999 0.07682 0.08300999999999992
2 0.69336 0.8349599999999999 0.058599999999999985 0.05467999999999995
2 0.5833299999999999 0.8359350000000001 0.039059999999999984 0.054690000000000016
2 0.49154 0.8359350000000001 0.03775999999999996 0.054690000000000016
2 0.380205 0.8359350000000001 0.05729000000000001 0.054690000000000016
2 0.26888 0.8359350000000001 0.04035999999999998 0.054690000000000016
2 0.17773 0.836425 0.037760000000000016 0.05567
2 0.17838500000000002 0.73682 0.03907000000000002 0.05176000000000003
2 0.26953 0.73682 0.039059999999999984 0.05176000000000003
2 0.34831 0.713865 0.02734000000000003 0.08203000000000005
2 0.39453499999999997 0.713865 0.044269999999999976 0.08203000000000005
2 0.43879999999999997 0.713865 0.026040000000000008 0.08203000000000005
2 0.49219 0.73633 0.03905999999999993 0.05274000000000001
2 0.5833299999999999 0.73584 0.039059999999999984 0.05371999999999999
1 0.394532 0.71191 0.7343759999999999 0.55664
2 0.0716145 0.638185 0.054687000000000006 0.04784999999999995
3 0.37695 0.9453100000000001 0.07682 0.08594000000000002
6 0.38997499999999996 0.663575 0.15494999999999998 0.03027000000000002
6 0.695965 0.669925 0.10547000000000006 0.025390000000000024
6 0.073568 0.67041 0.089844 0.024419999999999997
8 0.11393400000000001 0.6591800000000001 0.029951999999999993 0.025399999999999978
8 0.328775 0.643065 0.01693 0.024410000000000043
8 0.45442499999999997 0.641115 0.018230000000000024 0.024410000000000043
8 0.74414 0.655275 0.02214000000000005 0.027350000000000096
8 0.6556 0.657715 0.022139999999999938 0.026370000000000005
8 0.69531 0.61572 0.08854000000000006 0.040039999999999965
8 0.074217 0.6196299999999999 0.08072599999999999 0.04393999999999998
8 0.128255 0.546875 0.009110000000000007 0.07227000000000006
8 0.14518 0.5463899999999999 0.009120000000000017 0.07324000000000008
8 0.22070499999999998 0.5463899999999999 0.00910999999999998 0.07324000000000008
8 0.23763 0.5459 0.00911999999999999 0.0722600000000001
8 0.31315 0.5459 0.009120000000000017 0.0722600000000001
8 0.34961 0.54492 0.009119999999999961 0.07225999999999999
8 0.426435 0.54297 0.009110000000000007 0.07225999999999999
8 0.46159 0.5459 0.009120000000000017 0.0722600000000001
8 0.54297 0.54297 0.00782000000000005 0.07225999999999999
8 0.55664 0.54346 0.009120000000000017 0.07324000000000008
8 0.63086 0.54492 0.009120000000000017 0.07225999999999999
8 0.64453 0.5459 0.00782000000000005 0.0722600000000001
8 0.591145 0.563475 0.05989 0.0410100000000001
8 0.49934999999999996 0.56445 0.06380000000000002 0.039060000000000095
8 0.38802000000000003 0.5654300000000001 0.06509999999999999 0.03710000000000002
8 0.442705 0.5654300000000001 0.020830000000000015 0.03710000000000002
8 0.33203 0.5654300000000001 0.023440000000000016 0.03710000000000002
8 0.27604 0.5654300000000001 0.06509999999999996 0.03710000000000002
8 0.18229 0.56494 0.06509999999999999 0.03808
8 0.13021 0.46875 0.03385999999999999 0.06640000000000001
8 0.6302049999999999 0.46875 0.054690000000000016 0.0625
8 0.49284000000000006 0.70166 0.04036000000000001 0.010740000000000083
8 0.58268 0.69971 0.04035999999999995 0.010740000000000083
8 0.179035 0.70068 0.04037000000000002 0.010739999999999972
8 0.27018 0.70068 0.04036000000000001 0.010739999999999972
8 0.20507999999999998 0.711425 0.01171999999999998 0.036129999999999995
8 0.152995 0.71045 0.011709999999999998 0.03613999999999995
8 0.24284 0.71045 0.011720000000000008 0.03613999999999995
8 0.296875 0.71045 0.01041000000000003 0.03613999999999995
8 0.51953 0.709475 0.010419999999999985 0.036129999999999995
8 0.465495 0.71045 0.011709999999999998 0.03613999999999995
8 0.6100300000000001 0.708495 0.011720000000000064 0.036129999999999995
8 0.55664 0.708495 0.011719999999999953 0.036129999999999995
8 0.13346 0.823735 0.03776 0.0654300000000001
8 0.22396 0.823735 0.03906000000000001 0.0654300000000001
8 0.305335 0.823245 0.019529999999999992 0.06641000000000008
8 0.27018 0.796875 0.05077999999999999 0.013670000000000071
8 0.17773 0.796385 0.05077999999999999 0.014650000000000052
8 0.45703499999999997 0.82178 0.018230000000000024 0.06738
8 0.53776 0.82178 0.039059999999999984 0.06738
8 0.627605 0.822265 0.03644999999999998 0.06640999999999997
8 0.58333 0.79443 0.04947999999999997 0.010739999999999972
8 0.49219 0.79346 0.049480000000000024 0.010740000000000083
2 0.8431 0.611815 0.037760000000000016 0.05567
8 0.84375 0.57324 0.04947999999999997 0.01758000000000004
5 0.840495 0.6567400000000001 0.06119000000000008 0.03808
8 0.86068 0.50244 0.0625 0.026359999999999995
9 0.39453 0.774905 0.72656 0.03222999999999998
9 0.395832 0.871585 0.7239559999999999 0.020509999999999917
8 0.32292 0.828125 0.013019999999999976 0.05858999999999992
8 0.34115 0.82861 0.013020000000000032 0.057620000000000005
8 0.440755 0.82666 0.01433000000000001 0.057620000000000005
8 0.42252500000000004 0.82764 0.01433000000000001 0.057620000000000005
8 0.378905 0.7949200000000001 0.04686999999999997 0.01758000000000004
11 0.22395500000000002 0.941405 0.20573 0.09375
11 0.59505 0.94238 0.32811999999999997 0.09179999999999999
