1 0.50048828 0.5013369 0.99902344 0.9973262
2 0.185055 0.1510715 0.014649999999999996 0.114977
2 0.203615 0.1524085 0.014649999999999996 0.112303
2 0.25 0.14973150000000002 0.015619999999999995 0.11229700000000001
2 0.268065 0.14973150000000002 0.014649999999999996 0.11229700000000001
2 0.26953 0.381015 0.015619999999999967 0.12567
2 0.250975 0.37968 0.015630000000000033 0.12834
2 0.2041 0.38234999999999997 0.015619999999999995 0.12833999999999995
2 0.18554500000000002 0.38234999999999997 0.015630000000000005 0.12833999999999995
2 0.754885 0.1470595 0.015630000000000033 0.112301
2 0.73584 0.1430455 0.014640000000000097 0.11496900000000002
2 0.799805 0.1470595 0.015630000000000033 0.112301
2 0.817385 0.1470595 0.015630000000000033 0.112301
2 0.818845 0.37433 0.01464999999999994 0.123
2 0.800295 0.37299499999999997 0.014650000000000052 0.12032999999999999
2 0.756345 0.37032 0.01464999999999994 0.12031999999999998
2 0.737795 0.37166 0.014650000000000052 0.123
2 0.819825 0.6029450000000001 0.014650000000000052 0.12567000000000006
2 0.8007850000000001 0.6029450000000001 0.01366999999999996 0.12567000000000006
2 0.756345 0.605615 0.01464999999999994 0.12566999999999995
2 0.737795 0.605615 0.014650000000000052 0.12566999999999995
2 0.050293000000000004 0.164435 0.032226000000000005 0.12567
2 0.1088865 0.1604285 0.032227000000000006 0.12834299999999998
2 0.11035350000000001 0.370325 0.031253 0.09893000000000002
2 0.050293000000000004 0.374335 0.030274000000000002 0.10695000000000005
2 0.111815 0.60695 0.030270000000000005 0.11230000000000007
2 0.05078100000000001 0.60695 0.03125000000000001 0.11230000000000007
2 0.33301000000000003 0.14171050000000002 0.027339999999999975 0.11229900000000001
2 0.3916 0.1443825 0.02734000000000003 0.11229500000000002
2 0.394045 0.36363999999999996 0.026370000000000005 0.11230000000000001
2 0.33594 0.36631 0.027339999999999975 0.11230000000000001
2 0.39502000000000004 0.610965 0.026359999999999995 0.12566999999999995
2 0.337405 0.609625 0.026370000000000005 0.12834999999999996
2 0.5571299999999999 0.35829 0.028320000000000012 0.123
2 0.47314 0.3623 0.028320000000000012 0.13102000000000003
2 0.47363 0.60294 0.02734000000000003 0.13102000000000003
2 0.5561499999999999 0.6002700000000001 0.028320000000000012 0.13102000000000003
2 0.46387 0.1336905 0.01758000000000004 0.09625900000000001
2 0.546875 0.131014 0.017570000000000086 0.09625199999999999
2 0.44823999999999997 0.1350255 0.009760000000000046 0.09892899999999999
2 0.480955 0.1363655 0.00879000000000002 0.101609
2 0.530275 0.1350255 0.009769999999999945 0.09892899999999999
2 0.5625 0.1350255 0.007819999999999938 0.09892899999999999
2 0.530275 0.3623 0.007809999999999984 0.13102000000000003
2 0.44628999999999996 0.364975 0.007819999999999994 0.13100999999999996
2 0.53076 0.6029450000000001 0.006839999999999957 0.12567000000000006
2 0.44677999999999995 0.605615 0.006840000000000013 0.12566999999999995
2 0.61963 0.1443855 0.02635999999999994 0.117649
2 0.674805 0.1443855 0.025390000000000024 0.117649
2 0.680665 0.36229999999999996 0.027349999999999985 0.10962
2 0.62305 0.359625 0.02733999999999992 0.10962999999999995
2 0.68262 0.59893 0.02733999999999992 0.123
2 0.625 0.60428 0.02733999999999992 0.123
2 0.89209 0.1470575 0.032220000000000026 0.11764500000000001
2 0.949705 0.1497345 0.03222999999999998 0.11765099999999999
2 0.89209 0.36631 0.032220000000000026 0.11764000000000002
2 0.952635 0.36363500000000004 0.03222999999999998 0.11764999999999998
2 0.8950199999999999 0.589575 0.028320000000000012 0.11497000000000002
2 0.9526399999999999 0.589575 0.028320000000000012 0.11497000000000002
4 0.333495 0.045454499999999995 0.03809000000000001 0.069519
4 0.39258 0.0427807 0.039059999999999984 0.0695186
4 0.6186499999999999 0.042780799999999994 0.040039999999999965 0.0748664
4 0.67529 0.048128 0.040039999999999965 0.074866
4 0.4707 0.041443799999999996 0.08007999999999998 0.0721924
4 0.552735 0.041443799999999996 0.08006999999999997 0.0721924
5 0.259765 0.213905 0.04101000000000002 0.021389999999999992
5 0.194335 0.21657500000000002 0.04100999999999999 0.021389999999999992
5 0.26172 0.45588 0.050779999999999964 0.03476000000000001
5 0.1958 0.45855999999999997 0.04980000000000001 0.03475999999999996
5 0.19531500000000002 0.687165 0.04296999999999998 0.02139000000000002
5 0.259765 0.689835 0.04297000000000001 0.02139000000000002
5 0.33496 0.20856 0.03320000000000001 0.026739999999999986
5 0.393555 0.20856 0.03321000000000002 0.026739999999999986
5 0.47412 0.44118 0.024419999999999997 0.026739999999999986
5 0.5581050000000001 0.43583 0.024409999999999932 0.026739999999999986
5 0.560055 0.68182 0.036129999999999995 0.026739999999999986
5 0.47412 0.6858299999999999 0.036140000000000005 0.02406000000000008
5 0.80957 0.20989000000000002 0.041020000000000056 0.018719999999999987
5 0.74707 0.20989000000000002 0.041020000000000056 0.018719999999999987
5 0.81201 0.449195 0.049800000000000066 0.03743000000000002
5 0.746095 0.449195 0.04883000000000004 0.03743000000000002
5 0.810545 0.6738 0.037109999999999976 0.016039999999999943
5 0.748535 0.675135 0.04199000000000008 0.018710000000000004
6 0.047851500000000005 0.228605 0.056641000000000004 0.09892999999999999
6 0.1088875 0.225935 0.055665000000000006 0.09892999999999999
6 0.080567 0.46257 0.112306 0.08555999999999997
6 0.080567 0.70187 0.112306 0.0882400000000001
6 0.39697000000000005 0.7058800000000001 0.045899999999999996 0.06951999999999992
6 0.33740000000000003 0.7058800000000001 0.045899999999999996 0.06951999999999992
6 0.395505 0.45988999999999997 0.04883000000000004 0.08555999999999997
6 0.335935 0.46123 0.048829999999999985 0.08823999999999999
6 0.68408 0.45320499999999997 0.04590000000000005 0.08288999999999996
6 0.62549 0.45320499999999997 0.05176000000000003 0.08288999999999996
6 0.68408 0.6965250000000001 0.05176000000000003 0.08289000000000002
6 0.626465 0.701875 0.051750000000000074 0.08289000000000002
6 0.902835 0.2246 0.06542999999999999 0.10159999999999997
6 0.967285 0.22726999999999997 0.06542999999999999 0.1016
6 0.93652 0.45187 0.125 0.06952000000000003
6 0.93799 0.683155 0.12402000000000002 0.07218999999999998
7 0.0390625 0.131015 0.007813 0.053470000000000004
7 0.0615235 0.127005 0.007813 0.045450000000000004
7 0.0498045 0.128345 0.011719 0.04812999999999999
7 0.039551 0.375665 0.006836000000000002 0.09893000000000002
7 0.062012 0.375665 0.006836000000000002 0.09893000000000002
7 0.050781 0.37433 0.009765999999999997 0.10160000000000002
7 0.12207000000000001 0.330215 0.007820000000000008 0.018710000000000004
7 0.10058800000000001 0.60829 0.005863999999999994 0.10427999999999993
7 0.12305 0.6069549999999999 0.005860000000000004 0.10694999999999999
7 0.11182 0.6069549999999999 0.01074 0.10694999999999999
7 0.186525 0.6096250000000001 0.013670000000000015 0.10694999999999999
7 0.205075 0.6123000000000001 0.013669999999999988 0.11764000000000008
2 0.186525 0.610965 0.015630000000000005 0.12566999999999995
2 0.20507999999999998 0.610965 0.015619999999999995 0.12566999999999995
2 0.250975 0.6136349999999999 0.015630000000000033 0.12567000000000006
2 0.26953 0.6136349999999999 0.015619999999999967 0.12567000000000006
7 0.251465 0.576205 0.012689999999999979 0.04544999999999999
7 0.27002 0.5802149999999999 0.014639999999999986 0.05347000000000002
7 0.39404 0.35829 0.022460000000000035 0.09626000000000001
7 0.20410499999999998 0.1524085 0.013669999999999988 0.112303
7 0.26953499999999997 0.32754 0.013670000000000015 0.01871999999999996
7 0.33496000000000004 0.574865 0.02148 0.048130000000000006
7 0.39404 0.574865 0.022460000000000035 0.048130000000000006
7 0.44678 0.342245 0.0048799999999999955 0.08021
7 0.473145 0.34091000000000005 0.026370000000000005 0.08288000000000001
7 0.47412 0.5762050000000001 0.026359999999999995 0.06684999999999997
7 0.447755 0.570855 0.0048900000000000055 0.05081000000000002
7 0.53076 0.5641700000000001 0.0048799999999999955 0.04277999999999993
7 0.529785 0.342245 0.00488999999999995 0.08021
7 0.5566450000000001 0.322195 0.025389999999999913 0.04544999999999999
7 0.556155 0.545455 0.026370000000000005 0.01605000000000001
7 0.546385 0.1122975 0.014650000000000052 0.048125000000000015
7 0.53027 0.10828750000000001 0.005859999999999976 0.040105000000000016
7 0.5625 0.1350275 0.005859999999999976 0.09358500000000002
7 0.6181650000000001 0.11764749999999999 0.02342999999999995 0.058825
7 0.674805 0.1363625 0.023430000000000062 0.096255
7 0.678225 0.322195 0.020510000000000028 0.02940999999999999
7 0.737305 0.320855 0.013670000000000071 0.01605000000000001
7 0.81787 0.32620499999999997 0.012699999999999934 0.021389999999999965
7 0.799315 0.32620499999999997 0.01269000000000009 0.021389999999999965
7 0.9008750000000001 0.33421999999999996 0.008789999999999965 0.042779999999999985
7 0.8901399999999999 0.33155 0.010740000000000083 0.042779999999999985
7 0.87988 0.32219 0.005859999999999976 0.024060000000000026
7 0.9599599999999999 0.363635 0.00782000000000005 0.10160999999999998
7 0.94922 0.36229999999999996 0.009759999999999991 0.10427999999999998
7 0.93994 0.363635 0.0048799999999999955 0.10694999999999999
7 0.894535 0.589575 0.025390000000000024 0.10963
7 0.952145 0.59091 0.025390000000000024 0.11229999999999996
8 0.07910149999999999 0.046791299999999994 0.023437 0.0828874
8 0.9209 0.0481284 0.021480000000000055 0.0909092
10 0.149415 0.372997 0.023430000000000006 0.585566
10 0.012207049999999999 0.38101749999999995 0.0205079 0.585565
10 0.425295 0.348931 0.012690000000000035 0.639038
10 0.5068349999999999 0.347594 0.01366999999999996 0.641712
10 0.30225 0.350266 0.010740000000000027 0.6417080000000001
10 0.362795 0.3368988 0.00879000000000002 0.6631024
10 0.588865 0.343582 0.009769999999999945 0.639036
10 0.70801 0.340911 0.011719999999999953 0.622998
10 0.6499 0.33155189999999995 0.006839999999999957 0.6577562
10 0.302735 0.71658 0.01757000000000003 0.09626000000000001
10 0.364255 0.717915 0.01366999999999996 0.09892999999999996
10 0.42578000000000005 0.71658 0.017579999999999985 0.09626000000000001
10 0.50781 0.71658 0.01757999999999993 0.09626000000000001
10 0.59082 0.71123 0.01757999999999993 0.09626000000000001
10 0.71094 0.6844950000000001 0.011719999999999953 0.06416999999999995
10 0.01367205 0.719255 0.0234379 0.09091000000000005
10 0.150395 0.71658 0.025390000000000024 0.10159999999999991
10 0.859375 0.6885049999999999 0.027349999999999985 0.05615000000000003
10 0.8584 0.3622995 0.021480000000000055 0.585561
10 0.990235 0.135029 0.019530000000000047 0.104282
10 0.85791 0.044117500000000004 0.024419999999999997 0.045455
10 0.9887699999999999 0.057486499999999996 0.022460000000000035 0.045454999999999995
10 0.70801 0.0160428 0.015619999999999967 0.0213904
10 0.14941500000000002 0.050802 0.025389999999999996 0.058823999999999994
10 0.013671780000000001 0.0601605 0.02539044 0.05614899999999999
11 0.1123035 0.890375 0.046873 0.21391000000000004
11 0.05078149999999999 0.88636 0.04687499999999999 0.21658
11 0.19678 0.89171 0.05176 0.21658
11 0.2666 0.89171 0.058599999999999985 0.21658
11 0.33740499999999995 0.8836900000000001 0.04394999999999999 0.20587999999999995
11 0.39697499999999997 0.88636 0.04394999999999999 0.20587999999999995
11 0.463375 0.8836900000000001 0.05370999999999998 0.20587999999999995
11 0.5112300000000001 0.911765 0.012700000000000045 0.13903
11 0.55859 0.824865 0.05078000000000005 0.08289000000000002
11 0.62695 0.910425 0.039060000000000095 0.14171
11 0.8994150000000001 0.820855 0.044930000000000025 0.08556999999999992
11 0.95215 0.8181799999999999 0.04491999999999996 0.08555999999999997
11 0.815915 0.822195 0.024409999999999932 0.08288999999999991
11 0.75293 0.830215 0.05078000000000005 0.08823000000000003
11 0.7568349999999999 0.7540100000000001 0.06054999999999999 0.03744000000000003
11 0.7251 0.8141700000000001 0.0048799999999999955 0.045459999999999945
