2 0.639975 0.800785 0.042970000000000064 0.04296999999999995
2 0.647785 0.9042950000000001 0.042970000000000064 0.052730000000000055
2 0.5013000000000001 0.9043 0.052080000000000015 0.05078000000000005
2 0.535155 0.8037099999999999 0.03385000000000005 0.050779999999999936
2 0.46745 0.8042 0.03386 0.049799999999999955
2 0.40104 0.8042 0.03386 0.05176000000000003
2 0.36458 0.896975 0.052080000000000015 0.03808999999999996
2 0.22656500000000002 0.79932 0.044270000000000004 0.040039999999999965
2 0.227215 0.903805 0.04297000000000001 0.053710000000000035
2 0.333985 0.8042 0.03255000000000002 0.05176000000000003
2 0.33203 0.7011700000000001 0.03386 0.050779999999999936
2 0.234375 0.6894549999999999 0.044270000000000004 0.052730000000000055
2 0.5332049999999999 0.70166 0.03254999999999997 0.049799999999999955
2 0.466145 0.7011700000000001 0.03125 0.050779999999999936
2 0.399735 0.70166 0.03125 0.049799999999999955
2 0.5332049999999999 0.6001000000000001 0.03254999999999997 0.049799999999999955
2 0.466145 0.6001000000000001 0.03125 0.049799999999999955
2 0.399735 0.6001000000000001 0.03125 0.049799999999999955
2 0.667315 0.69043 0.04296999999999995 0.05274000000000001
2 0.666015 0.5835 0.04296999999999995 0.05176000000000003
2 0.6458349999999999 0.48584 0.041669999999999985 0.03613999999999995
2 0.5358050000000001 0.495605 0.03254999999999997 0.04981000000000002
4 0.53841 0.46386499999999997 0.058600000000000096 0.013670000000000015
4 0.47004999999999997 0.46338 0.05990000000000001 0.012699999999999989
4 0.402995 0.46338 0.05859000000000003 0.012699999999999989
4 0.334635 0.46338 0.05729000000000001 0.012699999999999989
2 0.46809999999999996 0.495605 0.03255999999999998 0.04981000000000002
2 0.40039 0.495605 0.03255999999999998 0.04981000000000002
2 0.33203 0.6001000000000001 0.03386 0.049799999999999955
2 0.23307499999999998 0.5835 0.044270000000000004 0.05176000000000003
2 0.332685 0.49512 0.03254999999999997 0.05078000000000005
2 0.22526000000000002 0.483395 0.04166 0.03125
1 0.43684500000000004 0.68555 0.56901 0.625
4 0.227215 0.45752000000000004 0.05339000000000002 0.018559999999999965
4 0.647785 0.458985 0.05859000000000003 0.01757000000000003
4 0.40104 0.56299 0.039059999999999984 0.022459999999999924
4 0.33333 0.56299 0.039059999999999984 0.022459999999999924
4 0.46875 0.56299 0.039059999999999984 0.022459999999999924
4 0.535155 0.56299 0.03907000000000005 0.022459999999999924
4 0.6699200000000001 0.5459 0.04818 0.023440000000000016
4 0.23502499999999998 0.54346 0.04817000000000002 0.022460000000000035
4 0.46745000000000003 0.669435 0.03906000000000004 0.01269000000000009
4 0.535155 0.669925 0.03907000000000005 0.013670000000000071
4 0.40039 0.669435 0.03775999999999996 0.01269000000000009
4 0.33333 0.669925 0.039059999999999984 0.013670000000000071
4 0.66927 0.6567350000000001 0.04947999999999997 0.01464999999999994
4 0.23632999999999998 0.6557649999999999 0.05078000000000002 0.01464999999999994
4 0.33464 0.7666 0.04947999999999997 0.023440000000000016
4 0.40039 0.76709 0.04818 0.022460000000000035
4 0.4681 0.7666 0.04818 0.023440000000000016
4 0.5338499999999999 0.76709 0.04948000000000008 0.022460000000000035
5 0.33268 0.73584 0.04036000000000001 0.020500000000000074
5 0.40104 0.73584 0.039059999999999984 0.020500000000000074
5 0.46745000000000003 0.736815 0.03906000000000004 0.020510000000000028
5 0.533855 0.73584 0.03907000000000005 0.020500000000000074
5 0.671225 0.726075 0.05338999999999994 0.020510000000000028
5 0.23568 0.726075 0.052080000000000015 0.020510000000000028
5 0.66862 0.62793 0.05078000000000005 0.041020000000000056
5 0.535805 0.643555 0.04037000000000002 0.03906999999999994
5 0.46745000000000003 0.643555 0.03906000000000004 0.03906999999999994
5 0.40104 0.643555 0.039059999999999984 0.03906999999999994
5 0.33333 0.6425799999999999 0.039059999999999984 0.039059999999999984
5 0.23503 0.628905 0.05077999999999999 0.04100999999999999
5 0.332685 0.52783 0.055989999999999984 0.016599999999999948
5 0.400395 0.52783 0.055989999999999984 0.016599999999999948
5 0.469405 0.52783 0.055989999999999984 0.016599999999999948
5 0.53776 0.52783 0.05730000000000002 0.016599999999999948
6 0.22786499999999998 0.51904 0.10157000000000002 0.040039999999999965
6 0.652345 0.52051 0.10676999999999992 0.041019999999999945
6 0.23763 0.8505849999999999 0.11327999999999996 0.06640999999999997
6 0.660155 0.8505849999999999 0.11459000000000008 0.06640999999999997
2 0.077474 0.551755 0.040364000000000004 0.04882999999999993
2 0.076823 0.6518550000000001 0.036458 0.04981000000000002
2 0.078776 0.7563500000000001 0.032552 0.049799999999999955
4 0.0800765 0.714845 0.069007 0.035150000000000015
4 0.0794255 0.6196299999999999 0.07030900000000001 0.01856000000000002
5 0.07357 0.682615 0.07162 0.015630000000000033
5 0.0800775 0.791015 0.053385 0.027349999999999985
5 0.0781255 0.586425 0.06770899999999999 0.024410000000000043
4 0.0781235 0.513185 0.072913 0.026370000000000005
5 0.80664 0.53174 0.07421999999999995 0.022459999999999924
2 0.8066450000000001 0.49756 0.055990000000000095 0.04980000000000001
2 0.805335 0.59961 0.055989999999999984 0.05078000000000005
2 0.804035 0.70215 0.055990000000000095 0.050779999999999936
5 0.804685 0.6362300000000001 0.07813000000000003 0.028320000000000012
5 0.804035 0.7387699999999999 0.07683000000000006 0.024419999999999997
4 0.8099000000000001 0.55957 0.07551999999999992 0.021479999999999944
4 0.8118449999999999 0.66455 0.10547000000000006 0.030279999999999974
8 0.0253905 0.538085 0.024739000000000004 0.02149000000000001
8 0.227215 0.42578499999999997 0.09765000000000001 0.04297000000000001
8 0.648435 0.42627000000000004 0.09375 0.04199999999999998
8 0.167315 0.581055 0.029950000000000004 0.027349999999999985
8 0.287765 0.582035 0.03125 0.025390000000000024
8 0.366535 0.584965 0.029950000000000032 0.025390000000000024
8 0.434245 0.584965 0.029950000000000032 0.025390000000000024
8 0.588545 0.581055 0.03125 0.025390000000000024
8 0.501305 0.58545 0.03125 0.022460000000000035
8 0.5612 0.5859399999999999 0.015619999999999967 0.023440000000000016
8 0.6386700000000001 0.563475 0.01432 0.019529999999999936
8 0.70052 0.563965 0.013020000000000032 0.020509999999999917
8 0.71289 0.58203 0.016920000000000046 0.023440000000000016
8 0.30794 0.5849599999999999 0.011720000000000008 0.021480000000000055
8 0.26627500000000004 0.563965 0.01433000000000001 0.016609999999999903
8 0.203125 0.5620149999999999 0.015629999999999977 0.020509999999999917
8 0.8079449999999999 0.45947499999999997 0.029950000000000032 0.024409999999999987
8 0.36523 0.864745 0.037760000000000016 0.026370000000000005
8 0.5013 0.8667 0.04947999999999997 0.02636000000000005
5 0.5013 0.940915 0.07292000000000004 0.026369999999999894
5 0.645185 0.94678 0.06641000000000008 0.03417999999999999
5 0.227215 0.946775 0.06641 0.03808999999999996
8 0.402995 0.9130849999999999 0.019529999999999992 0.019529999999999936
8 0.330075 0.913575 0.019529999999999992 0.018549999999999955
8 0.36458500000000005 0.927245 0.09634999999999999 0.026370000000000005
9 0.434245 0.9536100000000001 0.5638099999999999 0.010740000000000083
9 0.4375 0.84424 0.5625 0.030280000000000085
9 0.43489500000000003 0.740235 0.55989 0.03320999999999996
9 0.43815 0.554685 0.5638 0.037109999999999976
9 0.43879999999999997 0.4292 0.5599000000000001 0.028319999999999956
10 0.402995 0.96582 0.011709999999999998 0.05078000000000005
10 0.33268 0.96533 0.01432 0.049800000000000066
10 0.748045 0.65381 0.022129999999999983 0.12988
10 0.747395 0.733885 0.03385000000000005 0.03027000000000002
10 0.748695 0.578125 0.03125 0.023430000000000062
10 0.747395 0.496585 0.01822999999999997 0.05957000000000001
10 0.746745 0.53418 0.02472999999999992 0.015619999999999967
10 0.7486999999999999 0.453125 0.026039999999999952 0.025390000000000024
3 0.364585 0.9692350000000001 0.04427000000000003 0.053710000000000035
3 0.502605 0.98047 0.04167000000000004 0.03320000000000001
2 0.6510400000000001 0.984865 0.039059999999999984 0.026370000000000005
2 0.229165 0.9834 0.04167000000000001 0.02734000000000003
11 0.2819 0.976075 0.024739999999999984 0.026370000000000005
11 0.465495 0.9731449999999999 0.01693 0.024409999999999932
11 0.17643 0.96191 0.04036000000000001 0.01758000000000004
10 0.16732000000000002 0.49121000000000004 0.027340000000000003 0.06250000000000006
10 0.28711 0.49219 0.027339999999999975 0.0625
10 0.16732000000000002 0.530275 0.027340000000000003 0.01562999999999992
10 0.28711 0.53125 0.027339999999999975 0.015619999999999967
10 0.16797 0.450685 0.02864 0.020510000000000028
10 0.28711 0.45166 0.029940000000000022 0.020499999999999963
10 0.58789 0.44921999999999995 0.029939999999999967 0.017579999999999985
10 0.705075 0.44921999999999995 0.02994999999999992 0.017579999999999985
10 0.58724 0.494625 0.02864 0.07129000000000002
10 0.70768 0.49121000000000004 0.024739999999999984 0.06640000000000007
10 0.58659 0.535155 0.03515999999999997 0.009769999999999945
8 0.0677085 0.48779 0.114583 0.010739999999999972
