1 0.502926 0.519533 0.9777480000000001 0.9570339999999999
2 0.10246 0.26074 0.059719999999999995 0.09180000000000002
2 0.5005850000000001 0.260745 0.05971000000000004 0.09375
2 0.899295 0.260745 0.06089 0.09375
2 0.9034 0.44287 0.059719999999999995 0.09472000000000003
2 0.502345 0.441895 0.06089 0.09472999999999998
2 0.10363 0.443355 0.059719999999999995 0.09375
2 0.1059715 0.6313500000000001 0.057377 0.10253999999999996
2 0.504685 0.632325 0.05620999999999998 0.10058999999999996
2 0.90164 0.635255 0.05620000000000003 0.10058999999999996
2 0.731265 0.6337900000000001 0.04098999999999997 0.10155999999999998
2 0.67857 0.6337900000000001 0.040980000000000016 0.10155999999999998
2 0.327285 0.6318349999999999 0.04098999999999997 0.10157000000000005
2 0.2781 0.632325 0.040980000000000016 0.10058999999999996
2 0.275175 0.26122999999999996 0.03981000000000001 0.09471999999999997
2 0.323185 0.260745 0.03981000000000001 0.09375
2 0.67213 0.262205 0.03981999999999997 0.09473000000000001
2 0.7271650000000001 0.258785 0.03981000000000001 0.09375
2 0.724825 0.440425 0.03981000000000001 0.09375
2 0.6744749999999999 0.44287 0.03981000000000001 0.09472000000000003
2 0.32728 0.440915 0.03864000000000001 0.09863
2 0.27576 0.44287 0.03864000000000001 0.09864
3 0.50293 0.913085 0.08548 0.15039000000000002
4 0.0942615 0.364255 0.13231700000000002 0.04297000000000001
4 0.49473 0.362795 0.13232 0.04199000000000003
4 0.90105 0.364255 0.13232 0.04297000000000001
4 0.293325 0.35497999999999996 0.15573 0.08105999999999997
4 0.696135 0.353515 0.15573000000000004 0.08202999999999999
5 0.09953000000000001 0.700195 0.10070000000000001 0.035150000000000015
5 0.50117 0.70166 0.10070000000000001 0.03613999999999995
5 0.90164 0.7075199999999999 0.10070000000000001 0.03613999999999995
5 0.271075 0.70166 0.052690000000000015 0.03613999999999995
5 0.32553 0.703125 0.05152000000000001 0.037109999999999976
5 0.6738850000000001 0.705565 0.052690000000000015 0.036129999999999995
5 0.728925 0.706545 0.052690000000000015 0.036129999999999995
8 0.104801 0.131835 0.106558 0.05858999999999999
8 0.889345 0.131835 0.10655000000000003 0.05858999999999999
8 0.293325 0.12842 0.14403 0.05175999999999999
8 0.6978949999999999 0.13135 0.15456999999999999 0.05761999999999999
8 0.5005850000000001 0.129885 0.10655000000000003 0.05858999999999999
9 0.504683 0.0795905 0.969554 0.057619
9 0.5040985 0.31640500000000005 0.966043 0.023430000000000006
9 0.511709 0.52295 0.955502 0.06152000000000002
2 0.302695 0.876955 0.14403 0.21875
2 0.703165 0.877925 0.14403 0.21875
2 0.1030445 0.873535 0.110071 0.21387
2 0.906325 0.88086 0.11007 0.21484000000000003
2 0.50293 0.79053 0.08782000000000001 0.04589999999999994
8 0.099532 0.56348 0.042156 0.03320000000000001
8 0.30035 0.563965 0.09016000000000002 0.036129999999999995
8 0.50117 0.5644499999999999 0.042159999999999975 0.03320000000000001
8 0.6978949999999999 0.564945 0.08899000000000001 0.036129999999999995
8 0.90047 0.56836 0.042159999999999975 0.03320000000000001
8 0.435595 0.796385 0.030449999999999977 0.036129999999999995
8 0.5591349999999999 0.79834 0.02459 0.032220000000000026
8 0.49473 0.855955 0.17915999999999999 0.08691000000000004
11 0.399295 0.896485 0.03981000000000001 0.09375
11 0.18794 0.894535 0.0527 0.09375
