1 0.5966899999999999 0.511717 0.7983399999999999 0.974606
2 0.31282 0.18164 0.03205999999999998 0.07032
2 0.27508 0.181155 0.03515999999999997 0.07128999999999999
2 0.61686 0.18555 0.03205999999999998 0.07422000000000001
2 0.581695 0.18555 0.034129999999999994 0.07422000000000001
2 0.92606 0.18212499999999998 0.03205999999999998 0.07128999999999999
2 0.888315 0.18213000000000001 0.031030000000000002 0.07324
2 0.312305 0.34033 0.02895000000000003 0.08495999999999998
2 0.26939 0.339845 0.038260000000000016 0.08399000000000001
2 0.618925 0.34130499999999997 0.029990000000000072 0.08300999999999997
2 0.57756 0.341795 0.03620000000000001 0.08399000000000001
2 0.9255450000000001 0.34033 0.03308999999999995 0.08495999999999998
2 0.88418 0.339845 0.03515999999999997 0.08399000000000001
2 0.45553 0.17969000000000002 0.04859999999999998 0.08593999999999999
2 0.7424999999999999 0.17969000000000002 0.04964000000000002 0.08593999999999999
2 0.453465 0.341795 0.05066999999999999 0.08399000000000001
2 0.741985 0.343265 0.05066999999999999 0.08301000000000003
2 0.7414700000000001 0.49756 0.04964000000000002 0.09471999999999997
2 0.45398 0.49853500000000006 0.04964000000000002 0.09473000000000004
2 0.4545 0.66357 0.04859999999999998 0.08495999999999992
2 0.55274 0.66357 0.04859999999999998 0.08495999999999992
2 0.64478 0.662595 0.04859999999999998 0.08300999999999992
2 0.74302 0.6626000000000001 0.04859999999999998 0.08496000000000004
2 0.7414700000000001 0.823245 0.04964000000000002 0.08789000000000002
2 0.548605 0.822755 0.04861000000000004 0.08691000000000004
2 0.450875 0.822755 0.04757 0.08691000000000004
2 0.2849 0.8212900000000001 0.06308000000000002 0.08984000000000003
2 0.90176 0.8208 0.06411999999999995 0.09082000000000001
2 0.543435 0.95898 0.04447000000000001 0.0625
2 0.44726 0.95947 0.04446 0.06347999999999998
2 0.73837 0.95898 0.045499999999999985 0.0625
2 0.27973499999999996 0.9570350000000001 0.06514999999999999 0.07030999999999998
2 0.122025 0.124024 0.041370000000000004 0.082032
2 0.06515 0.124024 0.043434 0.082032
2 0.120478 0.282225 0.042404 0.08789000000000002
2 0.066184 0.282715 0.039296000000000005 0.08691000000000002
2 0.12099499999999999 0.44140999999999997 0.041370000000000004 0.08593999999999996
2 0.0713545 0.44140999999999997 0.03722899999999999 0.08593999999999996
2 0.12358 0.606935 0.036199999999999996 0.08887
2 0.608585 0.46582 0.034129999999999994 0.02734000000000003
2 0.56877 0.46582 0.03516000000000008 0.02734000000000003
2 0.6085849999999999 0.510255 0.036190000000000055 0.05370999999999998
2 0.568255 0.51123 0.034129999999999994 0.05565999999999999
2 0.308685 0.47363 0.034129999999999994 0.02734000000000003
2 0.26939 0.473145 0.03620000000000001 0.026370000000000005
2 0.26939 0.5166 0.03620000000000001 0.05077999999999999
2 0.30972 0.516115 0.03205999999999998 0.049809999999999965
2 0.884695 0.47217 0.036189999999999944 0.028320000000000012
2 0.92399 0.472655 0.03620000000000001 0.027349999999999985
2 0.884695 0.515625 0.034129999999999994 0.050789999999999946
2 0.924505 0.51611 0.033090000000000064 0.05175999999999997
3 0.6421950000000001 0.924315 0.06205000000000005 0.09863
3 0.9043399999999999 0.96289 0.09204000000000001 0.07225999999999999
4 0.08583444999999999 0.217285 0.1571911 0.05567
4 0.28128 0.28759500000000005 0.13030000000000003 0.047850000000000004
4 0.44881499999999996 0.28955 0.10754999999999998 0.043940000000000035
4 0.59152 0.29052500000000003 0.12615999999999994 0.04199000000000003
4 0.7378450000000001 0.28955 0.10031000000000001 0.04199999999999998
4 0.44674 0.438965 0.10547999999999996 0.034170000000000034
4 0.7394000000000001 0.438475 0.09927999999999992 0.035150000000000015
4 0.9022749999999999 0.43066499999999996 0.13340999999999992 0.06641000000000002
4 0.28128 0.43262 0.1365 0.06835999999999998
4 0.1044465 0.356445 0.132367 0.05273
4 0.59152 0.412105 0.15512000000000004 0.09960999999999998
4 0.90279 0.28808500000000004 0.12616000000000005 0.04492999999999997
5 0.286455 0.387205 0.11375000000000002 0.014649999999999996
5 0.451395 0.38916 0.08997 0.020499999999999963
5 0.594625 0.38916 0.11375000000000002 0.01856000000000002
5 0.740435 0.390625 0.08687 0.02149000000000001
5 0.9012450000000001 0.38525 0.11065000000000003 0.010740000000000027
5 0.9033100000000001 0.55664 0.11892000000000003 0.03515999999999997
5 0.585315 0.573245 0.14065000000000005 0.08203000000000005
5 0.281795 0.555665 0.12513 0.03320999999999996
6 0.27456 0.7324200000000001 0.14374 0.07422000000000006
6 0.90021 0.733885 0.12719999999999998 0.07129000000000008
8 0.44933 0.76416 0.02171999999999996 0.030279999999999974
8 0.54757 0.76416 0.02171999999999996 0.030279999999999974
8 0.64116 0.76416 0.01654 0.030279999999999974
8 0.7399199999999999 0.762695 0.01758000000000004 0.03125
2 0.64168 0.811035 0.05274000000000001 0.06347000000000003
8 0.63495 0.856935 0.15511999999999992 0.03027000000000002
5 0.0987595 0.500975 0.12306099999999999 0.03514999999999996
8 0.28903999999999996 0.13183499999999998 0.10237999999999997 0.05468999999999999
8 0.28852 0.093264 0.18200000000000002 0.026372000000000007
8 0.59876 0.140625 0.07032000000000005 0.04493000000000001
8 0.905895 0.13379 0.10135000000000005 0.052739999999999995
8 0.8976200000000001 0.0942405 0.16546000000000005 0.024418999999999996
8 0.17115 0.12207100000000001 0.038260000000000016 0.091798
8 0.01964855 0.12158250000000001 0.037228899999999995 0.09277500000000001
8 0.453465 0.558595 0.15200999999999998 0.027349999999999985
8 0.7311300000000001 0.559085 0.16546000000000005 0.026369999999999894
9 0.596175 0.086914 0.79525 0.07617199999999999
9 0.596695 0.24023 0.7942100000000001 0.05078000000000002
9 0.599275 0.583985 0.79111 0.03320999999999996
9 0.59566 0.74512 0.7921400000000001 0.021479999999999944
9 0.596175 0.888675 0.78697 0.04882999999999993
10 0.294725 0.192875 0.006209999999999993 0.047850000000000004
10 0.33299 0.19238 0.010340000000000016 0.05077999999999999
10 0.24819 0.19141 0.00828000000000001 0.05077999999999999
10 0.5997950000000001 0.19727 0.006209999999999938 0.05077999999999999
10 0.90693 0.19286999999999999 0.006199999999999983 0.04979999999999998
10 0.9074450000000001 0.342285 0.00931000000000004 0.061529999999999974
10 0.59979 0.34131 0.010340000000000016 0.06347999999999998
10 0.29317499999999996 0.34082 0.015509999999999968 0.06446000000000002
10 0.0941035 0.43994 0.014473 0.06738
10 0.6851050000000001 0.928225 0.015510000000000024 0.08691000000000004
10 0.591 0.9292 0.01758000000000004 0.08886000000000005
10 0.60031 0.37793 0.015519999999999978 0.009759999999999991
10 0.29213999999999996 0.37744500000000003 0.021720000000000017 0.00879000000000002
10 0.093587 0.478515 0.019645999999999997 0.009770000000000001
10 0.9064099999999999 0.37793 0.013440000000000007 0.009759999999999991
10 0.86246 0.19189499999999998 0.010340000000000016 0.05174999999999999
10 0.9462250000000001 0.19189499999999998 0.01034999999999997 0.05174999999999999
10 0.58945 0.9765649999999999 0.028959999999999986 0.007809999999999984
10 0.684075 0.976075 0.02584999999999993 0.008789999999999965
10 0.58997 0.87842 0.025859999999999994 0.012699999999999934
10 0.6845950000000001 0.87842 0.022749999999999937 0.012699999999999934
10 0.094104 0.40185499999999996 0.018612000000000004 0.00879000000000002
10 0.29369 0.30322 0.01861999999999997 0.010739999999999972
10 0.599275 0.304685 0.013449999999999962 0.009770000000000001
10 0.906415 0.305175 0.015510000000000024 0.012690000000000035
10 0.946225 0.1626 0.012410000000000032 0.006840000000000013
10 0.905895 0.16504000000000002 0.00827 0.005860000000000004
10 0.8629800000000001 0.163575 0.013440000000000007 0.0048900000000000055
10 0.59979 0.16846 0.010340000000000016 0.006840000000000013
10 0.33299 0.16308499999999998 0.014479999999999993 0.007810000000000011
10 0.294725 0.16553 0.00827 0.006839999999999985
10 0.24767499999999998 0.1626 0.015509999999999996 0.006840000000000013
2 0.287485 0.656735 0.07859000000000002 0.08887
2 0.902795 0.655765 0.07858999999999994 0.08887
