1 0.4984686 0.5019531 0.9877627999999999 0.9960938
4 0.298164 0.36816499999999996 0.525992 0.20117000000000002
4 0.85474 0.346195 0.21099999999999997 0.09863
3 0.30046 0.8706050000000001 0.3318 0.25683
2 0.85474 0.7973600000000001 0.1620799999999999 0.15918
2 0.852445 0.48926 0.1574899999999999 0.16015999999999997
2 0.45566 0.49121499999999996 0.15902000000000005 0.16210999999999992
2 0.158256 0.489745 0.160548 0.16113
2 0.8562700000000001 0.186525 0.15596 0.12304999999999999
2 0.45794999999999997 0.1875 0.15749999999999997 0.12695999999999996
2 0.163609 0.186035 0.159022 0.12402999999999999
5 0.155963 0.27538999999999997 0.235474 0.06639999999999999
5 0.458715 0.280275 0.22934999999999994 0.06640999999999997
5 0.85321 0.27002 0.22629999999999995 0.047859999999999986
5 0.85474 0.60498 0.22630000000000006 0.07713999999999999
5 0.853975 0.897465 0.22782999999999998 0.042970000000000064
5 0.45106999999999997 0.5981449999999999 0.22018 0.05567
5 0.1498475 0.5981449999999999 0.22018500000000002 0.05567
8 0.292815 0.62012 0.15137 0.18164000000000002
11 0.6918949999999999 0.828615 0.08714999999999995 0.09277000000000002
9 0.5007655 0.05419795 0.970949 0.09472409999999999
9 0.4992355 0.660155 0.970949 0.019529999999999936
8 0.155195 0.09424 0.09633000000000001 0.057620000000000005
8 0.451835 0.095213 0.09633000000000003 0.057614
8 0.857795 0.6821250000000001 0.10702999999999996 0.05957000000000001
10 0.53364 0.870115 0.051979999999999915 0.19530999999999998
10 0.0550455 0.87451 0.033638999999999995 0.20019999999999993
10 0.529815 0.983885 0.06881000000000004 0.03027000000000002
10 0.0496945 0.986815 0.065749 0.024410000000000043
10 0.53517 0.7299800000000001 0.05503999999999998 0.08300000000000007
10 0.0527525 0.733885 0.056575 0.08105000000000007
8 0.53364 0.60205 0.07645999999999997 0.06152000000000002
8 0.05045865 0.59863 0.08256870000000001 0.0625
