1 0.4780425 0.48877155 0.865995 0.9736368999999999
2 0.13007000000000002 0.28955 0.03716 0.09472
2 0.18525000000000003 0.28857499999999997 0.03716 0.09276999999999999
2 0.385135 0.28418 0.10360999999999998 0.09179999999999999
2 0.585025 0.283205 0.10922999999999994 0.09374999999999997
2 0.13063 0.47314500000000004 0.03827999999999998 0.10059000000000001
2 0.184685 0.47314500000000004 0.03602999999999998 0.10059000000000001
2 0.77252 0.47265500000000005 0.04054000000000002 0.10351000000000005
2 0.82714 0.47314500000000004 0.03716000000000008 0.10059000000000001
2 0.5822050000000001 0.47021500000000005 0.10811000000000004 0.10059000000000001
2 0.38570000000000004 0.47314500000000004 0.10698000000000002 0.10059000000000001
2 0.77196 0.28662 0.03715999999999997 0.09277999999999997
2 0.8288249999999999 0.285645 0.038290000000000046 0.09276999999999999
2 0.18581 0.658205 0.036040000000000016 0.09765000000000001
2 0.12894 0.657715 0.03716000000000001 0.09666999999999992
2 0.351355 0.661625 0.03828999999999999 0.10448999999999997
2 0.41666499999999995 0.6616200000000001 0.03828999999999999 0.10643999999999998
2 0.54955 0.659665 0.04279999999999995 0.10449000000000008
2 0.6131800000000001 0.658695 0.04392000000000007 0.10448999999999997
2 0.80349 0.657715 0.09798000000000007 0.10059000000000007
2 0.57376 0.859865 0.10924 0.11034999999999995
2 0.797295 0.8588899999999999 0.10135000000000005 0.10839999999999994
2 0.48649 0.09326400000000001 0.13288000000000005 0.07715200000000001
4 0.15991149999999998 0.39697499999999997 0.12387699999999999 0.032230000000000036
5 0.160475 0.35790999999999995 0.12049 0.045899999999999996
5 0.386825 0.34814 0.13850999999999997 0.040039999999999965
5 0.58559 0.34863500000000003 0.1396400000000001 0.03711000000000003
5 0.1570925 0.55322 0.12499500000000001 0.06152000000000002
5 0.385135 0.552735 0.13963000000000003 0.06054999999999999
5 0.581645 0.55176 0.13175000000000003 0.0625
5 0.38682 0.72705 0.13626000000000005 0.028320000000000012
5 0.58277 0.725585 0.134 0.029290000000000038
6 0.1666655 0.749515 0.17116899999999996 0.09472999999999998
6 0.81644 0.75 0.1801799999999999 0.09376000000000007
4 0.47804 0.166015 0.45833999999999997 0.06445000000000001
5 0.802925 0.373535 0.1373899999999999 0.08301000000000003
9 0.47635350000000004 0.76709 0.858113 0.03808
10 0.93919 0.53125 0.027020000000000044 0.22852
10 0.9408799999999999 0.282225 0.025899999999999923 0.22461
8 0.97804 0.194825 0.04166000000000003 0.024409999999999987
8 0.024774499999999998 0.237795 0.029279 0.07715
10 0.93919 0.688965 0.03378000000000003 0.08887
11 0.153151 0.810545 0.132878 0.04100999999999999
11 0.15089999999999998 0.84424 0.04053999999999999 0.022459999999999924
11 0.073198 0.80322 0.036036000000000006 0.049799999999999955
11 0.243805 0.879395 0.03491 0.04198999999999997
11 0.40315 0.86426 0.20945999999999998 0.20311999999999997
11 0.5033799999999999 0.6582 0.04730000000000001 0.14257999999999993
8 0.48367000000000004 0.38378999999999996 0.05743999999999999 0.3125
4 0.58277 0.40380499999999997 0.12949999999999995 0.020509999999999973
4 0.38401 0.40380499999999997 0.13288 0.020509999999999973
5 0.8029299999999999 0.55322 0.13288 0.06152000000000002
