2 0.30989500000000003 0.24756 0.03645000000000004 0.08106000000000002
2 0.37044 0.24706999999999998 0.03515999999999997 0.08007999999999998
2 0.30924 0.421385 0.037760000000000016 0.08301000000000003
2 0.37109000000000003 0.42139000000000004 0.03645999999999999 0.08495999999999998
4 0.33724 0.35547 0.15886 0.039059999999999984
2 0.30924 0.600095 0.037760000000000016 0.08690999999999993
2 0.37044 0.600095 0.03515999999999997 0.08887
2 0.30859000000000003 0.7915000000000001 0.03645999999999999 0.08496000000000004
2 0.37109000000000003 0.791505 0.03645999999999999 0.08301000000000003
3 0.33919 0.938965 0.04818 0.08300999999999992
2 0.5358099999999999 0.93164 0.04818 0.06640000000000001
2 0.5338499999999999 0.79297 0.04948000000000008 0.08398000000000005
2 0.69596 0.79346 0.05078000000000005 0.08496000000000004
2 0.7337199999999999 0.9331050000000001 0.050779999999999936 0.06738999999999995
2 0.76823 0.793455 0.04947999999999997 0.08301000000000003
2 0.5364599999999999 0.424805 0.052080000000000015 0.08399000000000001
2 0.53581 0.60205 0.05078000000000005 0.08886000000000005
2 0.5364599999999999 0.249515 0.052080000000000015 0.07715000000000002
4 0.5364599999999999 0.359375 0.10937999999999998 0.04100999999999999
2 0.746095 0.200195 0.03385000000000005 0.08398999999999998
2 0.74544 0.390135 0.03516000000000008 0.09277000000000002
2 0.68294 0.21777000000000002 0.024739999999999984 0.09570000000000004
2 0.68164 0.40234000000000003 0.02734000000000003 0.10156000000000004
2 0.800785 0.40039 0.01822999999999997 0.09766000000000002
2 0.80013 0.215825 0.016920000000000046 0.09375
2 0.679685 0.58936 0.028650000000000064 0.0966800000000001
2 0.79948 0.58887 0.015619999999999967 0.09570000000000001
2 0.74544 0.581055 0.03516000000000008 0.09375
1 0.61914 0.49316295 0.76172 0.9726541
2 0.53776 0.080566 0.052080000000000015 0.077148
2 0.93099 0.0786145 0.052080000000000015 0.077151
2 0.92904 0.249515 0.05078000000000005 0.07715000000000002
2 0.93099 0.424805 0.052080000000000015 0.08789000000000002
2 0.37239500000000003 0.07714950000000001 0.03384999999999999 0.080081
2 0.310545 0.07714950000000001 0.035150000000000015 0.080081
2 0.10677 0.393555 0.10156 0.10350999999999999
2 0.11523249999999999 0.239255 0.087235 0.11133000000000001
2 0.11783949999999999 0.0366211 0.087241 0.0654298
2 0.13151000000000002 0.557615 0.03906000000000001 0.037109999999999976
2 0.13151000000000002 0.61523 0.03906000000000001 0.0625
2 0.747395 0.0429685 0.05989 0.054687
2 0.686195 0.059081 0.041670000000000096 0.090818
2 0.797525 0.0581055 0.027349999999999985 0.081055
4 0.93099 0.35840000000000005 0.11458000000000002 0.04102
5 0.34114500000000003 0.15527 0.17709000000000003 0.08594
5 0.535805 0.162105 0.13410999999999995 0.09375
5 0.9322900000000001 0.162105 0.13541999999999998 0.09375
5 0.927735 0.31347499999999995 0.08984999999999999 0.05273
5 0.533855 0.314455 0.09895000000000004 0.054690000000000016
5 0.33854 0.3125 0.14061999999999997 0.05274000000000001
5 0.33919 0.48241999999999996 0.14973999999999998 0.044920000000000015
5 0.532555 0.485355 0.09375 0.04296999999999995
5 0.341145 0.65674 0.12239 0.030280000000000085
5 0.5364599999999999 0.657715 0.07291999999999998 0.03223000000000009
5 0.746095 0.65039 0.04426999999999992 0.04491999999999996
5 0.679035 0.65625 0.03254999999999997 0.041020000000000056
5 0.79883 0.6567350000000001 0.024739999999999984 0.053710000000000035
5 0.746745 0.455565 0.04296999999999995 0.04198999999999997
5 0.80143 0.465335 0.02214000000000005 0.04784999999999995
5 0.68034 0.46826 0.02734000000000003 0.03808
5 0.746745 0.27197499999999997 0.07943 0.059569999999999984
5 0.68099 0.28906 0.05468000000000006 0.07812000000000002
5 0.80599 0.28613500000000003 0.03645999999999994 0.07617000000000002
4 0.7428349999999999 0.1245115 0.07943 0.057617000000000015
4 0.808595 0.1415995 0.04687000000000008 0.083981
4 0.67578 0.14745999999999998 0.052080000000000015 0.07812
6 0.117189 0.1035165 0.174482 0.083987
6 0.105467 0.27246 0.093746 0.05273999999999998
8 0.105471 0.320315 0.083338 0.03711000000000003
8 0.1139315 0.49121000000000004 0.074217 0.06836000000000003
8 0.26758 0.524415 0.024739999999999984 0.025390000000000024
8 0.33919 0.523925 0.024739999999999984 0.026370000000000005
8 0.41211 0.52295 0.02474000000000004 0.02636000000000005
8 0.48633 0.527835 0.024739999999999984 0.026369999999999894
8 0.5839799999999999 0.527835 0.024740000000000095 0.026369999999999894
8 0.677735 0.50928 0.019530000000000047 0.028320000000000012
8 0.745445 0.49805 0.019530000000000047 0.027339999999999975
8 0.883465 0.527345 0.019529999999999936 0.027349999999999985
8 0.802735 0.5087900000000001 0.019530000000000047 0.02734000000000003
8 0.277345 0.02783205 0.01822999999999997 0.0380859
8 0.34114500000000003 0.02685525 0.018230000000000024 0.0380855
8 0.401695 0.02685525 0.019529999999999992 0.0380855
8 0.496745 0.031738 0.019529999999999992 0.038086
8 0.576825 0.030762 0.01822999999999997 0.038086
8 0.972655 0.0288088 0.01823000000000008 0.0380864
8 0.895185 0.030762 0.019530000000000047 0.038086
9 0.61914 0.0214845 0.7539 0.021484999999999997
9 0.61849 0.15088000000000001 0.75 0.03613999999999998
9 0.61849 0.52197 0.7474000000000001 0.040039999999999965
9 0.613935 0.5966800000000001 0.7460899999999999 0.029299999999999993
9 0.62044 0.8501000000000001 0.7513000000000001 0.040039999999999965
11 0.733725 0.881345 0.20443 0.020509999999999917
8 0.18814999999999998 0.771 0.05078000000000002 0.07323999999999997
