2 0.27669 0.35791 0.02734000000000003 0.059579999999999966
2 0.30989999999999995 0.35742 0.026040000000000008 0.058599999999999985
2 0.27409 0.48046999999999995 0.02734000000000003 0.062499999999999944
2 0.309245 0.47997999999999996 0.027349999999999985 0.06347999999999993
4 0.291015 0.438475 0.09244999999999998 0.01366999999999996
2 0.42383000000000004 0.354985 0.04036000000000001 0.05957000000000001
2 0.51758 0.354985 0.04036000000000001 0.05957000000000001
2 0.42447999999999997 0.47705 0.041659999999999975 0.06347999999999998
2 0.5195299999999999 0.47753999999999996 0.041659999999999975 0.06445999999999996
4 0.42318 0.43603499999999995 0.07552000000000003 0.014649999999999996
4 0.51823 0.43701 0.07551999999999998 0.016600000000000004
2 0.59961 0.47314500000000004 0.02214000000000005 0.05370999999999998
2 0.602215 0.354985 0.027350000000000096 0.05957000000000001
2 0.671875 0.339845 0.05208999999999997 0.03320999999999996
2 0.74349 0.354985 0.026040000000000063 0.05957000000000001
2 0.67057 0.450195 0.0625 0.07421
2 0.74349 0.473145 0.023440000000000016 0.05567
2 0.822265 0.354985 0.04037000000000002 0.05957000000000001
2 0.81901 0.47753999999999996 0.04166000000000003 0.06445999999999996
4 0.81901 0.436525 0.07291999999999998 0.015630000000000033
4 0.822265 0.55908 0.08462999999999998 0.03417999999999999
2 0.822265 0.617185 0.04296999999999995 0.07617000000000007
2 0.742835 0.5918 0.019530000000000047 0.07421999999999995
2 0.732425 0.731445 0.02994999999999992 0.07617000000000007
2 0.82552 0.73828 0.039059999999999984 0.06446000000000007
2 0.82487 0.87793 0.04296 0.06835999999999998
2 0.73112 0.87842 0.024739999999999984 0.06933999999999996
2 0.6113299999999999 0.87842 0.022139999999999938 0.06933999999999996
2 0.6705749999999999 0.87793 0.041669999999999985 0.06835999999999998
2 0.516925 0.87891 0.04167000000000004 0.06835999999999998
2 0.42252500000000004 0.87842 0.04297000000000001 0.06933999999999996
3 0.28776 0.9140649999999999 0.06509999999999999 0.13280999999999998
4 0.28711 0.696285 0.10808000000000001 0.019529999999999936
2 0.271485 0.74414 0.02735000000000004 0.07031999999999994
2 0.30794 0.74463 0.02734000000000003 0.06933999999999996
2 0.42317499999999997 0.740235 0.04167000000000004 0.07616999999999996
2 0.5182249999999999 0.7387699999999999 0.044269999999999976 0.06934000000000007
4 0.421225 0.69531 0.07943 0.01757999999999993
2 0.66927 0.728025 0.052080000000000015 0.08301000000000003
2 0.606775 0.731935 0.03125 0.07519000000000009
2 0.66927 0.5893550000000001 0.06510000000000005 0.08104999999999996
2 0.597655 0.59131 0.01823000000000008 0.07519999999999993
2 0.51823 0.617185 0.041659999999999975 0.07617000000000007
4 0.5175799999999999 0.560055 0.08463999999999994 0.036129999999999995
4 0.421875 0.5595699999999999 0.08855000000000002 0.03710000000000002
2 0.42383000000000004 0.611815 0.04036000000000001 0.0654300000000001
4 0.28776 0.561035 0.10156000000000001 0.03416999999999992
2 0.290365 0.61328 0.04687000000000002 0.06640000000000001
1 0.5943999999999999 0.56641 0.7669199999999999 0.83594
2 0.91797 0.354985 0.04165999999999992 0.05957000000000001
2 0.9205749999999999 0.47753999999999996 0.041669999999999985 0.06445999999999996
2 0.12565 0.37255499999999997 0.048180000000000014 0.059569999999999956
2 0.123695 0.49072000000000005 0.04426999999999999 0.061520000000000075
2 0.12434499999999998 0.61963 0.042969999999999994 0.07519999999999993
2 0.671225 0.223635 0.03254999999999997 0.048829999999999985
4 0.9199200000000001 0.43554499999999996 0.07422000000000006 0.015629999999999977
4 0.919925 0.55713 0.08203000000000005 0.03614000000000006
4 0.1230445 0.449705 0.08463100000000001 0.032230000000000036
4 0.11783949999999999 0.575195 0.087241 0.029290000000000038
5 0.288415 0.517575 0.09245 0.019530000000000047
5 0.42317499999999997 0.5161100000000001 0.07031000000000004 0.01660000000000006
5 0.51823 0.51465 0.07032000000000005 0.015620000000000078
5 0.8203149999999999 0.5166 0.07030999999999998 0.015620000000000078
5 0.9166650000000001 0.5166 0.07030999999999998 0.015620000000000078
5 0.42057500000000003 0.656735 0.07812999999999998 0.026370000000000005
5 0.28385499999999997 0.65771 0.10157 0.03417999999999999
6 0.27083500000000005 0.791505 0.03384999999999999 0.024410000000000043
6 0.30729 0.791505 0.03386 0.024410000000000043
6 0.42122000000000004 0.791015 0.06380000000000002 0.025390000000000024
6 0.50651 0.785155 0.09114 0.027349999999999985
6 0.83203 0.78467 0.09114 0.028320000000000012
6 0.671225 0.50684 0.19140999999999997 0.044920000000000015
6 0.671225 0.36621000000000004 0.10287000000000002 0.027339999999999975
6 0.51888 0.643065 0.11067999999999995 0.026370000000000005
6 0.8229150000000001 0.641605 0.10416999999999998 0.025390000000000024
8 0.45508000000000004 0.297365 0.011720000000000008 0.026370000000000005
8 0.48633000000000004 0.296875 0.011720000000000008 0.025390000000000024
8 0.5175799999999999 0.297365 0.011720000000000064 0.026370000000000005
8 0.54948 0.29540999999999995 0.010419999999999985 0.026359999999999995
8 0.5800799999999999 0.297365 0.011720000000000064 0.026370000000000005
8 0.6100300000000001 0.297365 0.011720000000000064 0.026370000000000005
8 0.640625 0.296875 0.01041000000000003 0.025390000000000024
8 0.42383000000000004 0.297365 0.011720000000000008 0.026370000000000005
8 0.39127999999999996 0.297365 0.011720000000000008 0.026370000000000005
8 0.364585 0.29540999999999995 0.01041000000000003 0.026359999999999995
8 0.35221 0.300295 0.011720000000000008 0.026370000000000005
8 0.322265 0.299315 0.011709999999999998 0.026370000000000005
8 0.290365 0.299315 0.010409999999999975 0.026370000000000005
8 0.26237 0.300295 0.011720000000000008 0.026370000000000005
8 0.23047 0.299315 0.010420000000000013 0.026370000000000005
8 0.21745 0.299315 0.010419999999999985 0.026370000000000005
8 0.6699200000000001 0.296875 0.011720000000000064 0.025390000000000024
8 0.70182 0.297365 0.010420000000000096 0.026370000000000005
8 0.7324200000000001 0.296875 0.011720000000000064 0.025390000000000024
8 0.76302 0.297855 0.010419999999999985 0.025389999999999968
8 0.79232 0.295895 0.011719999999999953 0.025389999999999968
8 0.82357 0.296875 0.011719999999999953 0.025390000000000024
8 0.85482 0.296875 0.011719999999999953 0.025390000000000024
8 0.88672 0.296385 0.010419999999999985 0.026370000000000005
8 0.9199200000000001 0.296385 0.011720000000000064 0.026370000000000005
8 0.9524699999999999 0.297855 0.011720000000000064 0.025389999999999968
8 0.736325 0.23584 0.019530000000000047 0.014639999999999986
8 0.608725 0.237305 0.019529999999999936 0.015630000000000005
8 0.6699200000000001 0.643065 0.06120000000000003 0.014650000000000052
8 0.602215 0.64209 0.03254999999999997 0.014640000000000097
8 0.736325 0.641115 0.03255000000000008 0.014650000000000052
8 0.73177 0.6875 0.039059999999999984 0.011719999999999953
8 0.60547 0.6875 0.039059999999999984 0.011719999999999953
8 0.28646 0.826175 0.08593999999999999 0.025390000000000024
8 0.42318 0.823245 0.052080000000000015 0.013670000000000071
8 0.51432 0.8237300000000001 0.05207999999999996 0.012700000000000045
8 0.66927 0.822265 0.052080000000000015 0.01366999999999996
8 0.828125 0.822265 0.05208999999999997 0.01366999999999996
8 0.608725 0.8237300000000001 0.03254999999999997 0.012700000000000045
8 0.732425 0.823245 0.03255000000000008 0.013670000000000071
8 0.5644549999999999 0.82324 0.01693 0.011719999999999953
8 0.7760400000000001 0.82324 0.015620000000000078 0.011719999999999953
9 0.5944 0.28955 0.76172 0.08106
4 0.671875 0.173825 0.07291000000000003 0.019529999999999992
9 0.597005 0.41846 0.75651 0.03417999999999999
9 0.597655 0.673825 0.75781 0.019530000000000047
9 0.59375 0.8056650000000001 0.7525999999999999 0.07226999999999995
9 0.59375 0.927245 0.7578199999999999 0.03808999999999996
10 0.47135 0.7280249999999999 0.013020000000000032 0.07714999999999994
10 0.54427 0.728515 0.013020000000000032 0.07616999999999996
10 0.57943 0.726075 0.013020000000000032 0.07715000000000005
10 0.63281 0.726075 0.013020000000000032 0.07715000000000005
10 0.70638 0.727535 0.011719999999999953 0.07616999999999996
10 0.75781 0.726565 0.013020000000000032 0.07617000000000007
10 0.79427 0.7280249999999999 0.013020000000000032 0.07714999999999994
10 0.86719 0.7280249999999999 0.013020000000000032 0.07714999999999994
10 0.891275 0.611815 0.009110000000000062 0.05567
10 0.85091 0.6123000000000001 0.009119999999999906 0.05663999999999991
10 0.79362 0.60791 0.009120000000000017 0.0478599999999999
10 0.761065 0.60449 0.006510000000000016 0.04688000000000003
10 0.7265649999999999 0.596195 0.007809999999999984 0.05957000000000001
10 0.71419 0.5942350000000001 0.011719999999999953 0.05957000000000001
10 0.62565 0.594725 0.009120000000000017 0.05859000000000003
10 0.61198 0.597165 0.010419999999999985 0.05957000000000001
10 0.5794250000000001 0.60498 0.005210000000000048 0.047860000000000014
10 0.546225 0.60791 0.009110000000000062 0.0478599999999999
10 0.489585 0.608885 0.007809999999999984 0.04980999999999991
10 0.39388 0.61279 0.009120000000000017 0.05565999999999993
10 0.45117 0.6123050000000001 0.009120000000000017 0.054690000000000016
10 0.31966 0.6137699999999999 0.009120000000000017 0.05565999999999993
10 0.25781 0.6137699999999999 0.010419999999999985 0.05565999999999993
10 0.447915 0.749025 0.007809999999999984 0.04883000000000004
10 0.397785 0.75 0.006510000000000016 0.048820000000000086
10 0.32747499999999996 0.7504850000000001 0.009110000000000007 0.04785000000000006
10 0.289715 0.7504850000000001 0.009109999999999951 0.04785000000000006
10 0.24870000000000003 0.7504850000000001 0.010420000000000013 0.04785000000000006
10 0.37890500000000005 0.365235 0.03384999999999999 0.08007000000000003
10 0.563805 0.365235 0.033849999999999936 0.08007000000000003
10 0.47135499999999997 0.364745 0.039069999999999994 0.08105000000000001
10 0.632165 0.34082 0.019530000000000047 0.03320000000000001
10 0.7109350000000001 0.34131 0.020830000000000015 0.03417999999999999
10 0.7792950000000001 0.364745 0.029950000000000032 0.08105000000000001
10 0.86914 0.364745 0.04035999999999995 0.08105000000000001
10 0.962235 0.36426000000000003 0.03125 0.08007999999999998
10 0.7793 0.320315 0.037760000000000016 0.007809999999999984
10 0.8697900000000001 0.320315 0.04948000000000008 0.007809999999999984
10 0.960285 0.320315 0.035149999999999904 0.007809999999999984
10 0.71159 0.320315 0.02734000000000003 0.007809999999999984
10 0.63151 0.31933500000000004 0.023440000000000016 0.007810000000000039
10 0.5625 0.320805 0.039060000000000095 0.008789999999999965
10 0.470705 0.319825 0.04557 0.00879000000000002
10 0.37890999999999997 0.320805 0.03906000000000004 0.008789999999999965
10 0.25651 0.58057 0.015619999999999995 0.010739999999999972
10 0.32031 0.581055 0.013019999999999976 0.009770000000000056
10 0.39453 0.57959 0.013020000000000032 0.010740000000000083
10 0.45117 0.57959 0.01432 0.010740000000000083
10 0.546875 0.57959 0.013030000000000097 0.010740000000000083
10 0.48958 0.5791 0.013019999999999976 0.009760000000000102
10 0.6263 0.56006 0.013020000000000032 0.010739999999999972
10 0.61198 0.56201 0.013020000000000032 0.010739999999999972
10 0.578775 0.57568 0.014330000000000065 0.010739999999999972
10 0.7141900000000001 0.55957 0.01432 0.009759999999999991
10 0.727865 0.561525 0.013029999999999986 0.009769999999999945
10 0.76302 0.575195 0.013020000000000032 0.009770000000000056
10 0.79297 0.5791 0.01301999999999992 0.009760000000000102
10 0.852215 0.5791 0.014330000000000065 0.009760000000000102
10 0.89193 0.5786100000000001 0.013020000000000032 0.010740000000000083
10 0.25 0.72363 0.013020000000000004 0.005859999999999976
10 0.290365 0.72461 0.013029999999999986 0.005859999999999976
10 0.32682 0.72363 0.013020000000000032 0.005859999999999976
10 0.39779 0.72168 0.011720000000000008 0.005859999999999976
10 0.44792 0.72168 0.013019999999999976 0.005859999999999976
10 0.472005 0.68652 0.019529999999999992 0.005859999999999976
10 0.544925 0.68701 0.019530000000000047 0.006839999999999957
10 0.580075 0.68506 0.019530000000000047 0.006839999999999957
10 0.632815 0.68506 0.01822999999999997 0.006839999999999957
10 0.7057249999999999 0.68506 0.01823000000000008 0.006839999999999957
10 0.757815 0.68457 0.01822999999999997 0.005859999999999976
10 0.7942750000000001 0.686035 0.01823000000000008 0.006830000000000003
10 0.867835 0.686035 0.019530000000000047 0.006830000000000003
10 0.6263 0.626465 0.015619999999999967 0.00488999999999995
10 0.7135400000000001 0.62695 0.015620000000000078 0.005859999999999976
10 0.45052000000000003 0.643065 0.013019999999999976 0.004890000000000061
10 0.39322999999999997 0.643065 0.013019999999999976 0.004890000000000061
10 0.25781 0.64404 0.013019999999999976 0.0048800000000001065
10 0.31966 0.64404 0.011719999999999953 0.0048800000000001065
10 0.890625 0.64209 0.013030000000000097 0.0048799999999999955
10 0.32682 0.7768550000000001 0.013020000000000032 0.00488999999999995
10 0.290365 0.7768550000000001 0.013029999999999986 0.00488999999999995
10 0.24869999999999998 0.7768550000000001 0.013020000000000004 0.00488999999999995
10 0.39648 0.77637 0.011719999999999953 0.005859999999999976
10 0.447265 0.77588 0.011709999999999998 0.0048799999999999955
10 0.47070500000000004 0.76904 0.019529999999999992 0.0048800000000001065
10 0.54362 0.76904 0.019540000000000002 0.0048800000000001065
10 0.579425 0.76709 0.01822999999999997 0.006840000000000068
10 0.632815 0.76709 0.01822999999999997 0.0048799999999999955
10 0.707035 0.76758 0.01822999999999997 0.005859999999999976
10 0.759115 0.76709 0.01822999999999997 0.0048799999999999955
10 0.86784 0.7685500000000001 0.016919999999999935 0.005860000000000087
10 0.7942750000000001 0.7685500000000001 0.01823000000000008 0.005860000000000087
