1 0.49845399999999995 0.49804828 0.916412 0.99414344
2 0.38132 0.84326 0.06087999999999999 0.11816000000000004
2 0.295665 0.84375 0.06089 0.11718000000000006
2 0.78586 0.55908 0.058820000000000094 0.12402000000000002
2 0.7043349999999999 0.55957 0.06294999999999995 0.12304000000000004
2 0.37668 0.55957 0.061919999999999975 0.12304000000000004
2 0.29515 0.55908 0.06397999999999998 0.12402000000000002
2 0.794115 0.382815 0.06295000000000006 0.04687000000000002
2 0.713625 0.38477 0.06089 0.05078000000000005
2 0.384415 0.38378999999999996 0.06089 0.04882000000000003
2 0.29567 0.382325 0.06708000000000003 0.04589000000000004
2 0.798245 0.20751999999999998 0.06501000000000001 0.06348000000000001
2 0.70743 0.20703 0.06913999999999998 0.06639999999999999
2 0.38493 0.20849499999999999 0.06398000000000004 0.06543000000000002
2 0.294635 0.208005 0.06501000000000001 0.06445000000000001
4 0.34313499999999997 0.76416 0.19917 0.032220000000000026
2 0.501035 0.01757805 0.03198999999999996 0.031249900000000004
4 0.754385 0.47558500000000004 0.20226999999999995 0.03321000000000002
4 0.33952499999999997 0.47558500000000004 0.20227 0.03321000000000002
3 0.73736 0.90283 0.08977999999999997 0.13573999999999997
8 0.147577 0.20849499999999999 0.19814600000000002 0.026369999999999977
8 0.145513 0.131838 0.202274 0.119144
8 0.55263 0.133301 0.22187999999999997 0.120118
8 0.34313499999999997 0.1162095 0.18885000000000002 0.08984099999999999
8 0.55005 0.20703 0.23116000000000003 0.02343999999999999
8 0.7569650000000001 0.115236 0.18267 0.089848
8 0.9040250000000001 0.130858 0.10733000000000004 0.123044
8 0.900925 0.20752 0.10938999999999999 0.026359999999999995
9 0.501032 0.05078150000000001 0.905056 0.025391000000000004
8 0.0572755 0.022461099999999998 0.025799000000000002 0.0371098
8 0.23271 0.02148435 0.02579999999999999 0.0371093
8 0.41330999999999996 0.02148435 0.02579999999999999 0.0371093
8 0.5928800000000001 0.02050755 0.025799999999999934 0.0371089
8 0.77348 0.02050755 0.025799999999999934 0.0371089
8 0.946335 0.01953105 0.016510000000000025 0.035155900000000004
8 0.86326 0.01953105 0.14964 0.035155900000000004
8 0.68318 0.02050785 0.14860000000000007 0.0351563
8 0.321465 0.02001935 0.14963 0.0341793
8 0.1455085 0.0214841 0.14860299999999999 0.0351558
8 0.55057 0.0214844 0.044380000000000086 0.0332032
8 0.453045 0.0209961 0.04335 0.0341798
8 0.73891 0.790035 0.13415999999999995 0.08202999999999994
