1 0.5023475 0.49853749999999997 0.931925 0.959965
2 0.1179565 0.22998 0.05046700000000001 0.07519999999999999
2 0.24882500000000002 0.22998 0.04225000000000001 0.07519999999999999
2 0.31338 0.229495 0.04459999999999997 0.07616999999999999
2 0.463615 0.22998 0.04461000000000004 0.07519999999999999
2 0.52582 0.22851500000000002 0.044600000000000084 0.07421000000000003
2 0.6561049999999999 0.22900500000000001 0.049289999999999945 0.07519
2 0.8503499999999999 0.223635 0.05281999999999998 0.07617000000000002
2 0.1167865 0.375 0.048127 0.07421999999999995
2 0.654345 0.373535 0.050470000000000015 0.07518999999999998
2 0.849175 0.36865000000000003 0.050470000000000015 0.07519999999999999
2 0.1173715 0.521975 0.04929700000000001 0.08105000000000001
2 0.224765 0.520995 0.05046999999999999 0.08105000000000001
2 0.33216 0.520995 0.04930000000000001 0.08105000000000001
2 0.43896999999999997 0.520995 0.049299999999999955 0.08105000000000001
2 0.5446 0.522465 0.04930000000000001 0.08202999999999999
2 0.6525799999999999 0.521975 0.04930000000000001 0.08300999999999997
2 0.857395 0.514645 0.050470000000000015 0.08203000000000005
2 0.1156095 0.672855 0.04812099999999998 0.08203000000000005
2 0.223005 0.67285 0.04929 0.08398000000000005
2 0.33216 0.67285 0.04930000000000001 0.08398000000000005
2 0.43896999999999997 0.6738299999999999 0.049299999999999955 0.08398000000000005
2 0.5446 0.672365 0.05164000000000002 0.08301000000000003
2 0.65141 0.672855 0.05164000000000002 0.08203000000000005
2 0.829225 0.669925 0.04577000000000009 0.08203000000000005
2 0.8885000000000001 0.669925 0.044600000000000084 0.08203000000000005
2 0.1167865 0.8261700000000001 0.048127 0.07422000000000006
2 0.221245 0.82666 0.048130000000000006 0.07520000000000004
2 0.3304 0.827145 0.048119999999999996 0.07617000000000007
2 0.54108 0.82666 0.04693999999999998 0.07520000000000004
2 0.65141 0.82666 0.04930000000000001 0.07520000000000004
2 0.84331 0.825195 0.05045999999999995 0.07617000000000007
2 0.27817000000000003 0.37451 0.07746000000000003 0.07519999999999999
2 0.492375 0.374025 0.07628999999999997 0.07616999999999996
3 0.43838 0.890625 0.06690000000000002 0.16015000000000001
3 0.329225 0.93848 0.05517 0.07421999999999995
4 0.28286500000000003 0.31836 0.14318999999999998 0.035160000000000025
4 0.49648000000000003 0.315915 0.15258 0.036129999999999995
4 0.85446 0.3125 0.1314599999999999 0.03515999999999997
4 0.117371 0.30859499999999995 0.11971799999999999 0.048829999999999985
4 0.659625 0.30615000000000003 0.13145000000000007 0.04980000000000001
5 0.1191295 0.42627 0.09976099999999999 0.03417999999999999
5 0.28228 0.42676000000000003 0.13028 0.03319999999999995
5 0.495895 0.427735 0.13262999999999997 0.039069999999999994
5 0.660795 0.42676000000000003 0.10328999999999999 0.03906000000000004
5 0.8591549999999999 0.41503999999999996 0.10563 0.02148
5 0.85622 0.74414 0.18662 0.07618000000000003
8 0.11853999999999999 0.7700199999999999 0.01877999999999999 0.032220000000000026
8 0.223005 0.7700199999999999 0.01877000000000001 0.032220000000000026
8 0.33216 0.76953 0.01878000000000002 0.03320000000000001
8 0.5440149999999999 0.769045 0.019950000000000023 0.036129999999999995
8 0.65434 0.76953 0.022299999999999986 0.03515999999999997
8 0.84683 0.7700199999999999 0.01759999999999995 0.030279999999999974
8 0.0657275 0.48926 0.042253 0.029299999999999993
8 0.17136 0.48975 0.0446 0.028319999999999956
8 0.2811 0.48828499999999997 0.048119999999999996 0.031249999999999944
8 0.38732500000000003 0.48926 0.042249999999999954 0.029299999999999993
8 0.49354 0.48828499999999997 0.041080000000000005 0.031249999999999944
8 0.6003499999999999 0.489255 0.04578000000000004 0.03125
8 0.703055 0.48975 0.035209999999999964 0.028319999999999956
8 0.7523500000000001 0.484865 0.05164000000000002 0.03222999999999998
8 0.94953 0.48584 0.03522000000000003 0.032220000000000026
8 0.8978900000000001 0.48290999999999995 0.025820000000000065 0.026359999999999995
8 0.81749 0.4834 0.027000000000000024 0.02734000000000003
8 0.86268 0.627445 0.04459999999999997 0.01464999999999994
9 0.8609150000000001 0.61084 0.14671 0.010740000000000083
8 0.441905 0.8032250000000001 0.13263000000000003 0.07714999999999994
8 0.116785 0.17676 0.02699 0.017579999999999985
8 0.28051499999999996 0.17627 0.03287000000000001 0.016600000000000004
8 0.495895 0.17724499999999999 0.031689999999999996 0.018549999999999983
8 0.6561049999999999 0.17578 0.032870000000000066 0.017580000000000012
8 0.849765 0.169925 0.035209999999999964 0.019529999999999992
8 0.849175 0.091309 0.09506999999999999 0.010742000000000002
8 0.848005 0.0488285 0.09037000000000006 0.033203
9 0.5070415 0.1450185 0.910797 0.106443
9 0.5046935 0.268555 0.922533 0.017569999999999975
9 0.5046975 0.32177999999999995 0.917845 0.02245999999999998
9 0.5035235 0.43799 0.920193 0.06738
9 0.499998 0.5834950000000001 0.920184 0.05957000000000001
9 0.501763 0.723635 0.923714 0.025390000000000024
10 0.085094 0.37549 0.015257999999999994 0.057620000000000005
10 0.15258 0.37549 0.01408000000000001 0.057620000000000005
10 0.232395 0.37549 0.014089999999999991 0.057620000000000005
10 0.330395 0.375 0.012909999999999977 0.058599999999999985
10 0.44718 0.37549 0.011740000000000028 0.057620000000000005
10 0.5434300000000001 0.37451 0.011739999999999973 0.057620000000000005
10 0.622065 0.374025 0.014089999999999936 0.05859000000000003
10 0.6907300000000001 0.37353499999999995 0.01525999999999994 0.057609999999999995
10 0.818075 0.370605 0.014089999999999936 0.05957000000000001
10 0.88615 0.36963 0.014080000000000092 0.057620000000000005
10 0.17136 0.53662 0.01408000000000001 0.04590000000000005
10 0.27934000000000003 0.53662 0.014080000000000037 0.04590000000000005
10 0.38674 0.53662 0.015259999999999996 0.04590000000000005
10 0.49296 0.535645 0.014079999999999981 0.045889999999999986
10 0.599175 0.53662 0.012909999999999977 0.04590000000000005
10 0.28052 0.22998000000000002 0.01878000000000002 0.06348000000000001
10 0.495305 0.22949000000000003 0.016429999999999945 0.06250000000000003
10 0.2811 0.26416 0.022299999999999986 0.0048799999999999955
10 0.495305 0.26367 0.021130000000000038 0.005859999999999976
10 0.152585 0.40674 0.01643 0.0048799999999999955
10 0.232395 0.40771500000000005 0.01643 0.0048900000000000055
10 0.32981499999999997 0.40723 0.01643 0.005860000000000032
10 0.44718500000000005 0.40674 0.01643 0.0048799999999999955
10 0.54401 0.40625 0.015260000000000051 0.005859999999999976
10 0.622065 0.40674 0.016429999999999945 0.006840000000000013
10 0.6919 0.40527 0.01759999999999995 0.005860000000000032
10 0.886735 0.402345 0.017610000000000015 0.007809999999999984
10 0.8186599999999999 0.40283 0.01759999999999995 0.0048799999999999955
10 0.085094 0.40771500000000005 0.017605999999999997 0.0048900000000000055
10 0.17136 0.5605450000000001 0.01877999999999999 0.0019500000000000073
10 0.27934000000000003 0.5605450000000001 0.018779999999999963 0.0019500000000000073
10 0.49237 0.560055 0.017600000000000005 0.002929999999999988
10 0.599765 0.5605450000000001 0.014089999999999936 0.0019500000000000073
10 0.2811 0.19433499999999998 0.022299999999999986 0.007810000000000011
10 0.49589500000000003 0.193845 0.019950000000000023 0.008789999999999992
10 0.084507 0.33935499999999996 0.016432000000000002 0.014649999999999996
10 0.15258 0.338375 0.01408000000000001 0.014649999999999996
10 0.232395 0.33886499999999997 0.01643 0.015629999999999977
10 0.32981499999999997 0.338375 0.01643 0.014649999999999996
10 0.44777 0.33740000000000003 0.01759999999999995 0.016600000000000004
10 0.5446 0.33838 0.01644000000000001 0.016600000000000004
10 0.622065 0.33740499999999995 0.016429999999999945 0.014649999999999996
10 0.690725 0.33789 0.017610000000000015 0.01367999999999997
10 0.818075 0.33252000000000004 0.018769999999999953 0.016600000000000004
10 0.88732 0.333495 0.01878000000000002 0.014649999999999996
10 0.599765 0.509765 0.018769999999999953 0.007809999999999984
10 0.49295500000000003 0.50879 0.01643 0.009759999999999991
10 0.386735 0.5092749999999999 0.019950000000000023 0.008789999999999965
10 0.27993 0.5092749999999999 0.017600000000000005 0.008789999999999965
10 0.170775 0.5092749999999999 0.019949999999999996 0.008789999999999965
11 0.799885 0.9174800000000001 0.06924999999999992 0.024419999999999997
11 0.17136 0.91553 0.09624 0.022460000000000035
11 0.223005 0.950195 0.04461000000000001 0.04296999999999995
2 0.11619850000000001 0.949705 0.04460300000000002 0.043949999999999934
