1 0.5014708 0.5009781 0.9950984 0.9941438
2 0.488235 0.093263 0.03724999999999995 0.041994000000000004
2 0.45294 0.095214 0.015680000000000027 0.03613200000000001
2 0.52451 0.09423899999999999 0.01763999999999999 0.034182000000000004
2 0.907845 0.11035149999999999 0.01373000000000002 0.029297000000000004
2 0.857355 0.11035149999999999 0.012750000000000039 0.029297000000000004
2 0.8828450000000001 0.10009950000000001 0.020589999999999997 0.051761000000000015
2 0.09705749999999999 0.0869135 0.019604999999999997 0.05273300000000001
2 0.12254999999999999 0.0971675 0.013719999999999996 0.032225000000000004
2 0.071078 0.096189 0.014705999999999997 0.032222
2 0.25882 0.49121000000000004 0.056859999999999994 0.10938000000000003
2 0.09705849999999999 0.49316499999999996 0.056863 0.10936999999999997
2 0.88137 0.49121000000000004 0.05686000000000002 0.10938000000000003
2 0.7166699999999999 0.49121000000000004 0.05686000000000002 0.10938000000000003
2 0.88137 0.2959 0.05686000000000002 0.10938
2 0.71618 0.29883 0.05588000000000004 0.10938
2 0.489215 0.280275 0.06079000000000001 0.10936999999999997
2 0.486765 0.47948999999999997 0.059809999999999974 0.10937999999999998
2 0.260785 0.29883 0.056869999999999976 0.10938
2 0.098039 0.29198999999999997 0.056861999999999996 0.10937999999999998
2 0.88186 0.674805 0.051960000000000006 0.09765000000000001
2 0.71422 0.674805 0.051960000000000006 0.09765000000000001
2 0.52206 0.677245 0.05195999999999995 0.09863
2 0.45245 0.674805 0.051960000000000006 0.09765000000000001
2 0.25637 0.674805 0.05195999999999998 0.09765000000000001
2 0.09558900000000001 0.67676 0.051961999999999994 0.09765999999999997
2 0.431865 0.48241999999999996 0.03430999999999995 0.10742000000000002
2 0.5416650000000001 0.48291 0.03430999999999995 0.10643999999999998
2 0.543625 0.28369 0.03430999999999995 0.10643999999999998
2 0.434315 0.28418 0.03528999999999999 0.10938
2 0.1941185 0.914555 0.350983 0.13379000000000008
5 0.257845 0.37256 0.11765 0.04393999999999998
5 0.714705 0.37353499999999995 0.11765000000000003 0.04394999999999999
5 0.880395 0.55908 0.11765000000000003 0.05176000000000003
5 0.0955875 0.55908 0.11666499999999999 0.05176000000000003
5 0.48823500000000003 0.731445 0.13529000000000002 0.017570000000000086
5 0.487255 0.5605450000000001 0.15491000000000005 0.052730000000000055
7 0.09852949999999999 0.293945 0.053921 0.10351000000000002
7 0.26029 0.29834 0.053919999999999996 0.10450000000000001
7 0.488725 0.273925 0.05785000000000007 0.08690999999999999
7 0.542645 0.27197 0.028430000000000066 0.07910000000000003
7 0.435295 0.285645 0.027449999999999974 0.10252999999999998
7 0.71569 0.299315 0.05293999999999999 0.10448999999999997
7 0.88039 0.28076500000000004 0.05293999999999999 0.07129000000000002
7 0.88088 0.469725 0.051960000000000006 0.06445000000000001
7 0.71471 0.47998 0.050979999999999914 0.08300000000000007
7 0.88137 0.64795 0.049020000000000064 0.04200000000000004
7 0.71471 0.64795 0.04901999999999995 0.04200000000000004
7 0.52255 0.6498999999999999 0.04902000000000001 0.040039999999999965
7 0.45294 0.6474599999999999 0.04902000000000001 0.041019999999999945
7 0.0965695 0.639645 0.046081 0.019530000000000047
7 0.25686 0.683595 0.04705999999999996 0.07616999999999996
7 0.0960785 0.452635 0.05490300000000001 0.026370000000000005
7 0.25882 0.44921500000000003 0.05490000000000003 0.019529999999999992
7 0.433825 0.4375 0.02843000000000001 0.015619999999999967
7 0.487255 0.43701 0.054910000000000014 0.01856000000000002
7 0.540685 0.443845 0.026469999999999994 0.026370000000000005
4 0.10539135 0.0561525 0.1970573 0.084961
4 0.881865 0.084475 0.22255000000000003 0.10059
4 0.47892 0.07665899999999999 0.35784 0.124022
11 0.1906862 0.79053 0.3696076 0.03417999999999999
11 0.681375 0.881835 0.61961 0.21289000000000002
