1 0.3042 0.541332 0.42090000000000005 0.909276
1 0.7417 0.543347 0.45020000000000004 0.913306
2 0.12939 0.26410999999999996 0.028320000000000012 0.10483999999999999
2 0.130855 0.695565 0.03125 0.10887000000000002
2 0.18115 0.26410999999999996 0.028320000000000012 0.10483999999999999
2 0.25928 0.26410999999999996 0.028320000000000012 0.10483999999999999
2 0.34619 0.26613 0.028320000000000012 0.10483999999999999
2 0.42627 0.26512 0.028320000000000012 0.10686000000000001
2 0.47803 0.26410999999999996 0.028320000000000012 0.10483999999999999
2 0.130855 0.48387 0.02539000000000001 0.1129
2 0.18115 0.482865 0.028320000000000012 0.11088999999999993
2 0.25928 0.48387 0.028320000000000012 0.1129
2 0.345215 0.48589000000000004 0.028329999999999966 0.11290000000000006
2 0.42725 0.480845 0.028320000000000012 0.11089000000000004
2 0.47803 0.48387 0.028320000000000012 0.1129
2 0.18213000000000001 0.694555 0.03028 0.11089000000000004
2 0.259275 0.695565 0.03026999999999999 0.10887000000000002
2 0.345705 0.695565 0.03125 0.10887000000000002
2 0.426755 0.6965749999999999 0.03125 0.11089000000000004
2 0.47802500000000003 0.6965749999999999 0.030269999999999964 0.11089000000000004
2 0.54541 0.259075 0.028320000000000012 0.10685
2 0.59717 0.259075 0.028320000000000012 0.10685
2 0.66553 0.25604499999999997 0.028320000000000012 0.10886999999999997
2 0.719725 0.257055 0.027350000000000096 0.10684999999999997
2 0.7675799999999999 0.25604499999999997 0.02734000000000003 0.10886999999999997
2 0.82178 0.254035 0.028320000000000012 0.10887000000000002
2 0.88232 0.259075 0.028320000000000012 0.11089000000000002
2 0.93604 0.258065 0.028320000000000012 0.10887
2 0.5449200000000001 0.47278 0.02734000000000003 0.10685999999999996
2 0.5996049999999999 0.4748 0.025389999999999913 0.10685999999999996
2 0.66455 0.46774499999999997 0.028320000000000012 0.10886999999999997
2 0.7192400000000001 0.47177499999999994 0.028320000000000012 0.10886999999999997
2 0.76709 0.46774499999999997 0.028320000000000012 0.10886999999999997
2 0.8208 0.46975500000000003 0.028320000000000012 0.10887000000000002
2 0.88428 0.47177499999999994 0.028320000000000012 0.10886999999999997
2 0.93604 0.47379 0.028320000000000012 0.10887999999999998
2 0.547855 0.6824600000000001 0.025390000000000024 0.10686000000000007
2 0.5996049999999999 0.683465 0.025389999999999913 0.10887000000000002
2 0.667965 0.683465 0.025390000000000024 0.10887000000000002
2 0.720705 0.683465 0.027349999999999985 0.10887000000000002
2 0.767575 0.683465 0.025390000000000024 0.10887000000000002
2 0.8208 0.683465 0.024419999999999997 0.10887000000000002
2 0.885745 0.684475 0.025390000000000024 0.10685
2 0.0390625 0.26915 0.037109 0.09475999999999998
2 0.0390625 0.47077 0.037109 0.09476000000000001
2 0.040527 0.6693549999999999 0.038085999999999995 0.10080999999999996
2 0.0390625 0.871975 0.037109 0.10283000000000009
2 0.54785 0.903225 0.029299999999999993 0.10886999999999991
2 0.600585 0.9012100000000001 0.029290000000000038 0.10887999999999998
2 0.673825 0.90222 0.03125 0.10685999999999996
3 0.26172 0.9254 0.04101999999999997 0.1371
3 0.743655 0.92137 0.03222999999999998 0.1492
3 0.813475 0.923385 0.035149999999999904 0.15322999999999998
4 0.157715 0.191535 0.09863 0.03629000000000002
4 0.15674 0.40625 0.10057999999999999 0.054440000000000044
4 0.262695 0.190525 0.05079 0.03427000000000002
4 0.26172 0.40927 0.05274000000000001 0.05241999999999997
4 0.34863 0.19455499999999998 0.05077999999999999 0.034269999999999995
4 0.34717 0.40927 0.05175999999999997 0.05241999999999997
4 0.456055 0.41028 0.09960999999999998 0.05443999999999999
4 0.45459 0.191535 0.10643999999999998 0.03629000000000002
4 0.546875 0.39214000000000004 0.052729999999999944 0.04233999999999999
4 0.60303 0.39415500000000003 0.05565999999999993 0.04636999999999997
4 0.7470749999999999 0.39012 0.09961000000000009 0.0383
4 0.15918 0.600805 0.10742 0.06450999999999996
4 0.26123 0.6068549999999999 0.05762000000000003 0.08065
4 0.45459 0.60484 0.10643999999999998 0.06452000000000002
4 0.34863 0.607865 0.056640000000000024 0.07862999999999998
4 0.82666 0.371975 0.057620000000000005 0.05847000000000002
4 0.669435 0.37399499999999997 0.05567 0.058469999999999966
4 0.88672 0.39113 0.05663999999999991 0.04436000000000001
4 0.93945 0.39113 0.04492000000000007 0.04436000000000001
5 0.668945 0.534275 0.052729999999999944 0.02823000000000009
5 0.548825 0.75101 0.04882999999999993 0.030239999999999934
5 0.82471 0.5372950000000001 0.05175999999999992 0.026209999999999956
5 0.770995 0.535285 0.04784999999999995 0.026210000000000067
5 0.722655 0.535285 0.04883000000000004 0.026210000000000067
5 0.6030249999999999 0.753025 0.04785000000000006 0.03025
5 0.888185 0.7550399999999999 0.04784999999999995 0.030239999999999934
8 0.694825 0.253025 0.012689999999999979 0.09072999999999998
8 0.795895 0.25101 0.013670000000000071 0.09072000000000002
9 0.305665 0.14012 0.41797000000000006 0.0746
9 0.30371 0.330645 0.41991999999999996 0.03225
9 0.3037135 0.55242 0.41797300000000004 0.032259999999999955
9 0.303225 0.78226 0.41895000000000004 0.06047999999999998
9 0.742185 0.148185 0.44727000000000006 0.06653
5 0.5737300000000001 0.31855 0.10058 0.0121
5 0.7470699999999999 0.31653 0.23046 0.0121
5 0.91162 0.31855 0.09864000000000006 0.0121
9 0.74121 0.3498 0.44726 0.010079999999999978
9 0.74121 0.59274 0.44726 0.0121
11 0.33691000000000004 0.8649199999999999 0.017579999999999985 0.04032000000000002
11 0.37793 0.861895 0.02148 0.07862999999999998
11 0.45898500000000003 0.871975 0.10743000000000003 0.050409999999999955
11 0.347165 0.92641 0.026370000000000005 0.13507999999999998
2 0.45459000000000005 0.934475 0.0791 0.09475
11 0.732425 0.845765 0.04296999999999995 0.06652999999999998
6 0.66943 0.763105 0.04589999999999994 0.05442999999999998
6 0.722655 0.7641100000000001 0.042970000000000064 0.05242000000000002
6 0.769535 0.763105 0.04296999999999995 0.05442999999999998
6 0.82324 0.7641100000000001 0.04491999999999996 0.05242000000000002
3 0.1709 0.9284300000000001 0.03516 0.11492000000000002
8 0.156735 0.25504000000000004 0.014650000000000024 0.11896000000000001
8 0.453615 0.258065 0.014649999999999996 0.11692999999999998
