1 0.505827 0.5004897 0.9720260000000001 0.9892606
2 0.13112000000000001 0.231935 0.05478000000000001 0.07714999999999997
2 0.29603999999999997 0.246585 0.04662000000000005 0.06542999999999999
2 0.29429000000000005 0.404785 0.04546 0.07518999999999998
2 0.130535 0.39697499999999997 0.053610000000000005 0.08300999999999997
2 0.125294 0.551755 0.052451999999999985 0.08203000000000005
2 0.295455 0.561035 0.05011000000000004 0.08104999999999996
2 0.39685000000000004 0.56006 0.05012 0.07909999999999995
2 0.498255 0.561525 0.05244999999999994 0.07812999999999992
2 0.129955 0.71484 0.050110000000000016 0.06835999999999998
2 0.295455 0.868655 0.05011000000000004 0.08300999999999992
2 0.39627 0.404785 0.046619999999999995 0.07518999999999998
2 0.49824999999999997 0.40576 0.04546 0.07519999999999999
2 0.600815 0.40576 0.04544999999999999 0.07519999999999999
2 0.7028000000000001 0.404785 0.046619999999999995 0.07518999999999998
2 0.80711 0.404785 0.045460000000000056 0.07518999999999998
2 0.9085099999999999 0.404785 0.045459999999999945 0.07518999999999998
2 0.6002350000000001 0.5605450000000001 0.053610000000000047 0.07812999999999992
2 0.702215 0.561035 0.05245 0.0791099999999999
2 0.804195 0.561525 0.053609999999999935 0.07812999999999992
2 0.9073450000000001 0.56006 0.05245 0.07909999999999995
2 0.295455 0.7168 0.05011000000000004 0.06835999999999998
2 0.39569 0.7168 0.05012 0.06835999999999998
2 0.49942 0.7168 0.05011999999999994 0.06835999999999998
2 0.59965 0.71582 0.05011999999999994 0.06835999999999998
2 0.7028 0.71582 0.05127999999999999 0.06835999999999998
2 0.8059449999999999 0.7168 0.05010999999999999 0.06835999999999998
2 0.9085099999999999 0.71777 0.05012000000000005 0.06835999999999998
2 0.12762300000000001 0.88428 0.066434 0.11425999999999992
2 0.39569 0.869625 0.05012 0.08301000000000003
2 0.49825 0.870115 0.05012000000000005 0.08203000000000005
2 0.6008150000000001 0.870115 0.05010999999999999 0.08203000000000005
2 0.70338 0.871095 0.05011999999999994 0.08202999999999994
2 0.8059449999999999 0.871095 0.05010999999999999 0.08202999999999994
2 0.907925 0.871095 0.04895000000000005 0.08202999999999994
2 0.39802000000000004 0.245115 0.04546 0.06641000000000002
2 0.49941500000000005 0.246585 0.045450000000000046 0.06542999999999999
2 0.6013999999999999 0.24755500000000003 0.046619999999999995 0.06543000000000002
2 0.7028000000000001 0.24804500000000002 0.046619999999999995 0.06641
2 0.805945 0.246585 0.04544999999999999 0.06542999999999999
2 0.9114199999999999 0.24560500000000002 0.046619999999999995 0.06543000000000002
2 0.139275 0.0986325 0.03613000000000001 0.046875
4 0.291375 0.35156 0.09557000000000002 0.03320000000000001
4 0.39510500000000004 0.35156 0.09556999999999999 0.03320000000000001
4 0.497665 0.351075 0.09556999999999999 0.032230000000000036
4 0.6002350000000001 0.351075 0.09557000000000004 0.032230000000000036
4 0.701635 0.348145 0.09556999999999993 0.03222999999999998
4 0.805365 0.350095 0.09556999999999993 0.03222999999999998
4 0.909095 0.350095 0.09556999999999993 0.03222999999999998
4 0.29021 0.50391 0.10256000000000001 0.07421999999999995
4 0.39219000000000004 0.504885 0.10139999999999999 0.07226999999999995
4 0.49417 0.50488 0.10255999999999998 0.07421999999999995
4 0.5973200000000001 0.50537 0.10140000000000005 0.07323999999999997
4 0.6993 0.5043949999999999 0.10255999999999998 0.07324999999999993
4 0.80128 0.50391 0.10139999999999993 0.07421999999999995
4 0.90385 0.503905 0.10140000000000005 0.07616999999999996
4 0.1194625 0.47558500000000004 0.148015 0.058589999999999975
5 0.115384 0.6084 0.125872 0.03320000000000001
5 0.29312000000000005 0.61328 0.08507999999999999 0.029299999999999993
5 0.39627 0.6137699999999999 0.08392 0.030279999999999974
5 0.497085 0.614745 0.08275000000000005 0.03027000000000002
5 0.59965 0.6137699999999999 0.08041999999999994 0.030279999999999974
5 0.702215 0.614255 0.08274999999999999 0.03125
5 0.80594 0.61426 0.08041999999999994 0.029299999999999993
5 0.90676 0.614255 0.07926 0.03125
5 0.12471100000000002 0.754885 0.07925800000000001 0.01366999999999996
5 0.29254 0.755375 0.0746 0.014650000000000052
5 0.39510500000000004 0.75586 0.07458999999999999 0.013680000000000025
5 0.49709 0.754885 0.07575999999999994 0.01366999999999996
5 0.5984849999999999 0.754885 0.07108999999999999 0.01366999999999996
5 0.70163 0.754885 0.07225999999999999 0.01366999999999996
5 0.80536 0.755375 0.07225999999999999 0.014650000000000052
5 0.90734 0.75586 0.07110000000000005 0.013680000000000025
6 0.120629 0.302735 0.157342 0.07617000000000002
8 0.0361305 0.205565 0.030303 0.03809000000000001
8 0.22261 0.206545 0.027980000000000005 0.03809000000000001
8 0.19639 0.24120999999999998 0.017479999999999996 0.06639999999999999
8 0.06118900000000001 0.236815 0.012820000000000005 0.061529999999999974
8 0.12704 0.34424 0.02797999999999999 0.022460000000000035
8 0.1258725 0.17041 0.067595 0.03808
8 0.12704000000000001 0.8154250000000001 0.034960000000000005 0.025389999999999913
8 0.29254 0.815915 0.03495999999999999 0.024409999999999932
8 0.39452 0.8154250000000001 0.0338 0.025389999999999913
8 0.497085 0.815915 0.036129999999999995 0.026369999999999894
8 0.6002350000000001 0.81592 0.03497000000000006 0.028320000000000012
8 0.702215 0.816895 0.038470000000000004 0.026370000000000005
8 0.80594 0.816895 0.03380000000000005 0.026370000000000005
8 0.90734 0.816405 0.03379999999999994 0.027349999999999985
9 0.50466 0.18017499999999997 0.9627 0.08301
9 0.50466 0.29296999999999995 0.9627 0.05077999999999999
9 0.4982505 0.6362300000000001 0.9452189999999999 0.08496000000000004
9 0.5069915 0.9292 0.953377 0.04393999999999998
10 0.169 0.231935 0.01632 0.07714999999999997
10 0.0734265 0.230465 0.016316999999999998 0.07617000000000002
10 0.0716785 0.17725000000000002 0.036131 0.028319999999999984
10 0.168415 0.17871 0.036129999999999995 0.029299999999999993
10 0.16142499999999999 0.552245 0.019810000000000022 0.08105000000000007
10 0.0792545 0.552735 0.016316999999999998 0.08006999999999997
10 0.079837 0.5087900000000001 0.029137999999999997 0.00782000000000005
10 0.160255 0.5078149999999999 0.02681 0.007809999999999984
