1 0.50048828 0.47071875 0.99902344 0.9264225
2 0.25927500000000003 0.605855 0.032230000000000036 0.09758999999999995
2 0.33447499999999997 0.605855 0.032230000000000036 0.09758999999999995
2 0.409665 0.605105 0.03222999999999998 0.0990899999999999
2 0.483885 0.605855 0.03222999999999998 0.09758999999999995
2 0.559085 0.605855 0.03223000000000009 0.09758999999999995
2 0.7866200000000001 0.6081099999999999 0.032220000000000026 0.09910000000000008
2 0.71045 0.6073599999999999 0.032220000000000026 0.09760000000000002
2 0.635255 0.6073599999999999 0.03222999999999998 0.09760000000000002
2 0.259765 0.741745 0.01757000000000003 0.03003
2 0.33691000000000004 0.741745 0.017579999999999985 0.03003
2 0.41211 0.741745 0.017579999999999985 0.03003
2 0.56445 0.743245 0.01757999999999993 0.03003
2 0.48779 0.741745 0.016599999999999948 0.03003
2 0.25927999999999995 0.82132 0.016600000000000004 0.04504000000000008
2 0.33496000000000004 0.82057 0.017579999999999985 0.04354000000000002
2 0.48682000000000003 0.82057 0.016600000000000004 0.04354000000000002
2 0.563965 0.8220700000000001 0.016609999999999903 0.04354000000000002
2 0.717285 0.822825 0.016609999999999903 0.045050000000000034
2 0.126465 0.53679 0.04784999999999999 0.17867999999999995
2 0.259765 0.46096000000000004 0.019529999999999992 0.02701999999999999
2 0.33496499999999996 0.461715 0.019529999999999992 0.02853
2 0.41064500000000004 0.461715 0.01855000000000001 0.02853
2 0.484865 0.461715 0.01855000000000001 0.02853
2 0.561035 0.462465 0.018549999999999955 0.02703
2 0.636715 0.462465 0.019530000000000047 0.02703
2 0.713865 0.461715 0.019530000000000047 0.02853
2 0.78955 0.462465 0.01856000000000002 0.02703
2 0.28418 0.16291 0.025399999999999978 0.03754000000000002
2 0.388675 0.164415 0.025390000000000024 0.03753000000000001
2 0.49316499999999996 0.164415 0.025389999999999968 0.03753000000000001
2 0.597655 0.164415 0.025389999999999913 0.03753000000000001
2 0.703125 0.16291 0.025390000000000024 0.03754000000000002
2 0.126465 0.34009 0.020510000000000014 0.013519999999999976
2 0.33691000000000004 0.40390499999999996 0.017579999999999985 0.015010000000000023
2 0.26122999999999996 0.40390499999999996 0.018559999999999965 0.015010000000000023
2 0.41259999999999997 0.404655 0.018559999999999965 0.013510000000000022
2 0.487795 0.404655 0.01855000000000001 0.013510000000000022
2 0.563965 0.404655 0.018549999999999955 0.013510000000000022
2 0.640135 0.404655 0.018550000000000066 0.013510000000000022
2 0.71777 0.40390499999999996 0.01757999999999993 0.015010000000000023
2 0.794435 0.404655 0.018550000000000066 0.013510000000000022
3 0.124025 0.81006 0.04687000000000001 0.18168000000000006
3 0.413575 0.84985 0.03809000000000001 0.09610000000000007
3 0.64307 0.85135 0.040039999999999965 0.09910000000000008
4 0.260745 0.504505 0.06445000000000001 0.05404999999999993
4 0.33496000000000004 0.505255 0.06446000000000002 0.05554999999999999
4 0.40967 0.506005 0.06348000000000004 0.05404999999999999
4 0.486815 0.507505 0.06346999999999997 0.05404999999999993
4 0.563475 0.507505 0.06445000000000001 0.05404999999999993
4 0.6386750000000001 0.506755 0.06445000000000001 0.05554999999999993
4 0.714845 0.505255 0.06445000000000001 0.05554999999999999
4 0.791015 0.5082599999999999 0.06445000000000001 0.05555999999999994
6 0.02880855 0.25600500000000004 0.0537109 0.04355000000000003
6 0.126466 0.25900999999999996 0.112308 0.04653999999999997
6 0.533695 0.332585 0.6162099999999999 0.046550000000000036
8 0.18213000000000001 0.166665 0.02049999999999999 0.06606999999999999
8 0.07666155000000001 0.15691 0.1494169 0.07658000000000001
8 0.23291 0.162165 0.03808 0.07207
8 0.336425 0.163665 0.03809000000000001 0.07207
8 0.44092 0.163665 0.03808 0.07207
8 0.546385 0.162165 0.03808999999999996 0.07207
8 0.597165 0.163665 0.03809000000000007 0.07207
8 0.649905 0.162165 0.03809000000000007 0.07207
8 0.756345 0.162165 0.03809000000000007 0.07207
8 0.703615 0.162165 0.03808999999999996 0.07207
8 0.49413999999999997 0.165165 0.039059999999999984 0.07207
8 0.38916 0.163665 0.03808 0.07207
8 0.284665 0.162165 0.03808999999999996 0.07207
8 0.809085 0.17042 0.024409999999999932 0.061560000000000004
8 0.9165000000000001 0.16441499999999998 0.15918 0.07057
8 0.1269515 0.41215999999999997 0.068357 0.05556
8 0.188965 0.5 0.01855000000000001 0.22822000000000003
8 0.0634765 0.498495 0.019531 0.22823
8 0.37842 0.76952 0.016600000000000004 0.07357999999999998
8 0.456055 0.77102 0.017569999999999975 0.07357999999999998
8 0.260255 0.466215 0.055670000000000025 0.04654999999999998
8 0.33545 0.468465 0.05565999999999999 0.04804999999999998
8 0.410645 0.467715 0.05567 0.04654999999999998
8 0.484865 0.467715 0.05567000000000005 0.04654999999999998
8 0.56201 0.467715 0.05566000000000004 0.04654999999999998
8 0.63721 0.466215 0.05565999999999993 0.04654999999999998
8 0.7124 0.467715 0.05566000000000004 0.04654999999999998
9 0.5004881 0.0690675 0.9931638 0.10810499999999999
9 0.49902328 0.21997 0.99609344 0.061559999999999976
9 0.536135 0.41366 0.63281 0.07958000000000004
9 0.53369 0.694445 0.62012 0.03753000000000006
9 0.53027 0.863365 0.625 0.036030000000000006
10 0.20703 0.512015 0.015619999999999995 0.21320999999999996
10 0.16992000000000002 0.5127649999999999 0.015619999999999995 0.21170999999999995
10 0.0825195 0.5135149999999999 0.014648999999999995 0.21321
10 0.0444335 0.5127649999999999 0.014648999999999995 0.21170999999999995
10 0.20703 0.636635 0.02148 0.036030000000000006
10 0.16992 0.636635 0.02148 0.036030000000000006
10 0.17041 0.39039 0.022460000000000008 0.033040000000000014
10 0.20751999999999998 0.38888999999999996 0.022460000000000008 0.033040000000000014
10 0.0825195 0.39039 0.022460999999999995 0.033040000000000014
10 0.0444335 0.39039 0.022460999999999995 0.033040000000000014
10 0.854005 0.5540499999999999 0.014650000000000052 0.20119999999999993
10 0.7568349999999999 0.557805 0.01366999999999996 0.19368999999999997
10 0.8325199999999999 0.55931 0.012700000000000045 0.19369999999999998
10 0.679685 0.557805 0.013670000000000071 0.19368999999999997
10 0.60205 0.55856 0.012700000000000045 0.19519999999999998
10 0.5268550000000001 0.557805 0.012689999999999979 0.19368999999999997
10 0.450195 0.55931 0.013670000000000015 0.19369999999999998
10 0.37451 0.55931 0.012699999999999989 0.19369999999999998
10 0.29834000000000005 0.557805 0.012699999999999989 0.19368999999999997
10 0.22216999999999998 0.557805 0.01074 0.19368999999999997
10 0.29834000000000005 0.6681649999999999 0.016600000000000004 0.02703
10 0.37451 0.66967 0.016600000000000004 0.027020000000000044
10 0.45067999999999997 0.6681649999999999 0.016600000000000004 0.02703
10 0.526855 0.6681649999999999 0.016610000000000014 0.02703
10 0.601565 0.66967 0.015630000000000033 0.02401999999999993
10 0.68018 0.6681649999999999 0.016599999999999948 0.02703
10 0.46924 0.205705 0.010739999999999972 0.015010000000000023
10 0.22363 0.44669499999999995 0.017579999999999985 0.02853
10 0.298825 0.44669499999999995 0.019529999999999992 0.02853
10 0.374025 0.448195 0.019530000000000047 0.02853
10 0.450195 0.44669499999999995 0.019529999999999992 0.02853
10 0.526365 0.44669499999999995 0.019530000000000047 0.02853
10 0.602535 0.448195 0.019529999999999936 0.02853
10 0.679685 0.44669499999999995 0.019530000000000047 0.02853
10 0.757325 0.44669499999999995 0.018549999999999955 0.02853
10 0.832035 0.44894999999999996 0.019530000000000047 0.02701999999999999
10 0.853515 0.44069 0.019530000000000047 0.028520000000000045
10 0.9404300000000001 0.392645 0.029299999999999993 0.03153
10 0.25927500000000003 0.15766000000000002 0.00879000000000002 0.07808000000000001
10 0.311035 0.15766000000000002 0.008789999999999965 0.07808000000000001
10 0.36377 0.15916 0.00878000000000001 0.07807999999999998
10 0.16211 0.154655 0.007819999999999994 0.07807
10 0.20166 0.154655 0.00878000000000001 0.07807
10 0.416505 0.15991 0.00879000000000002 0.07957999999999998
10 0.469725 0.15841 0.007809999999999984 0.07957999999999998
10 0.5219750000000001 0.15916 0.008789999999999965 0.07807999999999998
10 0.5742149999999999 0.15916 0.007809999999999984 0.07807999999999998
10 0.627445 0.15841 0.008789999999999965 0.07957999999999998
10 0.680175 0.15841 0.008789999999999965 0.07957999999999998
10 0.73291 0.15766000000000002 0.00878000000000001 0.07808000000000001
10 0.792485 0.15616000000000002 0.008790000000000076 0.07808000000000001
10 0.831545 0.15541 0.008789999999999965 0.07958000000000001
10 0.78369 0.15841 0.0048799999999999955 0.07957999999999998
10 0.15576 0.15691 0.0048799999999999955 0.07958000000000001
10 0.16211 0.20045000000000002 0.011720000000000008 0.013520000000000004
10 0.20117000000000002 0.20045000000000002 0.01171999999999998 0.013520000000000004
10 0.25878999999999996 0.204205 0.011720000000000008 0.01201000000000002
10 0.20947 0.20120500000000002 0.0048799999999999955 0.012009999999999993
10 0.20849499999999999 0.15616000000000002 0.004889999999999978 0.07808000000000001
10 0.15429500000000002 0.20120500000000002 0.003909999999999997 0.012009999999999993
10 0.311035 0.20420500000000003 0.010750000000000037 0.015009999999999996
10 0.36377000000000004 0.204955 0.010740000000000027 0.013510000000000022
10 0.416505 0.205705 0.010749999999999982 0.015010000000000023
10 0.520995 0.205705 0.010750000000000037 0.01201000000000002
10 0.57422 0.204955 0.011720000000000064 0.013510000000000022
10 0.62695 0.204955 0.011719999999999953 0.013510000000000022
10 0.68066 0.203455 0.011720000000000064 0.013509999999999994
10 0.7334 0.203455 0.011720000000000064 0.013509999999999994
10 0.791995 0.201955 0.009770000000000056 0.013509999999999994
10 0.831055 0.201955 0.009770000000000056 0.013509999999999994
10 0.78369 0.204205 0.0048799999999999955 0.01201000000000002
10 0.25927500000000003 0.11261499999999999 0.012690000000000035 0.012010000000000007
10 0.311035 0.11261499999999999 0.012689999999999979 0.012010000000000007
10 0.20214500000000002 0.10961 0.013669999999999988 0.012020000000000003
10 0.36377000000000004 0.114115 0.012699999999999989 0.012010000000000007
10 0.416505 0.114115 0.012689999999999979 0.012010000000000007
10 0.20947 0.11111499999999999 0.006839999999999985 0.012010000000000007
10 0.1626 0.10961 0.012699999999999989 0.012020000000000003
10 0.15527000000000002 0.11111499999999999 0.005860000000000004 0.012010000000000007
10 0.521485 0.114115 0.01366999999999996 0.012010000000000007
10 0.574705 0.114115 0.012689999999999979 0.012010000000000007
10 0.62744 0.11261499999999999 0.012699999999999934 0.012010000000000007
10 0.680175 0.11261499999999999 0.012689999999999979 0.012010000000000007
10 0.73291 0.11186499999999999 0.012700000000000045 0.010510000000000005
10 0.470215 0.113365 0.012689999999999979 0.010510000000000005
10 0.7924800000000001 0.11111499999999999 0.012700000000000045 0.012010000000000007
10 0.831545 0.11036499999999999 0.012689999999999979 0.010510000000000005
10 0.783695 0.11261499999999999 0.008789999999999965 0.012010000000000007
10 0.231935 0.5983449999999999 0.00879000000000002 0.11260999999999999
10 0.28711 0.5991 0.007819999999999994 0.11412
10 0.308595 0.5991 0.007809999999999984 0.11412
10 0.362305 0.59985 0.007809999999999984 0.11261999999999994
10 0.384765 0.6006 0.007810000000000039 0.11412
10 0.438475 0.59985 0.007809999999999984 0.11261999999999994
10 0.45996000000000004 0.59985 0.005860000000000032 0.11261999999999994
10 0.51416 0.59985 0.00878000000000001 0.11261999999999994
10 0.589845 0.6013550000000001 0.007809999999999984 0.11260999999999999
10 0.666015 0.6006 0.007809999999999984 0.11412
10 0.53613 0.59985 0.005859999999999976 0.11261999999999994
10 0.6123050000000001 0.59985 0.005850000000000022 0.11261999999999994
10 0.688965 0.600605 0.00488999999999995 0.11110999999999993
10 0.817385 0.6013550000000001 0.007809999999999984 0.11260999999999999
10 0.742675 0.6013550000000001 0.008789999999999965 0.11260999999999999
10 0.76514 0.594595 0.0048799999999999955 0.10210999999999992
10 0.28515500000000005 0.66892 0.009770000000000001 0.025519999999999987
10 0.310545 0.66892 0.007809999999999984 0.025519999999999987
10 0.361325 0.67042 0.007809999999999984 0.025519999999999987
10 0.387205 0.66967 0.00879000000000002 0.02401999999999993
10 0.4375 0.66892 0.009759999999999991 0.025519999999999987
10 0.46191499999999996 0.66967 0.009770000000000001 0.02401999999999993
10 0.51367 0.66892 0.009759999999999991 0.025519999999999987
10 0.538575 0.66892 0.006830000000000003 0.025519999999999987
10 0.5893550000000001 0.66967 0.008789999999999965 0.02401999999999993
10 0.614745 0.66967 0.008790000000000076 0.027020000000000044
10 0.664065 0.66967 0.009770000000000056 0.02401999999999993
10 0.69092 0.66892 0.0048799999999999955 0.025519999999999987
10 0.7431650000000001 0.67117 0.009769999999999945 0.027019999999999933
10 0.234375 0.667415 0.009770000000000001 0.025530000000000053
10 0.23242000000000002 0.535285 0.009760000000000019 0.013509999999999911
10 0.28613500000000003 0.535285 0.009770000000000001 0.013509999999999911
10 0.30957 0.536035 0.009759999999999991 0.015009999999999968
10 0.362305 0.5367850000000001 0.009770000000000001 0.013510000000000022
10 0.38573999999999997 0.5367850000000001 0.009760000000000046 0.013510000000000022
10 0.43847499999999995 0.5367850000000001 0.009770000000000001 0.013510000000000022
10 0.46191499999999996 0.536035 0.009770000000000001 0.015009999999999968
10 0.51416 0.5367850000000001 0.00878000000000001 0.013510000000000022
10 0.5380849999999999 0.5367850000000001 0.009769999999999945 0.013510000000000022
10 0.588865 0.53754 0.009769999999999945 0.015020000000000033
10 0.61328 0.5367850000000001 0.009759999999999991 0.013510000000000022
10 0.666015 0.5367850000000001 0.009770000000000056 0.013510000000000022
10 0.69043 0.53754 0.009759999999999991 0.015020000000000033
10 0.742185 0.53754 0.009770000000000056 0.015020000000000033
10 0.76758 0.5367850000000001 0.009759999999999991 0.013510000000000022
10 0.817385 0.5382899999999999 0.009769999999999945 0.013520000000000088
