1 0.422095 0.4882835 0.49859000000000003 0.9179729999999999
2 0.331445 0.32715 0.05098999999999998 0.11914000000000002
2 0.553825 0.36035 0.05098999999999998 0.11914000000000002
2 0.553825 0.55176 0.05098999999999998 0.11914000000000002
2 0.330025 0.52832 0.05098999999999998 0.11914000000000002
2 0.5509949999999999 0.7421850000000001 0.05098999999999998 0.11719000000000002
2 0.328615 0.72461 0.05098999999999998 0.11718000000000006
2 0.55524 0.16504000000000002 0.04249999999999998 0.08008000000000001
2 0.33711 0.125002 0.04250000000000004 0.082036
2 0.12110499999999999 0.697265 0.03824999999999999 0.10936999999999997
2 0.12323 0.526365 0.03965999999999999 0.11133000000000004
2 0.12819 0.353515 0.038239999999999996 0.10157
2 0.217425 0.322265 0.03541 0.13671
2 0.21317 0.51953 0.041080000000000005 0.13672
2 0.90864 0.416015 0.03258000000000005 0.03125
2 0.7988649999999999 0.41308500000000004 0.033990000000000076 0.03321000000000002
2 0.90935 0.561525 0.03400000000000003 0.03711000000000009
2 0.800285 0.55664 0.033989999999999965 0.05078000000000005
2 0.040368 0.611325 0.018414 0.05858999999999992
2 0.020538 0.611325 0.018414 0.05858999999999992
2 0.041785 0.703125 0.018414 0.03125
2 0.0184138 0.70215 0.019830399999999998 0.03320000000000001
2 0.040368 0.795895 0.018414 0.037109999999999976
2 0.0169971 0.795895 0.019829799999999998 0.037109999999999976
4 0.5559449999999999 0.080078 0.08357000000000003 0.039062000000000006
4 0.33852499999999996 0.052734500000000004 0.08215 0.039062999999999994
4 0.331445 0.43554499999999996 0.09915000000000002 0.04297000000000001
5 0.55524 0.42285 0.08497999999999994 0.01758000000000004
5 0.5531200000000001 0.612305 0.08639999999999992 0.017570000000000086
5 0.5517 0.8056650000000001 0.08640000000000003 0.017569999999999975
5 0.32932 0.78711 0.08640000000000003 0.015619999999999967
5 0.33357000000000003 0.59082 0.08639999999999998 0.01757999999999993
5 0.33357000000000003 0.39258000000000004 0.08639999999999998 0.015620000000000023
6 0.874645 0.4668 0.23655000000000004 0.08983999999999998
6 0.87748 0.623045 0.23653999999999997 0.08984999999999999
6 0.04036845 0.74219 0.0750711 0.05078000000000005
9 0.43201 0.65039 0.4787600000000001 0.04688000000000003
9 0.47238 0.23925999999999997 0.38101999999999997 0.09569999999999998
10 0.8966000000000001 0.535155 0.008500000000000063 0.08592999999999995
10 0.8031200000000001 0.532225 0.008500000000000063 0.08398999999999995
10 0.89731 0.71484 0.007080000000000086 0.13671999999999995
2 0.32932 0.871095 0.041080000000000005 0.03125
2 0.553115 0.886715 0.04106999999999994 0.03125
2 0.449715 0.0517575 0.021250000000000047 0.025390999999999997
1 0.86473 0.581055 0.27054 0.65429
