2 0.902345 0.7729900000000001 0.06054999999999999 0.09770000000000001
2 0.1333 0.5764400000000001 0.03808 0.09540000000000004
2 0.076172 0.5758650000000001 0.037110000000000004 0.09425000000000006
2 0.147465 0.770115 0.01953000000000002 0.09424999999999994
2 0.111815 0.783335 0.04199000000000001 0.12068999999999996
2 0.0756835 0.77069 0.018554999999999988 0.09309999999999996
2 0.5668949999999999 0.771265 0.018549999999999955 0.09424999999999994
2 0.530275 0.771265 0.03711000000000009 0.09424999999999994
2 0.49365499999999995 0.771265 0.01855000000000001 0.09424999999999994
2 0.41503999999999996 0.7718400000000001 0.035160000000000025 0.09540000000000004
2 0.336425 0.770115 0.01855000000000001 0.09424999999999994
2 0.30078 0.770115 0.039059999999999984 0.09424999999999994
2 0.26416 0.77069 0.01856000000000002 0.09539999999999993
2 0.555175 0.59138 0.036129999999999995 0.08850000000000002
2 0.506835 0.59138 0.03515000000000007 0.08850000000000002
2 0.41503999999999996 0.59138 0.035160000000000025 0.08850000000000002
2 0.325685 0.59138 0.036129999999999995 0.08850000000000002
2 0.27588 0.59138 0.036140000000000005 0.08850000000000002
2 0.7216800000000001 0.7718400000000001 0.039059999999999984 0.09540000000000004
2 0.7568349999999999 0.771265 0.019529999999999936 0.09424999999999994
2 0.68555 0.771265 0.01757999999999993 0.09424999999999994
2 0.771975 0.578735 0.03808999999999996 0.09311000000000003
2 0.715335 0.578735 0.036130000000000106 0.09311000000000003
2 0.90332 0.595405 0.0625 0.09194999999999998
2 0.9018550000000001 0.416665 0.061529999999999974 0.08850999999999998
2 0.90234 0.24483 0.0625 0.08506
2 0.779785 0.394255 0.018549999999999955 0.08965000000000001
2 0.7436499999999999 0.393105 0.040039999999999965 0.08965000000000001
2 0.706545 0.39368000000000003 0.018550000000000066 0.09080000000000005
2 0.7558549999999999 0.240805 0.019529999999999936 0.08850999999999998
2 0.719725 0.251725 0.03711000000000009 0.10805000000000003
2 0.68408 0.24137999999999998 0.01856000000000002 0.08736
2 0.5537099999999999 0.41609 0.03515999999999997 0.08506000000000002
2 0.50537 0.415515 0.036140000000000005 0.08621000000000001
2 0.5581050000000001 0.240805 0.01464999999999994 0.08391000000000001
2 0.5293000000000001 0.24138 0.029299999999999993 0.08276
2 0.500975 0.241955 0.01366999999999996 0.08390999999999998
2 0.41503999999999996 0.41609 0.035160000000000025 0.08506000000000002
2 0.41503999999999996 0.24138 0.035160000000000025 0.08276
2 0.32422 0.41609 0.03515999999999997 0.08506000000000002
2 0.27588 0.416665 0.03417999999999999 0.08621000000000001
2 0.328615 0.24023 0.014649999999999996 0.08276000000000003
2 0.30078 0.240805 0.029299999999999993 0.08391000000000001
2 0.27197499999999997 0.24138 0.014649999999999996 0.08276
2 0.141605 0.39368000000000003 0.019529999999999992 0.08849999999999997
2 0.10400200000000001 0.393105 0.040036 0.08965000000000001
2 0.067383 0.39368000000000003 0.021484000000000003 0.08849999999999997
2 0.146485 0.240805 0.019529999999999992 0.08621000000000001
2 0.1113285 0.24942499999999998 0.039063 0.10344999999999999
2 0.0751955 0.240805 0.019530999999999993 0.08621000000000001
1 0.41406328000000003 0.50114885 0.82617344 0.9931023
4 0.90576 0.33391 0.09471999999999992 0.06781999999999999
4 0.9043 0.51207 0.08983999999999992 0.06782000000000005
2 0.722655 0.9545950000000001 0.03711000000000009 0.08391000000000004
2 0.41698999999999997 0.952295 0.04687999999999998 0.08390999999999993
2 0.30078 0.952295 0.07225999999999999 0.08390999999999993
2 0.75586 0.9540200000000001 0.01758000000000004 0.08506000000000002
2 0.68652 0.9540200000000001 0.01757999999999993 0.08506000000000002
2 0.7182649999999999 0.04540235 0.06542999999999999 0.08160930000000001
2 0.109864 0.0477013 0.06543200000000002 0.0816094
3 0.894045 0.954025 0.053710000000000035 0.08965000000000001
4 0.301755 0.17701 0.12695 0.039080000000000004
4 0.5292950000000001 0.17931 0.12695 0.039080000000000004
4 0.41698999999999997 0.187355 0.06836000000000003 0.02299000000000001
4 0.30127 0.353445 0.11035999999999999 0.035629999999999995
4 0.530275 0.353445 0.11133000000000004 0.035629999999999995
4 0.416505 0.355745 0.061529999999999974 0.037929999999999964
4 0.74414 0.327585 0.11914000000000002 0.032189999999999996
4 0.30127 0.532185 0.11035999999999999 0.022990000000000066
4 0.529785 0.5310349999999999 0.11035000000000006 0.022989999999999955
4 0.41406 0.5310349999999999 0.0625 0.020689999999999986
4 0.105471 0.51092 0.12109800000000001 0.028740000000000043
4 0.10449249999999999 0.33046 0.121095 0.035640000000000005
4 0.7421850000000001 0.51437 0.12109000000000003 0.028739999999999988
4 0.1108385 0.162645 0.168943 0.07931
4 0.720215 0.159195 0.16895000000000004 0.07931
5 0.108887 0.1063235 0.10058599999999998 0.04023299999999999
5 0.72363 0.104024 0.1015600000000001 0.040232000000000004
5 0.30078 0.3046 0.09765999999999997 0.050580000000000014
5 0.53076 0.30747 0.09667999999999993 0.05171999999999999
5 0.413575 0.30575 0.059569999999999956 0.04827999999999999
5 0.41698999999999997 0.48390500000000003 0.06836000000000003 0.05517
5 0.30078 0.485055 0.12304000000000001 0.05517
5 0.53174 0.486205 0.12402000000000002 0.05516999999999994
5 0.301265 0.652295 0.12207000000000001 0.03793000000000002
5 0.529785 0.652295 0.12207000000000001 0.03793000000000002
5 0.416505 0.652295 0.06739 0.03793000000000002
5 0.299805 0.8333349999999999 0.11914999999999998 0.03219000000000005
5 0.53125 0.832755 0.11524000000000001 0.03563000000000005
5 0.416995 0.83333 0.05859000000000003 0.034480000000000066
5 0.103518 0.637355 0.13086399999999998 0.03563000000000005
5 0.7456050000000001 0.638505 0.13183 0.03563000000000005
5 0.74658 0.46724 0.13183999999999996 0.060919999999999974
5 0.104003 0.46494 0.13183399999999998 0.06092000000000003
5 0.90381 0.659195 0.09471999999999992 0.04252999999999996
5 0.905275 0.8350550000000001 0.09178999999999993 0.031030000000000002
6 0.10595550000000001 0.279885 0.104489 0.044830000000000036
6 0.10986349999999999 0.8511500000000001 0.161133 0.07242000000000004
6 0.738285 0.8471249999999999 0.16210999999999998 0.07357000000000002
6 0.7446299999999999 0.27701 0.10058 0.04368
6 0.902345 0.097125 0.12304999999999999 0.035629999999999995
8 0.01806655 0.06149400000000001 0.0185549 0.035632000000000004
8 0.048827999999999996 0.086783 0.019532 0.035634
8 0.17334 0.0879325 0.02049999999999999 0.035635
8 0.202635 0.063793 0.02051 0.035632000000000004
8 0.8129850000000001 0.06954 0.020509999999999917 0.035632000000000004
8 0.782715 0.0879325 0.020509999999999917 0.035635
8 0.65967 0.086783 0.022460000000000035 0.035634
8 0.63037 0.06954 0.022459999999999924 0.035632000000000004
8 0.111326 0.734485 0.13866799999999999 0.09655000000000002
8 0.723635 0.7327600000000001 0.13866999999999996 0.09540000000000004
8 0.903805 0.71092 0.01464999999999994 0.028739999999999988
8 0.970215 0.18736 0.016609999999999903 0.07816000000000001
8 0.83594 0.18678499999999998 0.01757999999999993 0.07701
9 0.41406125 0.864365 0.8124975 0.025289999999999924
9 0.4155297 0.093679 0.8193406000000001 0.019542000000000004
8 0.197265 0.318965 0.04297000000000001 0.06781000000000004
8 0.0185546 0.31839 0.029296800000000005 0.06435999999999997
8 0.635745 0.318965 0.04296999999999995 0.06550999999999996
8 0.904785 0.18678 0.07714999999999994 0.02184
