2 0.252485 0.283415 0.09941000000000003 0.09644999999999998
2 0.627235 0.313025 0.08946999999999994 0.05752999999999997
2 0.213715 0.478005 0.05765000000000001 0.12013000000000007
2 0.292245 0.478005 0.05567 0.12013000000000007
2 0.630215 0.50423 0.09145000000000003 0.09476000000000007
2 0.25149 0.68866 0.12128000000000003 0.1319800000000001
2 0.702785 0.67174 0.14512999999999998 0.14890000000000003
2 0.517895 0.670895 0.14512999999999998 0.15059
2 0.6401600000000001 0.19881500000000002 0.059640000000000026 0.018609999999999988
5 0.250495 0.33503000000000005 0.13518999999999998 0.01691999999999999
5 0.24950499999999998 0.54484 0.16102999999999998 0.020299999999999985
6 0.61034 0.52369 0.37376000000000004 0.07614000000000004
7 0.170975 0.28511 0.051689999999999986 0.09983999999999998
7 0.330015 0.28511 0.051690000000000014 0.09983999999999998
7 0.14215 0.47716000000000003 0.06957999999999999 0.12860000000000005
7 0.35487 0.47377500000000006 0.06958000000000003 0.12859000000000004
7 0.5506949999999999 0.499155 0.04771000000000003 0.10491000000000006
7 0.70676 0.497465 0.049699999999999966 0.10490999999999995
7 0.70179 0.6412850000000001 0.16301999999999994 0.12183
7 0.510935 0.6649750000000001 0.16303 0.16920999999999997
2 0.8598399999999999 0.7741100000000001 0.02982000000000007 0.10321999999999998
1 0.44731519999999997 0.50169 0.8747496 0.75634
