1 0.4915245 0.4905006 0.962711 0.9619988
2 0.33474499999999996 0.125892 0.07627 0.104516
2 0.502545 0.1235145 0.07627000000000006 0.104511
2 0.6720349999999999 0.12708 0.07626999999999995 0.10214000000000001
2 0.110169 0.321855 0.125422 0.11639
2 0.106779 0.553445 0.125422 0.11876999999999999
2 0.87288 0.321855 0.1254200000000001 0.11639
2 0.8754249999999999 0.552255 0.12373 0.11639000000000005
2 0.333055 0.36461 0.07627 0.15914
2 0.504235 0.36461 0.07627 0.15439999999999998
2 0.6754249999999999 0.365795 0.07626999999999995 0.15677000000000002
2 0.332205 0.59501 0.07456999999999997 0.16864
2 0.504235 0.59501 0.07627 0.16864
2 0.678815 0.59382 0.07626999999999995 0.16152
4 0.872035 0.25178 0.1542300000000001 0.033259999999999984
4 0.8745799999999999 0.485745 0.15254 0.035629999999999995
4 0.106779 0.488125 0.15254199999999998 0.03562999999999994
4 0.11186650000000001 0.254155 0.152547 0.03325000000000003
4 0.33305 0.068884 0.09999999999999998 0.033254000000000006
4 0.50424 0.068884 0.09999999999999998 0.033254000000000006
4 0.6737299999999999 0.07007150000000001 0.09999999999999998 0.03562900000000001
5 0.8728800000000001 0.38836 0.15932000000000002 0.03088000000000002
5 0.8745799999999999 0.61758 0.15932000000000002 0.02849999999999997
5 0.1067795 0.61758 0.159321 0.02849999999999997
5 0.109324 0.38836 0.157632 0.03088000000000002
6 0.492375 0.406175 0.5711900000000001 0.08550999999999997
6 0.492375 0.643705 0.5711900000000001 0.09501000000000004
7 0.26949 0.32779 0.040679999999999966 0.09025999999999995
7 0.39237500000000003 0.32779 0.04236999999999996 0.09025999999999995
7 0.44067999999999996 0.32898000000000005 0.040679999999999994 0.09264
7 0.5644100000000001 0.32898000000000005 0.04067999999999994 0.09264
7 0.611015 0.33017 0.04237000000000002 0.09026
7 0.734745 0.32898000000000005 0.04237000000000002 0.09264
7 0.26949 0.55463 0.040679999999999966 0.09263999999999994
7 0.388985 0.55463 0.04236999999999996 0.09263999999999994
7 0.44067999999999996 0.55463 0.040679999999999994 0.09263999999999994
7 0.5644100000000001 0.55582 0.04067999999999994 0.09502
7 0.61356 0.55582 0.04068000000000005 0.09502
7 0.73559 0.55582 0.04067999999999994 0.09502
9 0.490677 0.21021499999999999 0.957626 0.06412999999999999
9 0.4898295 0.44893 0.959321 0.033259999999999956
9 0.4923745 0.6829000000000001 0.957631 0.030879999999999908
11 0.38051 0.8372900000000001 0.14745999999999998 0.19240000000000002
11 0.6271199999999999 0.8408549999999999 0.14576 0.19477
11 0.8364400000000001 0.83729 0.19830000000000003 0.20189999999999997
11 0.502545 0.83848 0.055930000000000035 0.19002000000000008
11 0.16356099999999998 0.8325450000000001 0.208478 0.18764999999999998
