4 0.29297 0.47168 0.08594000000000002 0.03515999999999997
2 0.7513000000000001 0.246585 0.039059999999999984 0.07715000000000002
2 0.702475 0.246095 0.04037000000000002 0.07616999999999999
2 0.602215 0.243165 0.040369999999999906 0.07812999999999998
4 0.7272099999999999 0.33545 0.12370000000000003 0.04004000000000002
4 0.602865 0.33301000000000003 0.07291000000000003 0.035160000000000025
4 0.6015600000000001 0.47119 0.08594000000000002 0.032220000000000026
4 0.72591 0.46289 0.1341199999999999 0.04687999999999998
2 0.70052 0.532225 0.039059999999999984 0.07812999999999998
2 0.602865 0.38965 0.03906999999999994 0.07811999999999997
2 0.70182 0.3916 0.039060000000000095 0.07811999999999997
2 0.75 0.39209 0.039060000000000095 0.07713999999999999
2 0.74935 0.532225 0.04036000000000006 0.07812999999999998
2 0.6015600000000001 0.5307649999999999 0.039059999999999984 0.07714999999999994
2 0.752605 0.8291 0.04427000000000003 0.07812000000000008
2 0.696615 0.828615 0.041669999999999985 0.07519000000000009
2 0.59961 0.8291 0.04818 0.07812000000000008
2 0.60221 0.682615 0.05078000000000005 0.07226999999999995
3 0.39518 0.90576 0.06119999999999998 0.14159999999999995
2 0.396485 0.805665 0.05338999999999999 0.029290000000000038
2 0.502605 0.828615 0.04686999999999997 0.07715000000000005
2 0.29818 0.828125 0.04947999999999997 0.07617000000000007
2 0.498695 0.522945 0.03125 0.05370999999999998
2 0.459635 0.5224599999999999 0.02865000000000001 0.050779999999999936
2 0.41862 0.5219699999999999 0.029939999999999967 0.05175999999999997
2 0.38021 0.5219699999999999 0.02864 0.05175999999999997
2 0.301435 0.680175 0.055989999999999984 0.06542999999999999
2 0.297525 0.5302749999999999 0.04037000000000002 0.07812999999999998
4 0.43815000000000004 0.28418 0.16536 0.058599999999999985
4 0.29492 0.3291 0.07682 0.03320000000000001
2 0.29883000000000004 0.38817999999999997 0.04036000000000001 0.0791
2 0.29883000000000004 0.24316500000000002 0.04036000000000001 0.07616999999999999
2 0.498695 0.47997999999999996 0.03125 0.02245999999999998
2 0.459635 0.47997999999999996 0.03125 0.020500000000000018
2 0.41991999999999996 0.47948999999999997 0.027339999999999975 0.02148
2 0.37890500000000005 0.479005 0.02865000000000001 0.020509999999999973
2 0.5 0.37451 0.03386 0.04980000000000001
2 0.460285 0.37402 0.03254999999999997 0.05077999999999999
2 0.419275 0.37402 0.03125 0.05077999999999999
2 0.379555 0.37402 0.03255000000000002 0.05077999999999999
2 0.49934999999999996 0.331055 0.029940000000000022 0.027349999999999985
2 0.460935 0.330565 0.02865000000000001 0.026370000000000005
2 0.419275 0.331055 0.03125 0.025390000000000024
2 0.379555 0.330075 0.029949999999999977 0.025390000000000024
2 0.50065 0.21972999999999998 0.029939999999999967 0.04491999999999999
2 0.460935 0.21875 0.03125 0.044920000000000015
2 0.42057500000000003 0.21924 0.02865000000000001 0.045899999999999996
2 0.380205 0.219725 0.03125 0.046869999999999995
2 0.50065 0.17773499999999998 0.029939999999999967 0.025389999999999996
2 0.460285 0.17773499999999998 0.029950000000000032 0.025389999999999996
2 0.42122499999999996 0.17773499999999998 0.029949999999999977 0.025389999999999996
2 0.380205 0.17773499999999998 0.03125 0.025389999999999996
1 0.4550785 0.5170874999999999 0.764323 0.940425
2 0.20247500000000002 0.245115 0.04036999999999999 0.07617000000000002
2 0.15039 0.245115 0.04036000000000001 0.07617000000000002
2 0.14973999999999998 0.390625 0.03906000000000001 0.07616999999999996
2 0.20052 0.390625 0.039059999999999984 0.07616999999999996
2 0.19987 0.5327149999999999 0.03775999999999999 0.07910999999999996
2 0.15169 0.53174 0.03775999999999999 0.07909999999999995
2 0.439455 0.666505 0.15754999999999997 0.08887
2 0.177735 0.6806650000000001 0.08984999999999999 0.08202999999999994
2 0.7239599999999999 0.684085 0.08594000000000002 0.08300999999999992
2 0.29622499999999996 0.9472700000000001 0.058589999999999975 0.06836000000000009
3 0.7272099999999999 0.945805 0.06379999999999997 0.07129000000000008
3 0.177735 0.9487300000000001 0.04557 0.07520000000000004
2 0.440755 0.10254100000000001 0.04557 0.05859800000000001
2 0.282555 0.1069345 0.020830000000000015 0.014650999999999997
2 0.30989500000000003 0.10742499999999999 0.02082999999999996 0.013670000000000002
2 0.567055 0.10595650000000001 0.022129999999999983 0.014647000000000007
2 0.595055 0.1064445 0.020829999999999904 0.013671000000000003
2 0.621745 0.10742499999999999 0.022129999999999983 0.013670000000000002
2 0.95638 0.17578 0.037760000000000016 0.07225999999999999
2 0.9082 0.17529499999999998 0.037760000000000016 0.07128999999999999
2 0.934245 0.313965 0.10807 0.09082999999999997
2 0.934245 0.46728499999999995 0.10807 0.08886999999999995
8 0.9322950000000001 0.38867 0.10416999999999998 0.056640000000000024
4 0.16732 0.331055 0.12630000000000002 0.039069999999999994
4 0.171875 0.46582 0.14062999999999998 0.05274000000000001
5 0.17253000000000002 0.441405 0.1237 0.029290000000000038
5 0.29296500000000003 0.438965 0.06770999999999999 0.03222999999999998
5 0.72461 0.44189 0.12370000000000003 0.028320000000000012
5 0.60091 0.44043 0.07682 0.029299999999999993
5 0.43489500000000003 0.562015 0.10417000000000004 0.03027000000000002
5 0.290365 0.58203 0.05989 0.029299999999999993
5 0.17513 0.58545 0.09506 0.028320000000000012
5 0.725265 0.5859399999999999 0.09375 0.029299999999999993
5 0.6015649999999999 0.583495 0.07030999999999998 0.03027000000000002
5 0.4375 0.410155 0.16666000000000003 0.025390000000000024
5 0.44205500000000003 0.13623000000000002 0.15495000000000003 0.04394000000000001
6 0.4375 0.7275400000000001 0.16146 0.03515999999999997
6 0.28581 0.730955 0.09766 0.03222999999999998
6 0.6009150000000001 0.731445 0.09504999999999997 0.035150000000000015
5 0.72526 0.742675 0.09114 0.036129999999999995
5 0.179035 0.7417 0.09244999999999998 0.03613999999999995
8 0.44140999999999997 0.435545 0.16406000000000004 0.06054999999999999
8 0.47721 0.0952145 0.02474000000000004 0.041991
8 0.40234000000000003 0.094726 0.02343999999999996 0.04296799999999999
8 0.6041700000000001 0.18554500000000002 0.023440000000000016 0.037110000000000004
8 0.7265600000000001 0.18945499999999998 0.023440000000000016 0.037110000000000004
8 0.17513 0.188965 0.024740000000000012 0.036129999999999995
8 0.29818 0.186035 0.023440000000000016 0.036129999999999995
8 0.727215 0.6245099999999999 0.05859000000000003 0.03808
8 0.17513 0.623535 0.05860000000000001 0.03809000000000007
8 0.43684999999999996 0.60791 0.04036000000000001 0.028320000000000012
8 0.64844 0.7011700000000001 0.026040000000000063 0.039059999999999984
8 0.233075 0.699705 0.03125 0.03808999999999996
8 0.40169 0.822755 0.14714 0.10058999999999996
8 0.50065 0.7817350000000001 0.03776000000000007 0.01464999999999994
9 0.4505225 0.7495149999999999 0.744795 0.05957000000000001
9 0.4524725 0.59766 0.748695 0.0625
9 0.4518245 0.2959 0.755211 0.04491999999999996
9 0.457031 0.13916499999999998 0.736978 0.059569999999999984
10 0.34309999999999996 0.1518545 0.027339999999999975 0.16113099999999997
10 0.534505 0.150881 0.027349999999999985 0.161138
10 0.34375 0.42284999999999995 0.02864 0.24999999999999994
10 0.5332049999999999 0.42479999999999996 0.029950000000000032 0.24999999999999994
10 0.34245000000000003 0.28711 0.049480000000000024 0.019540000000000002
10 0.534505 0.28808500000000004 0.05079 0.023430000000000006
10 0.0898455 0.146975 0.028648999999999994 0.026370000000000005
10 0.0878895 0.21972999999999998 0.027341000000000004 0.11914
10 0.815755 0.224125 0.027349999999999985 0.11620999999999998
10 0.81576 0.15039 0.037760000000000016 0.029299999999999993
8 0.8144549999999999 0.33447499999999997 0.03254999999999997 0.047850000000000004
8 0.0891915 0.33252 0.024736999999999995 0.047860000000000014
11 0.600915 0.9467749999999999 0.055989999999999984 0.07128999999999996
11 0.5 0.94531 0.054680000000000006 0.06835999999999998
11 0.55013 0.9379850000000001 0.04296 0.053710000000000035
11 0.660805 0.9379850000000001 0.04296999999999995 0.053710000000000035
11 0.23307499999999998 0.93994 0.044270000000000004 0.05566000000000004
11 0.250655 0.901365 0.16796999999999998 0.009769999999999945
11 0.632165 0.90137 0.34505 0.011719999999999953
2 0.20182 0.82959 0.049480000000000024 0.0771400000000001
