2 0.290365 0.404785 0.044269999999999976 0.05567
2 0.382165 0.404785 0.04297000000000001 0.05567
2 0.291015 0.51807 0.04036999999999996 0.05762000000000006
2 0.383465 0.51758 0.04037000000000002 0.05860000000000004
4 0.28646 0.480955 0.07811999999999997 0.030269999999999964
4 0.38151 0.47998 0.07812000000000002 0.028320000000000012
4 0.47656 0.480465 0.07551999999999998 0.03125
4 0.57422 0.47998 0.07551999999999992 0.028320000000000012
2 0.48046500000000003 0.404785 0.04427000000000003 0.05567
2 0.5761750000000001 0.4043 0.04557 0.056640000000000024
2 0.5761700000000001 0.51758 0.04036000000000006 0.05860000000000004
2 0.47982 0.51758 0.04036000000000001 0.05860000000000004
2 0.6692750000000001 0.4043 0.04426999999999992 0.056640000000000024
2 0.76237 0.40381 0.045579999999999954 0.05566000000000004
2 0.66927 0.51709 0.04166000000000003 0.05762000000000006
2 0.76237 0.51709 0.04035999999999995 0.05762000000000006
4 0.66797 0.47997999999999996 0.07551999999999992 0.03028000000000003
4 0.76237 0.47997999999999996 0.07421999999999995 0.03028000000000003
4 0.7610699999999999 0.597165 0.07682 0.026369999999999894
4 0.76302 0.716305 0.08333999999999997 0.04198999999999997
4 0.66927 0.717285 0.08594000000000002 0.043950000000000045
2 0.66862 0.63916 0.045579999999999954 0.06934000000000007
2 0.761065 0.638675 0.04296999999999995 0.0703100000000001
2 0.6692750000000001 0.76465 0.04426999999999992 0.06836000000000009
2 0.7630250000000001 0.76416 0.04426999999999992 0.06738
2 0.48046500000000003 0.63916 0.04427000000000003 0.06934000000000007
2 0.5761750000000001 0.63916 0.04557 0.06934000000000007
2 0.48046500000000003 0.76514 0.04427000000000003 0.06738
2 0.576825 0.76514 0.04427000000000003 0.06738
4 0.477865 0.71582 0.08593 0.041020000000000056
4 0.57487 0.717775 0.08723999999999998 0.042970000000000064
4 0.57487 0.597655 0.07942000000000005 0.027349999999999985
4 0.381515 0.598145 0.08072999999999997 0.026370000000000005
4 0.28711 0.7167950000000001 0.08984 0.042970000000000064
4 0.38151 0.717285 0.08854000000000001 0.043950000000000045
2 0.291665 0.639645 0.04427000000000003 0.07030999999999998
2 0.384115 0.639645 0.044269999999999976 0.07030999999999998
2 0.291665 0.76611 0.04427000000000003 0.06738
2 0.385415 0.765625 0.04427000000000003 0.06641000000000008
2 0.761715 0.89209 0.04427000000000003 0.06541999999999992
2 0.6692750000000001 0.89209 0.04426999999999992 0.06541999999999992
2 0.576825 0.89209 0.04427000000000003 0.06541999999999992
3 0.48046999999999995 0.92041 0.062499999999999944 0.12401999999999991
2 0.384765 0.89209 0.04297000000000001 0.06541999999999992
2 0.292315 0.89209 0.04297000000000001 0.06541999999999992
1 0.47590999999999994 0.6333 0.6914 0.7002
2 0.194015 0.4043 0.044270000000000004 0.056640000000000024
2 0.197265 0.51904 0.04037000000000002 0.05761999999999995
2 0.198565 0.63916 0.04557 0.06934000000000007
2 0.19661499999999998 0.76758 0.044270000000000004 0.06835999999999998
4 0.19401000000000002 0.7158199999999999 0.08593999999999999 0.04296
4 0.19661499999999998 0.5956999999999999 0.08592999999999998 0.029299999999999993
4 0.194665 0.479005 0.08202999999999999 0.03027000000000002
4 0.291665 0.587405 0.08072999999999997 0.04785000000000006
4 0.48112 0.587405 0.07941999999999999 0.04785000000000006
4 0.6692750000000001 0.588375 0.08073000000000008 0.04784999999999995
4 0.92513 0.468265 0.10026000000000002 0.020510000000000028
4 0.917965 0.5825199999999999 0.09375 0.03613999999999995
2 0.921875 0.388675 0.05729000000000006 0.05859000000000003
2 0.91927 0.5068349999999999 0.05989999999999995 0.06054999999999999
5 0.921225 0.5400400000000001 0.08984999999999999 0.011720000000000064
5 0.921875 0.674805 0.09375 0.023430000000000062
2 0.9225300000000001 0.63086 0.050779999999999936 0.06640000000000001
8 0.45377500000000004 0.338375 0.03255000000000002 0.014649999999999996
8 0.40495 0.33935499999999996 0.03386 0.014649999999999996
8 0.35807500000000003 0.338375 0.03384999999999999 0.014649999999999996
8 0.503255 0.33740499999999995 0.03255000000000002 0.014649999999999996
8 0.551435 0.33886499999999997 0.03255000000000008 0.013670000000000015
8 0.171875 0.33935499999999996 0.03384999999999999 0.014649999999999996
8 0.21875 0.33886499999999997 0.03386 0.013670000000000015
8 0.26432500000000003 0.33886499999999997 0.03384999999999999 0.013670000000000015
8 0.311195 0.33886499999999997 0.03385000000000005 0.013670000000000015
8 0.59896 0.338375 0.03386 0.014649999999999996
8 0.645185 0.338375 0.03255000000000008 0.014649999999999996
8 0.69401 0.33789 0.03386 0.01367999999999997
8 0.7395849999999999 0.33789 0.03385000000000005 0.01367999999999997
8 0.78646 0.338375 0.03386 0.014649999999999996
8 0.66862 0.33008 0.009120000000000017 0.03320000000000001
8 0.7167950000000001 0.32959 0.009110000000000062 0.032220000000000026
8 0.76237 0.3291 0.009120000000000017 0.03320000000000001
8 0.8105450000000001 0.328615 0.009110000000000062 0.03222999999999998
8 0.621745 0.328615 0.009109999999999951 0.03222999999999998
8 0.573565 0.3291 0.009109999999999951 0.03320000000000001
8 0.5260400000000001 0.3291 0.010419999999999985 0.03320000000000001
8 0.477215 0.3291 0.009109999999999951 0.03320000000000001
8 0.427735 0.3291 0.009110000000000007 0.03320000000000001
8 0.38086 0.3291 0.009119999999999961 0.03320000000000001
8 0.333985 0.32959 0.009110000000000007 0.032220000000000026
8 0.285805 0.3291 0.009110000000000007 0.03320000000000001
8 0.14518 0.33008 0.009120000000000017 0.03320000000000001
8 0.19271 0.33008 0.010420000000000013 0.03320000000000001
8 0.240235 0.33008 0.009110000000000007 0.03320000000000001
9 0.47396000000000005 0.32471 0.6875 0.07909999999999995
9 0.47656 0.43945500000000004 0.6849000000000001 0.019529999999999992
9 0.47656 0.554685 0.6849000000000001 0.019530000000000047
9 0.47851499999999997 0.680175 0.68619 0.012689999999999979
9 0.47656 0.819335 0.6875 0.04100999999999999
5 0.289715 0.9418949999999999 0.07160999999999995 0.03809000000000007
5 0.38151 0.94092 0.07291999999999998 0.03808
5 0.57617 0.94092 0.07162000000000002 0.03808
5 0.66927 0.94092 0.07291999999999998 0.03808
5 0.76107 0.9418949999999999 0.07162000000000002 0.03809000000000007
10 0.889975 0.66211 0.014330000000000065 0.0039000000000000146
10 0.889975 0.63379 0.006510000000000016 0.05274000000000001
10 0.88932 0.601565 0.013020000000000032 0.009770000000000056
11 0.422525 0.9043 0.022129999999999983 0.023439999999999905
