1 0.71479 0.589845 0.37385999999999997 0.81055
1 0.343465 0.601565 0.36879 0.78711
2 0.344985 0.374025 0.06383 0.08789000000000002
2 0.46504500000000004 0.37549 0.06280999999999998 0.08692
2 0.46606000000000003 0.558105 0.06282000000000004 0.09472999999999998
2 0.34448 0.555665 0.06281999999999999 0.09375
2 0.198075 0.552735 0.033430000000000015 0.09179000000000004
2 0.249745 0.552735 0.03342999999999999 0.09179000000000004
2 0.35106499999999996 0.740235 0.057750000000000024 0.08399000000000001
2 0.471125 0.7417 0.05876999999999999 0.08299999999999996
2 0.254815 0.739255 0.031409999999999993 0.08203000000000005
2 0.204155 0.738285 0.031409999999999993 0.08203000000000005
2 0.24924000000000002 0.370605 0.03242000000000003 0.08887
2 0.199085 0.36816499999999996 0.03141000000000002 0.08788999999999997
2 0.656535 0.274415 0.054710000000000036 0.08399000000000004
2 0.763425 0.274905 0.05573000000000006 0.08301000000000003
2 0.593215 0.43066499999999996 0.06382999999999994 0.09571000000000002
2 0.708715 0.42871 0.06383000000000005 0.09570000000000001
2 0.825225 0.427735 0.06383000000000005 0.09571000000000002
2 0.594225 0.5966800000000001 0.06383000000000005 0.09570000000000001
2 0.706685 0.5956999999999999 0.06383000000000005 0.09570000000000001
2 0.826245 0.59473 0.06383000000000005 0.09570000000000001
2 0.830295 0.754395 0.06383000000000005 0.09472999999999998
2 0.711755 0.75488 0.06383000000000005 0.09570000000000001
2 0.596255 0.756835 0.06383000000000005 0.09570999999999996
3 0.35512 0.936035 0.08004 0.11425000000000007
3 0.598785 0.941405 0.06281000000000003 0.10157000000000005
4 0.466565 0.48485999999999996 0.10030999999999995 0.02245999999999998
4 0.34548999999999996 0.48389000000000004 0.10132000000000002 0.02245999999999998
4 0.47163 0.6674800000000001 0.1003 0.022460000000000035
4 0.349545 0.66553 0.10131000000000001 0.022460000000000035
4 0.593215 0.5356449999999999 0.10841 0.04785000000000006
4 0.708205 0.53418 0.10738999999999999 0.04688000000000003
4 0.8262449999999999 0.533695 0.10841 0.04785000000000006
5 0.343465 0.42041 0.09522999999999998 0.01856000000000002
5 0.46302 0.42285 0.09523999999999999 0.01758000000000004
5 0.346505 0.606445 0.09119 0.015630000000000033
5 0.468085 0.608885 0.08915000000000001 0.014650000000000052
5 0.47163499999999997 0.788575 0.09016999999999997 0.014650000000000052
5 0.35005 0.784665 0.09017999999999998 0.01464999999999994
5 0.59321 0.481445 0.09421999999999997 0.015629999999999977
5 0.7077 0.48291 0.09421999999999997 0.014639999999999986
5 0.825735 0.480955 0.09522999999999993 0.014649999999999996
5 0.594225 0.648435 0.10638999999999998 0.013670000000000071
5 0.7077 0.6474599999999999 0.10637999999999992 0.013680000000000025
5 0.827255 0.6474599999999999 0.10638999999999998 0.013680000000000025
8 0.7097249999999999 0.27588 0.039510000000000045 0.03808
9 0.34296 0.28711 0.3617 0.035160000000000025
9 0.340425 0.4668 0.36068999999999996 0.03515999999999997
9 0.339415 0.6425799999999999 0.36069 0.02734000000000003
9 0.343465 0.8300799999999999 0.36069 0.02734000000000003
9 0.71226 0.328125 0.35664000000000007 0.035150000000000015
9 0.7142850000000001 0.68262 0.36271 0.023439999999999905
9 0.7153 0.8129900000000001 0.36272000000000004 0.024419999999999997
10 0.8799399999999999 0.932615 0.015199999999999991 0.07616999999999996
10 0.7705200000000001 0.93408 0.015199999999999991 0.07519999999999993
10 0.286225 0.9418949999999999 0.013170000000000015 0.07128999999999996
10 0.242145 0.942385 0.016209999999999974 0.07226999999999995
10 0.18136000000000002 0.94336 0.014179999999999998 0.07225999999999999
10 0.203645 0.9443349999999999 0.016210000000000002 0.07226999999999995
10 0.880445 0.9824200000000001 0.01822999999999997 0.023440000000000016
10 0.77001 0.9834 0.018240000000000034 0.023440000000000016
10 0.28774500000000003 0.98535 0.02836999999999995 0.015620000000000078
10 0.24164000000000002 0.9863299999999999 0.02937999999999999 0.015620000000000078
10 0.204155 0.987305 0.023309999999999997 0.013670000000000071
10 0.179835 0.987305 0.01924999999999999 0.015630000000000033
10 0.204155 0.90039 0.02127000000000001 0.015619999999999967
10 0.242655 0.898925 0.02127000000000001 0.012689999999999979
10 0.28673000000000004 0.898435 0.01823999999999998 0.013670000000000071
10 0.771025 0.88086 0.02027000000000001 0.029299999999999993
10 0.880445 0.88086 0.02027000000000001 0.029299999999999993
11 0.308515 0.91211 0.01924999999999999 0.019540000000000002
11 0.402225 0.8081050000000001 0.23302999999999996 0.024409999999999932
11 0.19554 0.80713 0.06889999999999999 0.020499999999999963
11 0.42096999999999996 0.697755 0.029380000000000017 0.04198999999999997
11 0.6580550000000001 0.83887 0.16515000000000002 0.02733999999999992
11 0.82776 0.8393550000000001 0.06890000000000007 0.024409999999999932
11 0.544575 0.9321299999999999 0.025329999999999964 0.08692
11 0.655015 0.9321299999999999 0.025330000000000075 0.08692
11 0.7112499999999999 0.922855 0.08916000000000002 0.09960999999999998
3 0.8252250000000001 0.932615 0.08206999999999998 0.12109000000000003
11 0.473655 0.923825 0.08206999999999998 0.08789000000000002
11 0.42806500000000003 0.9375 0.009110000000000007 0.07031999999999994
11 0.40020500000000003 0.9375 0.010130000000000028 0.07031999999999994
11 0.41388 0.938965 0.017219999999999958 0.08887
11 0.24012 0.920895 0.01823999999999998 0.013670000000000071
11 0.20162000000000002 0.9331050000000001 0.014179999999999998 0.04981000000000002
11 0.17984 0.8974599999999999 0.027359999999999995 0.013680000000000025
11 0.976695 0.91455 0.028370000000000006 0.03808
8 0.416415 0.83838 0.06687000000000004 0.040040000000000076
11 0.553195 0.83789 0.028370000000000006 0.029299999999999993
