1 0.50243505 0.50146485 0.9951299 0.9970703
2 0.054383 0.0444335 0.030844000000000003 0.026367
2 0.098216 0.043456999999999996 0.030848 0.026367999999999996
2 0.156655 0.041504 0.030850000000000016 0.026368
2 0.201295 0.041504 0.03247 0.026368
2 0.26380000000000003 0.040039000000000005 0.030840000000000034 0.027344
2 0.310065 0.0395505 0.03247 0.026367
2 0.37012999999999996 0.038086 0.03245999999999999 0.027343999999999997
2 0.41720999999999997 0.0375975 0.029219999999999968 0.026366999999999998
2 0.478085 0.0375975 0.027590000000000003 0.026366999999999998
2 0.52435 0.0366215 0.029220000000000024 0.026367
2 0.5852299999999999 0.0366215 0.027599999999999958 0.026367
2 0.63068 0.0366215 0.02760000000000007 0.026367
2 0.6923699999999999 0.0356445 0.027599999999999958 0.026367000000000005
2 0.7362 0.0356445 0.027599999999999958 0.026367000000000005
2 0.796265 0.0366215 0.027590000000000003 0.026367
2 0.84091 0.0366215 0.029219999999999913 0.026367
2 0.901785 0.0375975 0.027590000000000003 0.026366999999999998
2 0.94643 0.0375975 0.029220000000000024 0.026366999999999998
2 0.949675 0.09228449999999999 0.029229999999999978 0.03613100000000001
2 0.9017850000000001 0.091311 0.030849999999999933 0.036138
2 0.84253 0.0932625 0.029220000000000024 0.036135
2 0.79708 0.091311 0.029220000000000024 0.036138
2 0.73539 0.0932625 0.029220000000000024 0.036135
2 0.6907449999999999 0.091311 0.030849999999999933 0.036138
2 0.62825 0.090333 0.029220000000000024 0.036134
2 0.58279 0.090333 0.029220000000000024 0.036134
2 0.5211 0.091311 0.029220000000000024 0.036138
2 0.47403 0.091311 0.029220000000000024 0.036138
2 0.41315 0.092286 0.027600000000000013 0.038088
2 0.367695 0.09277099999999999 0.027590000000000003 0.039057999999999995
2 0.30682 0.0942375 0.025980000000000003 0.03808500000000001
2 0.26055 0.09570100000000001 0.027599999999999986 0.039057999999999995
2 0.19885999999999998 0.09570100000000001 0.027599999999999986 0.039057999999999995
2 0.155845 0.09814600000000001 0.02597000000000002 0.038088
2 0.095781 0.0996075 0.025978 0.037105
2 0.0511365 0.10107550000000001 0.02435099999999999 0.038089
2 0.047889999999999995 0.1543 0.030843999999999996 0.03516
2 0.092531 0.15283 0.029217999999999994 0.03417999999999999
2 0.15097 0.14551 0.029219999999999996 0.02148
2 0.19805 0.14648499999999998 0.029219999999999996 0.025389999999999996
2 0.25649 0.1499 0.029219999999999996 0.03417999999999999
2 0.30113500000000004 0.14893 0.03084999999999999 0.03417999999999999
2 0.36282499999999995 0.14745999999999998 0.03084999999999999 0.03516
2 0.4099 0.14745999999999998 0.03083999999999998 0.03516
2 0.47403 0.13916 0.029220000000000024 0.02049999999999999
2 0.5211 0.141115 0.029220000000000024 0.024410000000000015
2 0.58036 0.14551 0.03083999999999998 0.035160000000000025
2 0.62581 0.143555 0.03083999999999998 0.03514999999999999
2 0.6875 0.14404 0.03083999999999998 0.03417999999999999
2 0.73458 0.14501999999999998 0.03083999999999998 0.034180000000000016
2 0.79708 0.137205 0.029220000000000024 0.01855000000000001
2 0.84253 0.13916 0.029220000000000024 0.022460000000000008
2 0.044643 0.20801 0.030844 0.035160000000000025
2 0.9026 0.143555 0.029220000000000024 0.03514999999999999
2 0.94643 0.143555 0.029220000000000024 0.03514999999999999
2 0.9480500000000001 0.19482 0.029219999999999913 0.03417999999999999
2 0.90422 0.19774999999999998 0.029220000000000024 0.034180000000000016
2 0.73458 0.1958 0.03083999999999998 0.03417999999999999
2 0.68831 0.19678 0.029220000000000024 0.034180000000000016
2 0.627435 0.19629000000000002 0.030849999999999933 0.03516
2 0.5819799999999999 0.197265 0.03084000000000009 0.035150000000000015
2 0.40909 0.19971 0.029220000000000024 0.03417999999999999
2 0.36445 0.20166 0.03083999999999998 0.03417999999999999
2 0.30195 0.20117000000000002 0.029220000000000024 0.03516
2 0.25649 0.20459 0.029219999999999996 0.03417999999999999
2 0.0900995 0.20654499999999998 0.027601 0.03223000000000001
2 0.16315000000000002 0.19579999999999997 0.017860000000000015 0.03222
2 0.2013 0.19873000000000002 0.019479999999999997 0.03222
2 0.19886500000000001 0.25244 0.017850000000000005 0.03222
2 0.16071 0.251465 0.019479999999999997 0.03222999999999998
2 0.15747 0.305175 0.019479999999999997 0.032230000000000036
2 0.19805 0.309085 0.019479999999999997 0.03222999999999998
2 0.48539 0.19043 0.019479999999999997 0.03319999999999998
2 0.52597 0.19336 0.019480000000000053 0.03320000000000001
2 0.52435 0.246095 0.019479999999999942 0.03320999999999999
2 0.48539 0.243655 0.019479999999999997 0.03223000000000001
2 0.5227299999999999 0.30176000000000003 0.019480000000000053 0.03319999999999995
2 0.482955 0.29785 0.017849999999999977 0.03320000000000001
2 0.81331 0.18848 0.019479999999999942 0.03320000000000001
2 0.85065 0.191405 0.019479999999999942 0.03320999999999999
2 0.8522700000000001 0.24512 0.019480000000000053 0.03320000000000001
2 0.81331 0.24267500000000003 0.019479999999999942 0.03223000000000001
2 0.814935 0.293945 0.019490000000000007 0.03321000000000002
2 0.85065 0.299315 0.019479999999999942 0.03222999999999998
2 0.15747 0.36035 0.019479999999999997 0.03320000000000001
2 0.19643 0.361815 0.019479999999999997 0.03222999999999998
2 0.48214 0.35448999999999997 0.019479999999999997 0.03319999999999995
2 0.5227299999999999 0.35547 0.019480000000000053 0.03320000000000001
2 0.81169 0.35058500000000004 0.019479999999999942 0.03321000000000002
2 0.85065 0.35254 0.019479999999999942 0.03320000000000001
2 0.8522700000000001 0.40918 0.019480000000000053 0.03320000000000001
2 0.814935 0.4043 0.019490000000000007 0.03320000000000001
2 0.48051999999999995 0.410155 0.019479999999999997 0.03320999999999996
2 0.5219149999999999 0.41211 0.017850000000000033 0.03320000000000001
2 0.19805 0.41797 0.019479999999999997 0.03320000000000001
2 0.15747 0.416015 0.019479999999999997 0.03321000000000002
2 0.15584 0.4707 0.019479999999999997 0.03320000000000001
2 0.19562000000000002 0.47412 0.017860000000000015 0.032220000000000026
2 0.48214 0.4668 0.019479999999999997 0.03320000000000001
2 0.5211 0.46875 0.019479999999999942 0.03320000000000001
2 0.81737 0.46094 0.017859999999999987 0.03320000000000001
2 0.84903 0.46289 0.019480000000000053 0.03320000000000001
2 0.85065 0.51953 0.019479999999999942 0.03320000000000001
2 0.814935 0.5175799999999999 0.019490000000000007 0.03320000000000001
2 0.47970999999999997 0.5224599999999999 0.017860000000000043 0.03320000000000001
2 0.5219149999999999 0.524415 0.017850000000000033 0.03320999999999996
2 0.198055 0.527835 0.012990000000000002 0.036130000000000106
2 0.1599 0.52637 0.017860000000000015 0.03320000000000001
2 0.8125 0.57422 0.024359999999999937 0.03320000000000001
2 0.8522700000000001 0.57422 0.019480000000000053 0.03320000000000001
2 0.52029 0.5791 0.017859999999999987 0.03320000000000001
2 0.479705 0.578125 0.024349999999999983 0.03320999999999996
2 0.155845 0.581055 0.02273 0.03320999999999996
2 0.19886500000000001 0.5825199999999999 0.014609999999999984 0.03613999999999995
2 0.0430195 0.26221 0.030845 0.03417999999999999
2 0.088476 0.26073999999999997 0.030848 0.035160000000000025
2 0.088476 0.314455 0.030848 0.035150000000000015
2 0.039773 0.31494 0.030844 0.03417999999999999
2 0.039773 0.36865000000000003 0.030844 0.034180000000000044
2 0.0868495 0.36865000000000003 0.030840999999999993 0.034180000000000044
2 0.25406 0.25537 0.030840000000000006 0.03417999999999999
2 0.300325 0.25537 0.029229999999999978 0.03417999999999999
2 0.36119999999999997 0.25342 0.030840000000000034 0.03417999999999996
2 0.4099 0.25244 0.03083999999999998 0.03417999999999999
2 0.40584 0.30664 0.029219999999999968 0.035160000000000025
2 0.36039 0.308595 0.029220000000000024 0.035150000000000015
2 0.29789 0.31006 0.03083999999999998 0.03417999999999999
2 0.25162 0.31006 0.029220000000000024 0.03417999999999999
2 0.25 0.36572 0.029220000000000024 0.03417999999999999
2 0.29708 0.36377 0.029220000000000024 0.03417999999999999
2 0.357955 0.36279 0.03084999999999999 0.03417999999999999
2 0.40503 0.362305 0.03083999999999998 0.035150000000000015
2 0.40341 0.41698999999999997 0.03083999999999998 0.035160000000000025
2 0.35714 0.41748 0.029220000000000024 0.03417999999999999
2 0.29708 0.41942999999999997 0.029220000000000024 0.034180000000000044
2 0.25081 0.41942999999999997 0.030840000000000034 0.034180000000000044
2 0.40341000000000005 0.47119 0.027600000000000013 0.03417999999999999
2 0.357955 0.472655 0.027590000000000003 0.035150000000000015
2 0.296265 0.47461 0.027590000000000003 0.035160000000000025
2 0.25081 0.47461 0.027600000000000013 0.035160000000000025
2 0.041396 0.424805 0.027598 0.035150000000000015
2 0.0876625 0.421875 0.025974999999999998 0.035150000000000015
2 0.08685100000000001 0.47753999999999996 0.027597999999999998 0.035160000000000025
2 0.040584 0.478515 0.025974 0.03514999999999996
2 0.086039 0.532225 0.025973999999999997 0.035149999999999904
2 0.045454999999999995 0.5332 0.025974000000000004 0.03516000000000008
2 0.25 0.5293 0.025980000000000003 0.03516000000000008
2 0.29789 0.52832 0.027600000000000013 0.03516000000000008
2 0.357955 0.52832 0.027590000000000003 0.03516000000000008
2 0.40422 0.52832 0.025980000000000003 0.03516000000000008
2 0.9504900000000001 0.24804500000000002 0.027599999999999958 0.035150000000000015
2 0.90503 0.249025 0.02760000000000007 0.035150000000000015
2 0.73539 0.249025 0.025980000000000003 0.035150000000000015
2 0.6875 0.249025 0.02760000000000007 0.035150000000000015
2 0.626625 0.25 0.02597000000000005 0.03516
2 0.58036 0.24951 0.02760000000000007 0.034180000000000016
2 0.9504900000000001 0.30078 0.027599999999999958 0.03515999999999997
2 0.90503 0.30176000000000003 0.02760000000000007 0.035160000000000025
2 0.73539 0.302735 0.025980000000000003 0.03514999999999996
2 0.6875 0.302735 0.02760000000000007 0.03514999999999996
2 0.62338 0.30371000000000004 0.029219999999999913 0.035160000000000025
2 0.5763 0.3042 0.029220000000000024 0.036140000000000005
2 0.574675 0.358885 0.029229999999999978 0.036129999999999995
2 0.62338 0.358885 0.029219999999999913 0.036129999999999995
2 0.68669 0.3584 0.029220000000000024 0.03515999999999997
2 0.73377 0.35741999999999996 0.029220000000000024 0.035160000000000025
2 0.90422 0.35448999999999997 0.029220000000000024 0.035160000000000025
2 0.949675 0.35547 0.029229999999999978 0.03515999999999997
2 0.90422 0.40918 0.029220000000000024 0.03515999999999997
2 0.95292 0.40918 0.029220000000000024 0.03515999999999997
2 0.73377 0.410645 0.029220000000000024 0.036129999999999995
2 0.68669 0.41162 0.029220000000000024 0.036140000000000005
2 0.62338 0.41211 0.029219999999999913 0.035160000000000025
2 0.574675 0.41455 0.029229999999999978 0.036140000000000005
2 0.95292 0.464355 0.029220000000000024 0.036129999999999995
2 0.90584 0.465335 0.029220000000000024 0.036129999999999995
2 0.73377 0.46875 0.029220000000000024 0.03515999999999997
2 0.685065 0.467775 0.029229999999999978 0.035150000000000015
2 0.62338 0.468265 0.029219999999999913 0.036129999999999995
2 0.5763 0.469725 0.029220000000000024 0.035150000000000015
2 0.574675 0.524415 0.029229999999999978 0.035150000000000015
2 0.62175 0.524415 0.029220000000000024 0.035150000000000015
2 0.68344 0.524415 0.029219999999999913 0.035150000000000015
2 0.73377 0.5234399999999999 0.029220000000000024 0.03515999999999997
2 0.90584 0.520995 0.029220000000000024 0.036129999999999995
2 0.95455 0.52051 0.029220000000000024 0.03515999999999997
2 0.95292 0.5761700000000001 0.029220000000000024 0.03515999999999997
2 0.90584 0.577635 0.029220000000000024 0.036129999999999995
2 0.73214 0.578615 0.029220000000000024 0.036129999999999995
2 0.68182 0.57959 0.029220000000000024 0.03613999999999995
2 0.625 0.581055 0.029220000000000024 0.035150000000000015
2 0.5763 0.581055 0.029220000000000024 0.035150000000000015
2 0.087661 0.586915 0.029217999999999994 0.035150000000000015
2 0.0438315 0.58789 0.029221 0.03515999999999997
2 0.25162 0.5849599999999999 0.029220000000000024 0.03515999999999997
2 0.29708 0.5849599999999999 0.029220000000000024 0.03515999999999997
2 0.35714 0.5849599999999999 0.029220000000000024 0.03515999999999997
2 0.40422 0.583495 0.029219999999999968 0.036129999999999995
2 0.0454545 0.6401399999999999 0.022726999999999997 0.03417999999999999
2 0.08847450000000001 0.6401399999999999 0.024350999999999998 0.03417999999999999
2 0.14529 0.63916 0.027600000000000013 0.03417999999999999
2 0.19075 0.63916 0.027600000000000013 0.03417999999999999
2 0.24919 0.63916 0.027600000000000013 0.03417999999999999
2 0.29789 0.63818 0.027600000000000013 0.03417999999999999
2 0.35470999999999997 0.6362300000000001 0.027600000000000013 0.03417999999999999
2 0.35714 0.69189 0.029220000000000024 0.0341800000000001
2 0.296265 0.6928700000000001 0.027590000000000003 0.03417999999999999
2 0.25 0.6928700000000001 0.029220000000000024 0.03417999999999999
2 0.19318000000000002 0.6928700000000001 0.029219999999999996 0.03417999999999999
2 0.14854 0.69189 0.027600000000000013 0.0341800000000001
2 0.0900995 0.6928700000000001 0.027601 0.03417999999999999
2 0.047078 0.6928700000000001 0.025973999999999997 0.032220000000000026
2 0.401785 0.63672 0.030850000000000044 0.03515999999999997
2 0.401785 0.691405 0.030850000000000044 0.035150000000000015
2 0.46347499999999997 0.691405 0.03084999999999999 0.035150000000000015
2 0.51136 0.68994 0.029220000000000024 0.0341800000000001
2 0.46429 0.63672 0.029219999999999968 0.03320000000000001
2 0.51136 0.63574 0.029220000000000024 0.03320000000000001
2 0.57224 0.6352500000000001 0.03083999999999998 0.03417999999999999
2 0.57224 0.68994 0.03083999999999998 0.0341800000000001
2 0.622565 0.634765 0.027590000000000003 0.035150000000000015
2 0.62094 0.69043 0.027599999999999958 0.03516000000000008
2 0.68425 0.634765 0.027599999999999958 0.035150000000000015
2 0.68425 0.689455 0.027599999999999958 0.035150000000000015
2 0.73133 0.688475 0.027599999999999958 0.035149999999999904
2 0.73133 0.63428 0.027599999999999958 0.03417999999999999
2 0.79464 0.631835 0.02760000000000007 0.035150000000000015
2 0.7930200000000001 0.688475 0.027599999999999958 0.035149999999999904
2 0.843345 0.631835 0.027590000000000003 0.035150000000000015
2 0.90503 0.631835 0.02760000000000007 0.035150000000000015
2 0.95211 0.62988 0.02760000000000007 0.03516000000000008
2 0.95211 0.686525 0.02760000000000007 0.035149999999999904
2 0.90503 0.686525 0.02760000000000007 0.035149999999999904
2 0.84172 0.688475 0.027599999999999958 0.035149999999999904
2 0.0478895 0.750485 0.024350999999999998 0.036129999999999995
2 0.09172250000000001 0.750975 0.024355 0.035149999999999904
2 0.148535 0.750485 0.024349999999999983 0.036129999999999995
2 0.193995 0.750485 0.024349999999999983 0.036129999999999995
2 0.25405500000000003 0.750485 0.02435000000000001 0.036129999999999995
2 0.301135 0.751955 0.024349999999999983 0.035150000000000015
2 0.359575 0.751465 0.02435000000000004 0.03809000000000007
2 0.40503500000000003 0.751465 0.02435000000000004 0.03809000000000007
2 0.46591 0.750975 0.025980000000000003 0.03711000000000009
2 0.511365 0.751465 0.025969999999999993 0.03809000000000007
2 0.574675 0.7504900000000001 0.025969999999999938 0.03808
2 0.6217550000000001 0.751955 0.025969999999999938 0.037109999999999976
2 0.68344 0.751465 0.025980000000000003 0.03809000000000007
2 0.732955 0.7504900000000001 0.024349999999999983 0.03808
2 0.793015 0.7495099999999999 0.024349999999999983 0.03808
2 0.8417250000000001 0.7495099999999999 0.024349999999999983 0.03808
2 0.903405 0.748045 0.024349999999999983 0.037109999999999976
2 0.949675 0.74658 0.025969999999999938 0.03808
2 0.07143050000000001 0.80908 0.074679 0.040039999999999965
2 0.170455 0.81006 0.07467000000000001 0.040040000000000076
2 0.275165 0.80908 0.07305000000000003 0.040039999999999965
2 0.378245 0.80908 0.07467000000000001 0.040039999999999965
2 0.48539 0.81006 0.07468000000000002 0.040040000000000076
2 0.59578 0.811035 0.07467999999999997 0.04003000000000001
2 0.704545 0.81006 0.07467000000000001 0.040040000000000076
2 0.81331 0.808595 0.07467999999999997 0.04100999999999999
2 0.925325 0.807615 0.07467000000000001 0.04100999999999999
2 0.92208 0.8686499999999999 0.07468000000000008 0.040039999999999965
2 0.8125 0.869625 0.07630000000000003 0.04198999999999997
2 0.70373 0.870605 0.07630000000000003 0.04198999999999997
2 0.594155 0.869625 0.07467000000000001 0.04198999999999997
2 0.38068 0.870605 0.07629999999999998 0.04198999999999997
2 0.2776 0.870605 0.07468 0.04198999999999997
2 0.17289 0.871585 0.0763 0.04199000000000008
2 0.071427 0.8681650000000001 0.07142599999999999 0.042970000000000064
2 0.49188499999999996 0.871095 0.04220999999999997 0.03125
8 0.175325 0.0166017 0.025969999999999993 0.0214846
8 0.23052 0.017089899999999998 0.03245999999999999 0.0244142
8 0.280845 0.0161132 0.025969999999999993 0.0205076
8 0.38961 0.0156249 0.025980000000000003 0.021484200000000002
8 0.497565 0.0136717 0.024349999999999983 0.015624599999999999
8 0.6055200000000001 0.0136717 0.025980000000000003 0.015624599999999999
8 0.709415 0.0136717 0.02597000000000005 0.015624599999999999
8 0.0714285 0.01904305 0.032467 0.020507900000000003
8 0.814125 0.0136717 0.024349999999999983 0.015624599999999999
8 0.919645 0.0136717 0.024349999999999983 0.015624599999999999
8 0.12094 0.017089899999999998 0.030840000000000006 0.0244142
8 0.021104050000000003 0.02001975 0.0324679 0.0244145
8 0.334415 0.017089899999999998 0.03247 0.0244142
8 0.440745 0.0166017 0.030850000000000044 0.0214846
8 0.550325 0.015136700000000001 0.03247 0.0185546
8 0.65422 0.0141604 0.032460000000000044 0.0185552
8 0.7605500000000001 0.01611345 0.03084000000000009 0.0185551
8 0.8701300000000001 0.01611345 0.038959999999999995 0.0185551
8 0.96916 0.0136721 0.038959999999999995 0.019531800000000002
8 0.5535699999999999 0.0390625 0.025980000000000003 0.023437
8 0.44643 0.0410155 0.025980000000000003 0.023437000000000003
8 0.34009500000000004 0.041992 0.02435000000000004 0.023438
8 0.231335 0.042969 0.02435000000000001 0.023438
8 0.02272715 0.0478515 0.025973700000000002 0.023437
8 0.6615249999999999 0.0390625 0.024349999999999983 0.023437
8 0.767855 0.038574 0.025969999999999938 0.024413999999999998
8 0.8701300000000001 0.038574 0.025980000000000003 0.024413999999999998
8 0.9788950000000001 0.038574 0.025969999999999938 0.024413999999999998
8 0.9237 0.0356445 0.012979999999999992 0.022461
8 0.818995 0.036133 0.014610000000000012 0.021484
8 0.713475 0.035156 0.014610000000000012 0.021484
8 0.607955 0.035156 0.014610000000000012 0.021484
8 0.501625 0.035156 0.012990000000000002 0.021484
8 0.392045 0.0385745 0.014609999999999956 0.022461000000000002
8 0.28652500000000003 0.0385745 0.014609999999999956 0.022461000000000002
8 0.17938500000000002 0.041015499999999996 0.014609999999999984 0.021484999999999997
8 0.075487 0.042969 0.014609999999999998 0.021484000000000003
8 0.203735 0.17529 0.024349999999999983 0.016600000000000004
8 0.15828 0.17382999999999998 0.06006 0.017580000000000012
8 0.48295499999999997 0.16553 0.06006999999999996 0.016600000000000004
8 0.5267850000000001 0.16748000000000002 0.024349999999999983 0.014640000000000014
8 0.8125 0.16455 0.05031999999999992 0.016600000000000004
8 0.771915 0.16699 0.021109999999999962 0.015620000000000023
8 0.8514600000000001 0.16699 0.021100000000000008 0.015620000000000023
8 0.019480749999999998 0.750975 0.025974499999999998 0.021489999999999898
8 0.12012999999999999 0.75 0.02597999999999999 0.021479999999999944
8 0.223215 0.751955 0.027590000000000003 0.02149000000000001
8 0.32955 0.751955 0.029220000000000024 0.02149000000000001
8 0.434255 0.751465 0.030850000000000044 0.020509999999999917
8 0.5430200000000001 0.751465 0.03084000000000009 0.020509999999999917
8 0.652595 0.750975 0.03247 0.021489999999999898
8 0.762985 0.749025 0.03247 0.021489999999999898
8 0.872565 0.748535 0.030849999999999933 0.020509999999999917
8 0.983765 0.747555 0.03247 0.020510000000000028
8 0.9261349999999999 0.74756 0.017850000000000033 0.02635999999999994
8 0.81899 0.74707 0.017859999999999987 0.02733999999999992
8 0.7086049999999999 0.748535 0.017850000000000033 0.026370000000000005
8 0.5982149999999999 0.750485 0.017850000000000033 0.026370000000000005
8 0.48945 0.749515 0.017859999999999987 0.026370000000000005
8 0.38312 0.750485 0.019479999999999997 0.026370000000000005
8 0.27841 0.750485 0.017859999999999987 0.026370000000000005
8 0.17289 0.750485 0.017860000000000015 0.026370000000000005
8 0.0706165 0.75195 0.017857000000000005 0.02733999999999992
8 0.0478895 0.0756835 0.017856999999999998 0.016601000000000005
8 0.09496950000000001 0.0737305 0.017861000000000002 0.016601000000000005
8 0.15341 0.072754 0.017860000000000015 0.016602000000000006
8 0.19886500000000001 0.070801 0.017850000000000005 0.016602000000000006
8 0.26055 0.069824 0.017859999999999987 0.016602
8 0.30601 0.069824 0.017859999999999987 0.016602
8 0.36607 0.06884749999999999 0.017859999999999987 0.016600999999999998
8 0.41315 0.0668945 0.017859999999999987 0.016600999999999998
8 0.47484 0.065918 0.017859999999999987 0.016601999999999992
8 0.52029 0.0649415 0.017859999999999987 0.016601000000000005
8 0.94724 0.067871 0.017859999999999987 0.016602000000000006
8 0.89854 0.065918 0.017859999999999987 0.016601999999999992
8 0.83929 0.06542999999999999 0.019479999999999942 0.017577999999999996
8 0.796265 0.065918 0.01784999999999992 0.016601999999999992
8 0.73458 0.067383 0.017859999999999987 0.017578000000000003
8 0.68588 0.0649415 0.017859999999999987 0.016601000000000005
8 0.62419 0.065918 0.017859999999999987 0.016601999999999992
8 0.5836049999999999 0.0649415 0.017850000000000033 0.016601000000000005
9 0.50162175 0.0170896 0.9902565 0.026366800000000003
9 0.5024335 0.06347649999999999 0.978893 0.027342999999999992
9 0.50162515 0.174805 0.9837697 0.025389999999999996
9 0.50405845 0.278325 0.9918831 0.03125
9 0.50000005 0.384765 0.9902599 0.03125
9 0.50487015 0.49609499999999995 0.9902597 0.031249999999999944
9 0.50405845 0.75 0.9918831 0.08203999999999989
9 0.503247 0.90088 0.9837659999999999 0.02635999999999994
11 0.6006499999999999 0.95215 0.07467999999999997 0.07422000000000006
11 0.70292 0.95166 0.08441999999999994 0.07324000000000008
11 0.81088 0.95068 0.08604 0.07323999999999997
11 0.9147700000000001 0.95166 0.08604 0.07324000000000008
11 0.38068 0.94922 0.07629999999999998 0.07422000000000006
11 0.280035 0.950195 0.07954999999999998 0.07617000000000007
11 0.175325 0.950195 0.07793 0.07617000000000007
11 0.080359 0.950685 0.07630200000000001 0.07519000000000009
