2 0.27865 0.36963 0.04947999999999997 0.06738
2 0.3444 0.36816499999999996 0.04818 0.06641000000000002
2 0.314455 0.50537 0.07943 0.06738
2 0.53125 0.37695500000000004 0.06770000000000004 0.06641000000000002
2 0.63932 0.378415 0.04947999999999997 0.06542999999999999
2 0.702475 0.378415 0.048169999999999935 0.06542999999999999
2 0.703775 0.513185 0.048169999999999935 0.06739
2 0.641275 0.51221 0.048169999999999935 0.06738000000000005
2 0.533855 0.510745 0.06511 0.06641000000000002
2 0.53711 0.64258 0.06640000000000001 0.06640000000000001
2 0.54427 0.78125 0.06510000000000005 0.06640000000000001
2 0.64323 0.643065 0.04688000000000003 0.0654300000000001
2 0.70703 0.64404 0.04687999999999992 0.0673800000000001
2 0.651695 0.78369 0.04296999999999995 0.06738
2 0.708985 0.782715 0.04296999999999995 0.06738999999999995
2 0.6555949999999999 0.908695 0.042970000000000064 0.06542999999999999
2 0.709635 0.90918 0.04427000000000003 0.06640000000000001
2 0.548175 0.9067350000000001 0.06511 0.06542999999999999
2 0.340495 0.89746 0.07683000000000001 0.058599999999999985
2 0.334635 0.780275 0.08855000000000002 0.06640999999999997
2 0.317705 0.638675 0.08073000000000002 0.06641000000000008
1 0.58138 0.555175 0.83464 0.85449
4 0.30729 0.43896500000000005 0.16666000000000003 0.057609999999999995
2 0.8099000000000001 0.37988500000000003 0.04948000000000008 0.06641000000000002
2 0.8737 0.38086 0.04947999999999997 0.06639999999999996
2 0.81315 0.514165 0.04818 0.06543000000000004
2 0.8763 0.514165 0.04947999999999997 0.06543000000000004
2 0.81315 0.64453 0.04818 0.06640000000000001
2 0.8763 0.645015 0.04947999999999997 0.0654300000000001
2 0.820965 0.783695 0.042970000000000064 0.06542999999999999
2 0.8769549999999999 0.784665 0.042970000000000064 0.06542999999999999
2 0.821615 0.909665 0.041669999999999985 0.06542999999999999
5 0.32682500000000003 0.84033 0.13021 0.049800000000000066
5 0.544925 0.84375 0.08203000000000005 0.048820000000000086
5 0.68034 0.8457049999999999 0.11068 0.04883000000000004
5 0.84766 0.84668 0.11197999999999997 0.048820000000000086
5 0.64323 0.684085 0.04947999999999997 0.01464999999999994
5 0.70703 0.684085 0.04948000000000008 0.01464999999999994
5 0.8138 0.6855450000000001 0.04947999999999997 0.01366999999999996
5 0.8775999999999999 0.686525 0.04948000000000008 0.01366999999999996
5 0.539715 0.684085 0.07161000000000006 0.01464999999999994
5 0.31771 0.680175 0.08333999999999997 0.014650000000000052
8 0.31771 0.571775 0.04688000000000003 0.026370000000000005
8 0.53711 0.578125 0.05337999999999998 0.029290000000000038
8 0.67448 0.5791 0.09636 0.029299999999999993
8 0.84375 0.580565 0.09636 0.03027000000000002
8 0.309245 0.30713 0.10547000000000001 0.01856000000000002
8 0.529945 0.31494 0.14322999999999997 0.022460000000000035
8 0.671225 0.316405 0.13151000000000002 0.02149000000000001
8 0.29491999999999996 0.23291 0.06380000000000002 0.04589999999999997
8 0.29491999999999996 0.26367 0.011720000000000008 0.009759999999999991
8 0.209635 0.79492 0.06511 0.06640000000000001
8 0.2793 0.77197 0.01432 0.012700000000000045
8 0.385415 0.773925 0.01041000000000003 0.012689999999999979
8 0.332685 0.7397450000000001 0.019529999999999992 0.012689999999999979
9 0.582035 0.273925 0.82031 0.05566999999999997
9 0.58594 0.702635 0.82292 0.026370000000000005
2 0.287765 0.89795 0.01822999999999997 0.06347999999999998
2 0.38671500000000003 0.90039 0.007810000000000039 0.0625
4 0.28646 0.19629000000000002 0.21614 0.12500000000000003
