1 0.5007278 0.50048985 0.9985444 0.9951203
2 0.8973800000000001 0.6386700000000001 0.07423999999999997 0.14258000000000004
2 0.7372650000000001 0.6401399999999999 0.07422999999999991 0.14160000000000006
2 0.567685 0.6362300000000001 0.08150999999999997 0.14160000000000006
2 0.402475 0.63818 0.08297000000000004 0.14160000000000006
2 0.23435 0.6318349999999999 0.0786 0.12890999999999997
2 0.06768400000000001 0.63086 0.074232 0.12890000000000001
2 0.9032 0.4043 0.08006000000000002 0.13085999999999998
2 0.73872 0.40234000000000003 0.08006000000000002 0.13086000000000003
2 0.566955 0.38573999999999997 0.08296999999999999 0.09569999999999995
2 0.39956 0.38622999999999996 0.08005999999999996 0.10254000000000002
2 0.22853 0.40088 0.0786 0.12988
2 0.061137 0.40576 0.07860600000000001 0.12988
2 0.058952000000000004 0.178225 0.068414 0.12207
2 0.22853 0.17627 0.07277999999999998 0.12012000000000002
2 0.39737999999999996 0.17334 0.07278000000000001 0.12011999999999999
2 0.56769 0.171875 0.07277999999999996 0.12108999999999999
2 0.7372650000000001 0.17334 0.07422999999999991 0.12402
2 0.9053899999999999 0.176755 0.07277999999999996 0.12304999999999999
3 0.078603 0.92578 0.101894 0.11913999999999991
2 0.2409 0.833985 0.10626000000000002 0.04686999999999997
2 0.0778725 0.831545 0.106255 0.04784999999999995
2 0.8857349999999999 0.828125 0.10042999999999991 0.04296999999999995
2 0.7278 0.82959 0.09898000000000007 0.041999999999999926
4 0.06768400000000001 0.115722 0.120812 0.063476
4 0.232165 0.114259 0.13537000000000002 0.062502
4 0.406115 0.1123025 0.13390999999999997 0.06249500000000001
4 0.5764199999999999 0.1093725 0.13391999999999993 0.062494999999999995
4 0.75109 0.1093725 0.13392000000000004 0.062494999999999995
4 0.91994 0.108399 0.13392000000000004 0.062502
4 0.0691412 0.31396500000000005 0.1266376 0.08105000000000001
4 0.233625 0.310545 0.14411000000000002 0.08984999999999999
4 0.399565 0.31201 0.14410999999999996 0.09082000000000001
4 0.570595 0.31299 0.14265000000000005 0.09082000000000001
4 0.742355 0.31201 0.14264999999999994 0.09082000000000001
4 0.909755 0.31689 0.14264999999999994 0.09082000000000001
4 0.06768450000000001 0.54541 0.11499100000000001 0.049799999999999955
4 0.23435 0.545895 0.11936000000000002 0.04882999999999993
4 0.9083 0.543455 0.11935999999999991 0.04981000000000002
4 0.7409 0.546875 0.11935999999999991 0.04882999999999993
4 0.5749599999999999 0.546875 0.11936000000000002 0.04882999999999993
4 0.40610999999999997 0.544435 0.11935999999999997 0.04980999999999991
5 0.06623180000000001 0.481935 0.11499640000000001 0.026370000000000005
5 0.232895 0.47997999999999996 0.11645 0.026359999999999995
5 0.91048 0.481935 0.11499999999999999 0.026370000000000005
5 0.744545 0.47997999999999996 0.11498999999999993 0.026359999999999995
6 0.52183 0.49365000000000003 0.44978000000000007 0.11816000000000004
6 0.530565 0.73926 0.44105000000000005 0.11328000000000005
7 0.0567685 0.161135 0.061134999999999995 0.06445000000000001
7 0.224165 0.14844000000000002 0.06404999999999997 0.04491999999999999
7 0.393745 0.152835 0.06258999999999998 0.05957
7 0.56332 0.15381 0.06114000000000008 0.06934000000000001
7 0.73144 0.14599499999999999 0.059679999999999955 0.04784999999999999
7 0.89738 0.151365 0.050939999999999985 0.05469
7 0.5625899999999999 0.37305 0.06842000000000004 0.05077999999999999
7 0.396655 0.37109000000000003 0.06841000000000003 0.05077999999999999
7 0.22634500000000002 0.37305 0.06841 0.05077999999999999
7 0.057496500000000006 0.375 0.068413 0.05078000000000005
7 0.06623 0.60254 0.065502 0.06445999999999996
7 0.23217 0.60498 0.0655 0.07128000000000001
7 0.399565 0.62793 0.07133 0.10938000000000003
7 0.567685 0.63086 0.06695000000000007 0.12109999999999999
7 0.073506 0.83301 0.088788 0.041019999999999945
7 0.237265 0.834475 0.09606999999999999 0.04198999999999997
9 0.5014545 0.7446299999999999 0.982531 0.08106000000000002
9 0.5014562 0.5 0.9912676 0.07032
9 0.4985434 0.25488500000000003 0.9883532 0.048829999999999985
9 0.5007294999999999 0.05908455 0.981081 0.10059090000000001
10 0.61354 0.40771500000000005 0.0131 0.057609999999999995
10 0.44469 0.40723 0.0131 0.05663999999999997
10 0.7823899999999999 0.4165 0.0131 0.07324000000000003
10 0.945415 0.41846 0.013109999999999955 0.07323999999999997
10 0.27293 0.41553 0.0131 0.07323999999999997
10 0.1048055 0.41747999999999996 0.011649000000000007 0.07324000000000003
10 0.18340499999999998 0.416505 0.008729999999999988 0.07129000000000002
10 0.021834 0.41748 0.008733999999999999 0.07128000000000001
10 0.35370999999999997 0.40771500000000005 0.008740000000000026 0.057609999999999995
10 0.1055305 0.460935 0.013099 0.013670000000000015
10 0.0211065 0.460935 0.010189 0.015629999999999977
10 0.184135 0.45996000000000004 0.010190000000000005 0.015620000000000023
10 0.273655 0.45947499999999997 0.017469999999999986 0.014649999999999996
10 0.77875 0.460935 0.020379999999999954 0.013670000000000015
10 0.94469 0.46240499999999995 0.020379999999999954 0.014649999999999996
10 0.0196505 0.37256 0.016010999999999997 0.01856000000000002
10 0.10480500000000001 0.37109000000000003 0.01747 0.017579999999999985
10 0.186315 0.37109000000000003 0.017470000000000013 0.017579999999999985
10 0.274385 0.37012 0.01600999999999997 0.01758000000000004
10 0.355165 0.36963 0.017469999999999986 0.01856000000000002
10 0.445415 0.36914 0.017469999999999986 0.017579999999999985
10 0.614995 0.37012 0.01600999999999997 0.01758000000000004
10 0.78166 0.37109000000000003 0.01746000000000003 0.017579999999999985
10 0.945415 0.37402 0.01601000000000008 0.017579999999999985
11 0.16521 0.87744 0.0393 0.15528000000000008
11 0.242355 0.922365 0.10335000000000003 0.12596999999999992
11 0.40829499999999996 0.9174800000000001 0.11498999999999998 0.13770000000000004
11 0.326785 0.91211 0.03639000000000003 0.13281999999999994
11 0.49636 0.9106449999999999 0.03494000000000003 0.12597000000000003
11 0.6550199999999999 0.90674 0.03494000000000008 0.12597999999999998
11 0.816595 0.867675 0.03493000000000002 0.12597000000000003
11 0.491995 0.8217749999999999 0.36973 0.04785000000000006
11 0.57278 0.91553 0.11499999999999999 0.13770000000000004
11 0.72853 0.9189499999999999 0.11499999999999999 0.1308600000000001
11 0.8871899999999999 0.919435 0.09462000000000004 0.13183
