1 0.4808405 0.5019528 0.936139 0.9843744
2 0.32503499999999996 0.31836 0.06768999999999997 0.06639999999999996
2 0.326305 0.44727 0.06769000000000003 0.06835999999999998
2 0.5268200000000001 0.41064500000000004 0.07023999999999997 0.07715
2 0.639845 0.31836 0.06641000000000008 0.06639999999999996
2 0.6392100000000001 0.448245 0.07023999999999997 0.07030999999999998
2 0.32567 0.5820350000000001 0.06641999999999998 0.07616999999999996
2 0.523625 0.5532250000000001 0.06896999999999998 0.08104999999999996
2 0.639845 0.581545 0.06896999999999998 0.07715000000000005
2 0.17241499999999998 0.427735 0.03830999999999998 0.07617000000000002
2 0.119415 0.429195 0.04215000000000001 0.07715
2 0.170495 0.566895 0.039589999999999986 0.07911000000000001
2 0.1206885 0.5668949999999999 0.042143 0.08104999999999996
2 0.879945 0.42822499999999997 0.04086999999999996 0.07715
2 0.8295 0.42822000000000005 0.042140000000000066 0.0791
2 0.882505 0.563965 0.04086999999999996 0.08104999999999996
2 0.831415 0.563475 0.04086999999999996 0.08202999999999994
2 0.322475 0.7167950000000001 0.06769000000000003 0.07226999999999995
2 0.636015 0.7167950000000001 0.06641000000000008 0.07226999999999995
2 0.8492999999999999 0.7167950000000001 0.0434199999999999 0.07226999999999995
2 0.79566 0.7167950000000001 0.04598000000000002 0.07226999999999995
2 0.164115 0.71826 0.04214999999999999 0.07323999999999997
2 0.11110999999999999 0.717285 0.04342 0.07518999999999998
2 0.1622 0.85205 0.043419999999999986 0.07520000000000004
2 0.1079175 0.852535 0.04214499999999999 0.07616999999999996
2 0.84674 0.8530249999999999 0.04598000000000002 0.07518999999999998
2 0.79374 0.852535 0.04469999999999996 0.07616999999999996
2 0.845465 0.96484 0.038310000000000066 0.05078000000000005
2 0.7943800000000001 0.96338 0.04598000000000002 0.049800000000000066
2 0.16028 0.958985 0.04214000000000001 0.04100999999999999
2 0.1066405 0.9584999999999999 0.04469899999999999 0.040039999999999965
2 0.323115 0.85156 0.07918999999999998 0.07421999999999995
2 0.635375 0.8525400000000001 0.07791000000000003 0.07422000000000006
2 0.47892500000000005 0.714355 0.08429000000000003 0.07911000000000001
2 0.13921 0.308105 0.08174 0.045889999999999986
2 0.82439 0.311035 0.08046000000000009 0.05174999999999996
2 0.52107 0.17676 0.045979999999999965 0.0625
2 0.44253 0.178225 0.04470000000000002 0.06542999999999999
2 0.42784 0.31299 0.03320000000000001 0.057620000000000005
2 0.53768 0.294925 0.035760000000000014 0.019529999999999992
2 0.42976000000000003 0.433105 0.03448000000000001 0.08887
2 0.42784 0.5678700000000001 0.03832000000000002 0.09472000000000003
2 0.48340000000000005 0.29639 0.05236000000000002 0.03417999999999999
3 0.47892999999999997 0.924805 0.07917999999999997 0.13477000000000006
4 0.328225 0.51318 0.11238999999999999 0.045899999999999996
4 0.641765 0.51611 0.11111000000000004 0.05175999999999997
4 0.32886499999999996 0.38915999999999995 0.11110999999999999 0.036140000000000005
4 0.64368 0.38867 0.11750000000000005 0.03320000000000001
5 0.324395 0.48828499999999997 0.10472999999999999 0.013670000000000015
5 0.32503499999999996 0.355955 0.10344999999999999 0.012690000000000035
5 0.32184 0.629395 0.10471999999999998 0.026370000000000005
5 0.63857 0.629395 0.10728000000000004 0.026370000000000005
5 0.641125 0.49121000000000004 0.1123900000000001 0.02148
5 0.6392100000000001 0.35253999999999996 0.1009000000000001 0.01367999999999997
6 0.836525 0.35547 0.20689000000000002 0.06640000000000001
6 0.487865 0.347655 0.21967000000000003 0.09179000000000004
6 0.1424005 0.35596 0.18773900000000002 0.06738
8 0.48723000000000005 0.084963 0.16730000000000006 0.09961400000000001
4 0.326945 0.26367 0.12004999999999999 0.03516
4 0.48467000000000005 0.26514 0.18774000000000007 0.06347999999999998
4 0.64112 0.265135 0.10728000000000004 0.038089999999999985
4 0.139847 0.263185 0.131546 0.036129999999999995
4 0.82439 0.262695 0.12644 0.039069999999999994
8 0.15070250000000002 0.49805 0.127715 0.056640000000000024
8 0.14751150000000002 0.621095 0.118777 0.025389999999999913
8 0.524265 0.48046999999999995 0.08557000000000003 0.06053999999999998
8 0.521715 0.606445 0.08556999999999998 0.023430000000000062
8 0.85249 0.496095 0.11621999999999999 0.054690000000000016
8 0.8531299999999999 0.62012 0.11493999999999993 0.02733999999999992
8 0.632185 0.6806650000000001 0.1174900000000001 0.06054999999999999
8 0.3212 0.680175 0.11112 0.061529999999999974
8 0.49106 0.6640600000000001 0.08555999999999997 0.029299999999999993
8 0.1398455 0.680175 0.164749 0.06738999999999995
8 0.48340000000000005 0.819825 0.10856000000000005 0.09277000000000002
8 0.32184 0.799805 0.10727999999999999 0.02149000000000001
8 0.1372915 0.80176 0.134097 0.021480000000000055
8 0.8224750000000001 0.802735 0.13793 0.023430000000000062
8 0.636655 0.8012699999999999 0.11111000000000004 0.024419999999999997
3 0.32184 0.9560550000000001 0.07917999999999997 0.06835000000000002
3 0.6341 0.96338 0.0753600000000001 0.049800000000000066
9 0.4846765 0.23926 0.918267 0.044920000000000015
9 0.484673 0.6450199999999999 0.920814 0.040039999999999965
9 0.4846765 0.78125 0.918267 0.023439999999999905
10 0.5811 0.16650500000000001 0.020439999999999903 0.06347
10 0.5810949999999999 0.206545 0.022989999999999955 0.014649999999999996
10 0.5811 0.125 0.025540000000000007 0.019540000000000002
10 0.385695 0.16699 0.025550000000000017 0.0625
10 0.386335 0.20507999999999998 0.029370000000000007 0.015619999999999995
10 0.385695 0.125485 0.03065000000000001 0.02051
10 0.7298849999999999 0.49365499999999995 0.04469000000000001 0.27051
10 0.93359 0.385745 0.028100000000000014 0.06054999999999999
10 0.23946499999999998 0.49414 0.04214999999999999 0.27343999999999996
10 0.04023 0.49365000000000003 0.042146 0.27246
10 0.728605 0.635745 0.05747000000000002 0.013670000000000071
10 0.93359 0.6352549999999999 0.028100000000000014 0.012689999999999979
10 0.24137999999999998 0.637205 0.051079999999999987 0.012689999999999979
10 0.038953 0.6362300000000001 0.044700000000000004 0.012700000000000045
10 0.041507 0.3291 0.052362 0.056640000000000024
10 0.238825 0.3291 0.051089999999999997 0.056640000000000024
10 0.72925 0.3291 0.05364000000000002 0.056640000000000024
10 0.927845 0.328615 0.039590000000000014 0.05567
