1 0.48194390000000004 0.45636449999999995 0.9583322 0.890911
2 0.36875 0.0581825 0.07916000000000001 0.08727499999999999
2 0.081252 0.35091 0.048616 0.13454
2 0.199305 0.347275 0.048610000000000014 0.13454999999999995
2 0.195135 0.66 0.04860999999999999 0.19999999999999996
2 0.0777785 0.66 0.047222999999999994 0.19999999999999996
2 0.34514 0.254545 0.03471999999999997 0.15272999999999998
2 0.38542 0.254545 0.03472000000000003 0.15272999999999998
2 0.8625 0.34726999999999997 0.04999999999999993 0.14182
2 0.74028 0.34545499999999996 0.04999999999999993 0.13818999999999998
2 0.61944 0.34909 0.050000000000000044 0.13817999999999997
2 0.8625 0.656365 0.05277999999999994 0.21455000000000002
2 0.73889 0.654545 0.04721999999999993 0.20362999999999998
2 0.6187499999999999 0.65091 0.04862 0.20364000000000004
2 0.54375 0.30909000000000003 0.029159999999999964 0.18182
2 0.54236 0.621815 0.03193999999999997 0.23273
3 0.35763999999999996 0.636365 0.11806 0.29090999999999995
5 0.7368049999999999 0.42727000000000004 0.07361000000000006 0.03999999999999998
5 0.86111 0.42908999999999997 0.07500000000000007 0.03636
5 0.616665 0.42908999999999997 0.06945000000000001 0.03636
5 0.54583 0.38909 0.04999999999999993 0.06545999999999996
5 0.8590249999999999 0.76909 0.07083000000000006 0.03271999999999997
5 0.7368049999999999 0.76909 0.07083000000000006 0.03271999999999997
5 0.61875 0.76727 0.07084000000000001 0.03635999999999995
5 0.360415 0.363635 0.10138999999999998 0.06545000000000001
5 0.19236 0.425455 0.06528 0.029090000000000005
5 0.077777 0.425455 0.066666 0.029090000000000005
5 0.365975 0.11090749999999999 0.10416999999999998 0.03272499999999999
4 0.35972499999999996 0.154545 0.11667 0.047270000000000006
7 0.0409725 0.34545499999999996 0.026389 0.15272999999999998
7 0.119445 0.34726999999999997 0.027770000000000003 0.14182
7 0.15833000000000003 0.34726999999999997 0.02778 0.14182
7 0.30972 0.25273 0.022220000000000018 0.16364
7 0.41111 0.256365 0.022219999999999962 0.16362999999999997
7 0.15208500000000003 0.63818 0.02917 0.16364
7 0.11528000000000001 0.63818 0.030560000000000004 0.16364
7 0.0368055 0.63818 0.029167 0.16364
7 0.6583300000000001 0.347275 0.027780000000000027 0.14909
7 0.57361 0.329095 0.019440000000000013 0.14909
7 0.5861149999999999 0.343635 0.011110000000000064 0.15636999999999995
7 0.69722 0.34545499999999996 0.027780000000000027 0.15272999999999998
7 0.7791699999999999 0.34545499999999996 0.027780000000000027 0.15272999999999998
7 0.8215250000000001 0.341815 0.026390000000000025 0.15272999999999998
7 0.9027799999999999 0.343635 0.027780000000000027 0.14909
7 0.9013899999999999 0.6545449999999999 0.025000000000000022 0.21819
7 0.81806 0.65273 0.02499999999999991 0.22182000000000002
7 0.7791699999999999 0.6545449999999999 0.025000000000000022 0.21819
7 0.69722 0.65636 0.025000000000000022 0.22182000000000002
7 0.6569400000000001 0.65636 0.025000000000000022 0.22182000000000002
7 0.57778 0.64 0.025000000000000022 0.21818000000000004
8 0.45833 0.53091 0.025000000000000022 0.04364000000000001
8 0.253475 0.5290900000000001 0.02361000000000002 0.0472800000000001
9 0.4819422 0.21818 0.9499956 0.09454000000000001
2 0.8319449999999999 0.1072745 0.02776999999999996 0.032730999999999996
