4 0.414065 0.14599499999999999 0.15365 0.06153
2 0.41862 0.28369 0.12109999999999999 0.19433999999999998
2 0.63802 0.282225 0.11980000000000002 0.19530999999999998
4 0.63737 0.14745999999999998 0.15233999999999992 0.06445999999999999
2 0.639975 0.5376000000000001 0.09765000000000001 0.13770000000000004
2 0.640625 0.77539 0.0989500000000001 0.16405999999999998
2 0.611325 0.94531 0.04296999999999995 0.08397999999999994
2 0.670575 0.94531 0.04427000000000003 0.08397999999999994
2 0.41732 0.71289 0.10025999999999996 0.05468000000000006
3 0.416015 0.904785 0.12891000000000002 0.17871000000000004
2 0.420575 0.53906 0.09375 0.13671999999999995
1 0.49674625 0.5009747 0.9778675 0.9902306000000001
4 0.197915 0.14599499999999999 0.16927000000000003 0.06347
4 0.8671899999999999 0.19092 0.13541999999999998 0.06934000000000001
5 0.867835 0.41797 0.10546999999999995 0.09179999999999999
5 0.635415 0.421875 0.12761 0.08984999999999999
5 0.42318 0.424805 0.12760000000000005 0.08984999999999999
5 0.20052 0.42529 0.1276 0.09082000000000001
5 0.19922 0.615235 0.10416000000000003 0.023430000000000062
5 0.41927000000000003 0.6162099999999999 0.10156000000000004 0.021480000000000055
5 0.8645799999999999 0.61035 0.10155999999999998 0.021480000000000055
5 0.63932 0.615235 0.1015600000000001 0.02149000000000001
2 0.86784 0.532715 0.08984000000000003 0.13768999999999998
2 0.86784 0.302245 0.08984000000000003 0.13768999999999998
2 0.20442500000000002 0.53955 0.09375000000000003 0.13770000000000004
2 0.19921499999999998 0.28467 0.11718999999999999 0.19434
2 0.195965 0.77197 0.10287000000000002 0.16503999999999996
2 0.877605 0.765135 0.10416999999999998 0.14551000000000003
8 0.528645 0.595215 0.05728999999999995 0.08300999999999992
8 0.29817499999999997 0.595215 0.05729000000000001 0.08300999999999992
8 0.416665 0.691405 0.14322999999999997 0.08788999999999991
8 0.524085 0.766115 0.06901000000000002 0.09277000000000002
8 0.291015 0.762695 0.06900999999999996 0.09179000000000004
8 0.410805 0.76465 0.04036999999999996 0.039059999999999984
8 0.52474 0.908205 0.04166000000000003 0.025390000000000024
9 0.416014 0.0590845 0.7226520000000001 0.09473100000000001
8 0.133465 0.078125 0.022129999999999997 0.041016
8 0.190755 0.0771485 0.024730000000000002 0.042969
8 0.24544500000000002 0.0771485 0.02213000000000001 0.042969
8 0.302085 0.0771485 0.020830000000000015 0.042969
8 0.35807500000000003 0.076172 0.02082999999999996 0.042968000000000006
8 0.414065 0.0751955 0.020830000000000015 0.042969
8 0.46940000000000004 0.0771485 0.022139999999999993 0.042969
8 0.527995 0.0751955 0.022129999999999983 0.042969
8 0.58268 0.0751955 0.02214000000000005 0.042969
8 0.696615 0.07421849999999999 0.020830000000000015 0.04296899999999999
8 0.640625 0.0751955 0.020829999999999904 0.042969
2 0.8450500000000001 0.9467749999999999 0.03646000000000005 0.08104999999999996
