1 0.15508245 0.44102050000000004 0.3067751 0.876679
1 0.51695 0.4450405 0.41356 0.8847189999999999
1 0.86271 0.4490625 0.27458000000000005 0.871315
2 0.44999999999999996 0.41689 0.07288 0.06165999999999999
2 0.5796600000000001 0.42225 0.07117999999999991 0.06165999999999999
2 0.80339 0.23861 0.050839999999999996 0.1126
2 0.9381349999999999 0.24531000000000003 0.049149999999999916 0.10456000000000001
2 0.059322 0.22252 0.057628000000000006 0.11795999999999998
2 0.057627500000000005 0.44504 0.061017 0.11796000000000001
2 0.21356 0.44772 0.06102000000000002 0.11796000000000006
2 0.21356 0.6823049999999999 0.06102000000000002 0.1313700000000001
2 0.057627500000000005 0.679625 0.061017 0.13137
2 0.214405 0.22252 0.05593000000000001 0.11795999999999998
2 0.450845 0.5723849999999999 0.06440999999999997 0.12065000000000003
2 0.57966 0.57775 0.06440000000000001 0.12064000000000008
2 0.80593 0.454425 0.05932000000000004 0.12065000000000003
2 0.945765 0.45575999999999994 0.05762999999999996 0.11259999999999998
2 0.944915 0.6715800000000001 0.052549999999999986 0.126
2 0.8101700000000001 0.674265 0.05084000000000011 0.12600999999999996
2 0.36695 0.231905 0.025419999999999998 0.06702999999999998
2 0.661015 0.237265 0.02373000000000003 0.06703000000000003
2 0.661015 0.44638 0.02373000000000003 0.06701999999999997
2 0.362715 0.44101999999999997 0.02373000000000003 0.06702000000000002
2 0.66271 0.662195 0.020340000000000025 0.07506999999999997
2 0.365255 0.66622 0.022029999999999994 0.07774000000000003
2 0.1355925 0.0764075 0.074575 0.040215
2 0.871185 0.1072405 0.07457000000000003 0.04289899999999999
2 0.376275 0.0951745 0.023729999999999973 0.029491000000000003
2 0.452545 0.096515 0.023729999999999973 0.02681
2 0.5686450000000001 0.103216 0.025429999999999953 0.029488
2 0.63983 0.107237 0.025419999999999998 0.026805999999999996
3 0.452545 0.80429 0.050850000000000006 0.16086
3 0.58305 0.80295 0.050839999999999996 0.1581800000000001
5 0.055084499999999995 0.509385 0.076271 0.02681
5 0.21356 0.512065 0.07795999999999997 0.02681
5 0.21271500000000002 0.284185 0.07627 0.02681
5 0.0584745 0.284185 0.076271 0.02681
5 0.21525500000000003 0.750675 0.07797000000000001 0.02681
5 0.44999999999999996 0.450405 0.08644000000000002 0.02144999999999997
5 0.5822 0.45308499999999996 0.08643999999999996 0.021450000000000025
5 0.5839000000000001 0.643435 0.08643999999999996 0.02144999999999997
5 0.44999999999999996 0.643435 0.08644000000000002 0.02144999999999997
5 0.6618649999999999 0.49329500000000004 0.03898999999999997 0.021450000000000025
5 0.66695 0.707775 0.038980000000000015 0.02145000000000008
5 0.3661 0.705095 0.040679999999999994 0.02144999999999997
5 0.80593 0.30027 0.07287999999999994 0.016079999999999983
5 0.941525 0.30563 0.07289000000000001 0.016079999999999983
5 0.94407 0.518765 0.06779999999999997 0.018769999999999953
5 0.80339 0.5227900000000001 0.06779999999999997 0.016079999999999983
5 0.95085 0.734585 0.06779999999999997 0.01609000000000005
7 0.01440695 0.2185 0.0254241 0.12064000000000002
7 0.102543 0.22118 0.028813999999999992 0.12063999999999997
7 0.16695 0.22118 0.028819999999999985 0.12063999999999997
7 0.25932 0.22386 0.027120000000000005 0.12064
7 0.013559449999999999 0.44102 0.0237291 0.126
7 0.102543 0.4437 0.028813999999999992 0.12600000000000006
7 0.1661 0.44504 0.027119999999999977 0.12868000000000007
7 0.26102000000000003 0.44638 0.027119999999999977 0.12600000000000006
7 0.013559449999999999 0.679625 0.0237291 0.13137
7 0.1050825 0.6823049999999999 0.027115 0.1313700000000001
7 0.168645 0.6823049999999999 0.02542999999999998 0.1313700000000001
7 0.261015 0.6823049999999999 0.03051000000000001 0.1313700000000001
7 0.9 0.24397 0.023719999999999963 0.11259999999999998
7 0.98051 0.24799 0.025419999999999998 0.10991999999999999
7 0.845765 0.23995 0.030510000000000037 0.11528000000000002
7 0.761865 0.237265 0.025430000000000064 0.12065000000000003
7 0.76271 0.454425 0.027120000000000033 0.12065000000000003
7 0.8483050000000001 0.454425 0.025429999999999953 0.12065000000000003
7 0.90339 0.45442 0.023719999999999963 0.11527999999999994
7 0.9839 0.45442000000000005 0.02204000000000006 0.10992000000000007
7 0.85 0.676945 0.025419999999999998 0.12600999999999996
7 0.905935 0.67292 0.022029999999999994 0.12331999999999999
7 0.984745 0.67024 0.02373000000000003 0.11795999999999995
5 0.36271 0.485255 0.040679999999999994 0.02144999999999997
9 0.518645 0.36058999999999997 0.39660999999999996 0.04021999999999998
8 0.452545 0.7118 0.10847000000000001 0.10455999999999999
8 0.5830500000000001 0.71046 0.10848000000000002 0.10724
6 0.40508500000000003 0.03485245 0.18305 0.058981099999999995
6 0.264405 0.030830950000000003 0.08135 0.0509381
6 0.613555 0.0455765 0.21016999999999997 0.069705
6 0.767795 0.052279 0.07457000000000003 0.06166200000000001
