1 0.358165 0.522959 0.63037 0.954082
2 0.174785 0.49362000000000006 0.06017 0.17092000000000002
2 0.30444 0.494895 0.06159999999999999 0.17346999999999996
2 0.444125 0.49489500000000003 0.06303000000000003 0.16837000000000002
2 0.175505 0.8125 0.05301 0.16582000000000008
2 0.308025 0.8137749999999999 0.05730999999999997 0.16837000000000002
2 0.44556 0.816325 0.05730000000000002 0.16837000000000002
2 0.267195 0.195155 0.04440999999999998 0.13521
2 0.36031500000000005 0.195155 0.044410000000000005 0.13521
2 0.452005 0.1926 0.044410000000000005 0.1352
2 0.5974200000000001 0.49107 0.07735999999999998 0.18112
2 0.593125 0.816325 0.07736999999999994 0.18367
2 0.86103 0.68367 0.02291999999999994 0.14286
2 0.89828 0.705355 0.02291999999999994 0.14031000000000005
2 0.7521450000000001 0.5790850000000001 0.08022999999999991 0.22959000000000007
2 0.749285 0.875 0.08023000000000002 0.22960000000000003
1 0.715615 0.23597 0.03008999999999995 0.06377999999999998
4 0.17192 0.39541000000000004 0.0917 0.03572000000000003
4 0.30945500000000004 0.39158000000000004 0.09169 0.038260000000000016
4 0.44771 0.396685 0.09026 0.038270000000000026
5 0.17192000000000002 0.584185 0.08881999999999998 0.03571000000000002
5 0.305155 0.5892850000000001 0.08882999999999996 0.03571000000000002
5 0.442695 0.59056 0.08882999999999996 0.03315999999999997
5 0.594555 0.591835 0.09168999999999994 0.03570999999999991
5 0.7543 0.669645 0.09026 0.10459000000000007
5 0.95129 0.85459 0.034379999999999966 0.04592000000000007
7 0.12392500000000001 0.49107 0.03294999999999999 0.17091999999999996
7 0.2192 0.49362000000000006 0.03151999999999999 0.17092000000000002
7 0.25573 0.49362000000000006 0.030080000000000023 0.17092000000000002
7 0.35387 0.49107 0.03151999999999999 0.17091999999999996
7 0.39541499999999996 0.49489500000000003 0.03150999999999998 0.16837000000000002
7 0.49427 0.49234500000000003 0.03151999999999999 0.16836999999999996
7 0.12321000000000001 0.808675 0.031520000000000006 0.16837000000000002
7 0.21633 0.8074 0.03151999999999999 0.17091999999999996
7 0.25788 0.80995 0.03151999999999999 0.17092000000000007
7 0.35315 0.80995 0.030079999999999996 0.17092000000000007
7 0.39541499999999996 0.808675 0.03150999999999998 0.16837000000000002
7 0.48997 0.8112250000000001 0.03151999999999999 0.16837000000000002
7 0.23496 0.18878 0.020060000000000022 0.14795999999999998
7 0.298715 0.1875 0.02149000000000001 0.15052
7 0.32808000000000004 0.18622 0.020060000000000022 0.14795999999999998
7 0.39112 0.18367 0.020060000000000022 0.14795999999999998
7 0.4212 0.1875 0.020060000000000022 0.15052
7 0.48424 0.18622 0.020059999999999967 0.14795999999999998
7 0.601005 0.480865 0.06447000000000003 0.14030999999999993
7 0.599575 0.783165 0.06447000000000003 0.11224999999999996
7 0.7471350000000001 0.55995 0.06733 0.19132000000000005
7 0.744985 0.83163 0.06877 0.14286
7 0.8954150000000001 0.69133 0.014330000000000065 0.10203999999999991
2 0.94914 0.794645 0.024359999999999937 0.14031000000000005
7 0.9484250000000001 0.78954 0.017189999999999928 0.10460000000000003
2 0.858885 0.913265 0.02149000000000001 0.12244999999999995
2 0.897565 0.936225 0.021489999999999898 0.12244999999999995
7 0.8588800000000001 0.89158 0.01861999999999997 0.06887999999999994
7 0.896845 0.904335 0.01719000000000004 0.053569999999999895
8 0.89971 0.82908 0.03151999999999999 0.08673999999999993
8 0.861745 0.802295 0.032950000000000035 0.06377
9 0.35745150000000003 0.322705 0.626077 0.10459000000000002
9 0.34814 0.08290550000000001 0.34384 0.058669000000000006
