1 0.48845475 0.53244 0.9722905000000001 0.85458
2 0.143185 0.25727 0.05542999999999999 0.06264
2 0.28753 0.25951 0.057740000000000014 0.06263999999999997
2 0.433025 0.25951 0.057730000000000004 0.06263999999999997
2 0.581985 0.25727 0.05542999999999998 0.06264
2 0.65589 0.38478999999999997 0.055420000000000025 0.06263999999999997
2 0.5103949999999999 0.38367 0.05542999999999998 0.06040000000000001
2 0.362585 0.38367 0.05542999999999998 0.06040000000000001
2 0.215935 0.38367 0.057730000000000004 0.06040000000000001
2 0.069284 0.38478999999999997 0.055428 0.06263999999999997
2 0.140875 0.50783 0.05542999999999999 0.06264000000000003
2 0.28868499999999997 0.51007 0.055430000000000035 0.06264000000000003
2 0.433025 0.51007 0.057730000000000004 0.06264000000000003
2 0.581985 0.51007 0.05542999999999998 0.06264000000000003
2 0.65358 0.6375850000000001 0.055419999999999914 0.058169999999999944
2 0.5103949999999999 0.63423 0.05542999999999998 0.06040000000000001
2 0.355655 0.63423 0.05542999999999998 0.06040000000000001
2 0.21247 0.635345 0.05542 0.058169999999999944
2 0.0646655 0.6308750000000001 0.055427000000000004 0.058169999999999944
2 0.140875 0.753915 0.05081000000000001 0.053690000000000015
2 0.28291 0.756155 0.04849999999999999 0.053690000000000015
2 0.429565 0.759505 0.050809999999999966 0.055930000000000035
2 0.5796749999999999 0.760625 0.05080999999999991 0.053690000000000015
2 0.86374 0.25168 0.1986199999999999 0.07829999999999998
2 0.86605 0.379195 0.18938 0.06935000000000002
2 0.864895 0.504475 0.19169000000000003 0.06935000000000002
2 0.867205 0.6264000000000001 0.18245 0.06711999999999996
2 0.867205 0.75056 0.18707000000000007 0.07830000000000004
2 0.07506 0.25951 0.06236 0.06263999999999997
2 0.21478 0.25839 0.06003999999999998 0.06040000000000001
2 0.36258500000000005 0.25839 0.06004999999999999 0.06040000000000001
2 0.5115500000000001 0.25839 0.062360000000000027 0.06040000000000001
2 0.6593549999999999 0.25727 0.062350000000000017 0.06264
2 0.58314 0.38367 0.06235999999999997 0.06040000000000001
2 0.43879999999999997 0.38366999999999996 0.06004000000000004 0.06488
2 0.28868499999999997 0.38366999999999996 0.06004999999999999 0.06488
2 0.143185 0.38366999999999996 0.060050000000000006 0.06488
2 0.0715935 0.50671 0.055427000000000004 0.06488
2 0.21478 0.50671 0.055420000000000025 0.06488
2 0.360275 0.50895 0.05542999999999998 0.06488000000000005
2 0.50693 0.50783 0.05312 0.06264000000000003
2 0.65589 0.51007 0.055420000000000025 0.06264000000000003
2 0.5773649999999999 0.63535 0.05542999999999998 0.06264000000000003
2 0.43418 0.6331100000000001 0.055420000000000025 0.06263999999999992
2 0.286375 0.6331100000000001 0.05542999999999998 0.06263999999999992
2 0.140875 0.63087 0.05542999999999999 0.06263999999999992
2 0.06697449999999999 0.753915 0.055427 0.06262999999999996
2 0.213625 0.75615 0.05311000000000002 0.06264000000000003
2 0.35680999999999996 0.75839 0.05312 0.06264000000000003
2 0.505775 0.75727 0.055430000000000035 0.06488000000000005
2 0.65358 0.76063 0.055419999999999914 0.06264000000000003
2 0.16513 0.1264 0.03001999999999999 0.020140000000000005
2 0.38222 0.12528 0.030020000000000047 0.017899999999999985
2 0.59931 0.12304 0.030019999999999936 0.0179
7 0.215935 0.37695999999999996 0.05311000000000002 0.046979999999999966
7 0.584295 0.37472 0.05543000000000009 0.03803999999999996
7 0.86374 0.74049 0.18014000000000008 0.05815999999999999
9 0.489608 0.19351000000000002 0.946884 0.046979999999999994
11 0.86836 0.809845 0.07852000000000003 0.02237
11 0.58314 0.90716 0.20554 0.09172000000000002
11 0.357965 0.90604 0.19861 0.09843999999999997
11 0.133951 0.90604 0.193998 0.09843999999999997
11 0.84873 0.8926149999999999 0.24249999999999994 0.12974999999999992
11 0.18129499999999998 0.318795 0.15473 0.03803000000000001
11 0.17667349999999998 0.444075 0.15473299999999998 0.03803000000000001
11 0.17667349999999998 0.567115 0.15473299999999998 0.03803000000000001
11 0.17205399999999998 0.690155 0.154732 0.03803000000000001
