2 0.125 0.6119749999999999 0.02733999999999999 0.06771000000000005
2 0.186035 0.6119749999999999 0.026370000000000005 0.06771000000000005
2 0.246585 0.61263 0.026370000000000005 0.06640000000000001
2 0.30762 0.61263 0.02734000000000003 0.06640000000000001
2 0.36719 0.61328 0.027339999999999975 0.06510000000000005
2 0.427735 0.61263 0.02735000000000004 0.06640000000000001
2 0.487795 0.61263 0.026370000000000005 0.06640000000000001
2 0.547365 0.61328 0.026370000000000005 0.06510000000000005
2 0.606935 0.61328 0.026370000000000005 0.06510000000000005
2 0.6084 0.7291650000000001 0.02734000000000003 0.07030999999999998
2 0.54834 0.728515 0.028320000000000012 0.06901000000000002
2 0.48877000000000004 0.72461 0.026359999999999995 0.06120000000000003
2 0.42871 0.72526 0.029299999999999993 0.0625
2 0.40332 0.71745 0.015620000000000023 0.07811999999999997
2 0.37988 0.71745 0.023440000000000016 0.07811999999999997
2 0.356445 0.71745 0.015629999999999977 0.07811999999999997
2 0.308105 0.72786 0.026370000000000005 0.0625
2 0.24707 0.72786 0.02734000000000003 0.0625
2 0.186525 0.731115 0.027349999999999985 0.06901000000000002
2 0.12548499999999999 0.731115 0.02636999999999999 0.06901000000000002
2 0.125 0.85677 0.02733999999999999 0.06510000000000005
2 0.186525 0.85677 0.027349999999999985 0.06510000000000005
2 0.28418 0.842445 0.06053999999999998 0.0833299999999999
2 0.38037 0.8398399999999999 0.06152000000000002 0.08853999999999995
2 0.47509999999999997 0.841795 0.061519999999999964 0.08462999999999998
2 0.5488299999999999 0.853515 0.02734000000000003 0.06640999999999997
2 0.6098600000000001 0.853515 0.028320000000000012 0.06640999999999997
1 0.36816200000000004 0.7194 0.556636 0.5507799999999999
2 0.6855450000000001 0.621745 0.019529999999999936 0.05339000000000005
2 0.733885 0.633465 0.018550000000000066 0.05338999999999994
2 0.7792950000000001 0.639975 0.019529999999999936 0.05338999999999994
2 0.822755 0.647785 0.018550000000000066 0.05338999999999994
2 0.68799 0.73763 0.01855999999999991 0.058599999999999985
2 0.7334 0.74414 0.01758000000000004 0.058599999999999985
2 0.78076 0.75065 0.01855999999999991 0.058599999999999985
2 0.7348600000000001 0.8613299999999999 0.01660000000000006 0.06379999999999997
2 0.68848 0.8574200000000001 0.01757999999999993 0.06379999999999997
2 0.69189 0.96745 0.0283199999999999 0.0625
2 0.739745 0.9681 0.036129999999999995 0.058599999999999985
4 0.125975 0.571615 0.035150000000000015 0.015630000000000033
4 0.186525 0.57031 0.035150000000000015 0.015619999999999967
4 0.48926 0.6861999999999999 0.03515999999999997 0.010419999999999985
4 0.42871000000000004 0.6861999999999999 0.035160000000000025 0.010419999999999985
4 0.308595 0.6875 0.035150000000000015 0.013020000000000032
4 0.24707 0.68815 0.03516 0.011720000000000064
4 0.125485 0.8125 0.03613000000000001 0.015619999999999967
4 0.186525 0.8125 0.035150000000000015 0.015619999999999967
4 0.608885 0.809895 0.036129999999999995 0.015630000000000033
4 0.550295 0.809895 0.036129999999999995 0.015630000000000033
4 0.24707 0.571615 0.03516 0.01041000000000003
4 0.30762 0.572265 0.03515999999999997 0.009109999999999951
4 0.487795 0.572265 0.036129999999999995 0.009109999999999951
4 0.42871000000000004 0.571615 0.035160000000000025 0.01041000000000003
4 0.367675 0.572265 0.03613000000000005 0.009109999999999951
4 0.785155 0.709635 0.042970000000000064 0.03125
4 0.830565 0.71875 0.04198999999999997 0.031260000000000066
4 0.736325 0.704425 0.04296999999999995 0.03125
4 0.6894549999999999 0.696615 0.042970000000000064 0.03125
4 0.6879900000000001 0.8125 0.03808 0.02864
4 0.73584 0.816405 0.03808 0.028649999999999953
4 0.7807599999999999 0.820315 0.03808 0.028650000000000064
4 0.547855 0.5729150000000001 0.037109999999999976 0.01562999999999992
4 0.605465 0.5729150000000001 0.037109999999999976 0.01562999999999992
5 0.125 0.6666650000000001 0.04296 0.04687000000000008
5 0.186525 0.66797 0.04297000000000001 0.04687999999999992
5 0.61084 0.66927 0.04393999999999998 0.04688000000000003
5 0.547855 0.66797 0.04296999999999995 0.04687999999999992
5 0.48926 0.6510400000000001 0.04491999999999996 0.01301999999999992
5 0.427735 0.65169 0.04492999999999997 0.011719999999999953
5 0.30957 0.6510400000000001 0.044920000000000015 0.01301999999999992
5 0.24805 0.64974 0.04491999999999996 0.013020000000000032
5 0.125485 0.7701800000000001 0.04199 0.01432
5 0.186035 0.7701800000000001 0.04199 0.01432
5 0.608885 0.76888 0.04198999999999997 0.01432
5 0.54834 0.76823 0.041999999999999926 0.013020000000000032
6 0.37451 0.77083 0.31933999999999996 0.03645999999999994
8 0.15576 0.48307500000000003 0.07910000000000002 0.03384999999999999
8 0.57666 0.484375 0.07910000000000006 0.03384999999999999
4 0.38134999999999997 0.6555949999999999 0.08495999999999998 0.042970000000000064
8 0.27832 0.7181 0.02734000000000003 0.037760000000000016
8 0.458985 0.7174499999999999 0.02735000000000004 0.03646000000000005
8 0.15429500000000002 0.83789 0.027350000000000013 0.037760000000000016
8 0.5791 0.8339799999999999 0.02734000000000003 0.037759999999999905
9 0.3666985 0.910805 0.5498029999999999 0.055989999999999984
11 0.36963 0.973305 0.33105999999999997 0.04037000000000002
11 0.15625 0.972655 0.08594 0.03907000000000005
11 0.36865000000000003 0.934895 0.1748 0.028649999999999953
11 0.657715 0.9322950000000001 0.018549999999999955 0.020830000000000015
11 0.735355 0.97461 0.025390000000000024 0.016920000000000046
11 0.6386700000000001 0.9589799999999999 0.011720000000000064 0.024740000000000095
11 0.771485 0.9609350000000001 0.017569999999999975 0.020830000000000015
2 0.33301000000000003 0.80013 0.017579999999999985 0.019540000000000002
2 0.427735 0.80078 0.01757000000000003 0.02084000000000008
