1 0.50048828 0.5012092 0.99902344 0.9975816
2 0.0625 0.0931075 0.058594 0.050785
2 0.060547000000000004 0.188635 0.05664 0.05079
2 0.059081999999999996 0.285975 0.057617999999999996 0.04957
2 0.0595705 0.6850050000000001 0.056641 0.04957
2 0.057617 0.38693999999999995 0.05859400000000001 0.05077999999999999
2 0.058594 0.483675 0.05859399999999999 0.05079
2 0.057617 0.58464 0.05859400000000001 0.04958000000000007
2 0.35498 0.68561 0.06152000000000002 0.050779999999999936
2 0.058105500000000004 0.783555 0.057617 0.05079
2 0.35449 0.78537 0.0625 0.04957999999999996
2 0.354005 0.585245 0.057609999999999995 0.05079
2 0.35302500000000003 0.482465 0.059569999999999956 0.05079
2 0.35205 0.38149999999999995 0.06348000000000004 0.05199999999999999
2 0.35059 0.18258999999999997 0.0625 0.0532
2 0.6567350000000001 0.28295000000000003 0.05957000000000001 0.05319999999999997
2 0.35253999999999996 0.083435 0.06053999999999998 0.048369999999999996
2 0.353515 0.28174 0.06054999999999999 0.053200000000000025
2 0.938475 0.0937115 0.06054999999999999 0.047157000000000004
2 0.65234 0.08524999999999999 0.0625 0.052000000000000005
2 0.65625 0.18681999999999999 0.058599999999999985 0.037479999999999986
2 0.65674 0.380895 0.06347999999999998 0.05320999999999998
2 0.66016 0.48126 0.0625 0.05319999999999997
2 0.65967 0.58162 0.06347999999999998 0.053200000000000025
2 0.65869 0.6844 0.06347999999999998 0.053199999999999914
2 0.66016 0.78416 0.0625 0.052000000000000046
2 0.945805 0.38210500000000003 0.05957000000000001 0.053210000000000035
2 0.948245 0.481255 0.06054999999999999 0.05079000000000006
2 0.945805 0.28537 0.05957000000000001 0.05077999999999999
2 0.950685 0.58404 0.0595699999999999 0.053199999999999914
2 0.9477549999999999 0.677145 0.05957000000000001 0.05320999999999998
2 0.146485 0.287185 0.054690000000000016 0.051990000000000036
2 0.203125 0.285975 0.054690000000000016 0.051990000000000036
2 0.26172 0.284765 0.05467999999999998 0.05198999999999998
2 0.24755500000000003 0.688635 0.08887000000000003 0.056829999999999936
2 0.157225 0.68803 0.08399000000000001 0.06045999999999996
2 0.245115 0.7956449999999999 0.058589999999999975 0.04836999999999991
2 0.15722999999999998 0.79383 0.056639999999999996 0.04715999999999998
2 0.24364999999999998 0.597945 0.05761999999999998 0.03991
2 0.15625 0.596735 0.056640000000000024 0.03991
2 0.24512 0.48790500000000003 0.09570000000000001 0.05682999999999999
2 0.154785 0.48729999999999996 0.07911000000000001 0.05561999999999995
2 0.24414 0.39842500000000003 0.05663999999999997 0.030230000000000035
2 0.155275 0.39842500000000003 0.05859 0.030230000000000035
2 0.245115 0.19891 0.058589999999999975 0.015720000000000012
2 0.15967 0.200725 0.05565999999999999 0.012090000000000017
2 0.245115 0.107013 0.058589999999999975 0.022973999999999994
2 0.16211 0.111245 0.054680000000000006 0.019350000000000006
2 0.549315 0.086456 0.09472999999999998 0.059248
2 0.551755 0.186215 0.08789000000000002 0.05804999999999999
2 0.441895 0.10217399999999999 0.05567 0.020552
2 0.44189500000000004 0.201935 0.057609999999999995 0.02418999999999999
2 0.536135 0.299275 0.05859000000000003 0.02781
2 0.44140999999999997 0.299275 0.05663999999999997 0.03022999999999998
2 0.53711 0.397215 0.058599999999999985 0.03265000000000001
2 0.445315 0.397215 0.058589999999999975 0.03265000000000001
2 0.54004 0.49516 0.058599999999999985 0.039899999999999936
2 0.44238500000000003 0.49758 0.058589999999999975 0.03748000000000001
2 0.541995 0.595525 0.05858999999999992 0.03749000000000002
2 0.441895 0.59613 0.05567 0.03870000000000007
2 0.44238 0.69589 0.056640000000000024 0.04231999999999991
2 0.542485 0.6952849999999999 0.0595699999999999 0.045950000000000046
2 0.44287 0.794435 0.057620000000000005 0.048370000000000024
2 0.5410200000000001 0.79383 0.05663999999999991 0.04958000000000007
2 0.81006 0.10882700000000001 0.05176000000000003 0.021765999999999994
2 0.73682 0.106408 0.040039999999999965 0.021764000000000006
2 0.730955 0.18863 0.024410000000000043 0.05562
2 0.757325 0.18863 0.026370000000000005 0.05562
2 0.7841800000000001 0.18984 0.025399999999999978 0.05562
2 0.811525 0.18984 0.025389999999999913 0.05562
2 0.838865 0.18984 0.025390000000000024 0.05562
2 0.866215 0.19105 0.025390000000000024 0.05562
2 0.802245 0.285975 0.16894999999999993 0.054410000000000014
2 0.80469 0.383915 0.16602000000000006 0.05682999999999999
2 0.8193349999999999 0.49637 0.052730000000000055 0.03747999999999996
2 0.74414 0.49456 0.041020000000000056 0.03869999999999996
2 0.81836 0.59311 0.05274000000000001 0.03990000000000005
2 0.7446299999999999 0.59311 0.03808 0.03990000000000005
2 0.81836 0.6922600000000001 0.048819999999999975 0.042320000000000024
2 0.745115 0.691655 0.04100999999999999 0.04353000000000007
2 0.745605 0.7889999999999999 0.04198999999999997 0.04715999999999998
2 0.81885 0.7883899999999999 0.05176000000000003 0.050779999999999936
3 0.470215 0.943775 0.053710000000000035 0.09069000000000005
3 0.580565 0.9528449999999999 0.03027000000000002 0.07497000000000009
3 0.24755500000000003 0.9528399999999999 0.03613000000000002 0.07979999999999998
3 0.284665 0.9528399999999999 0.036129999999999995 0.07979999999999998
6 0.205565 0.134825 0.17481000000000002 0.05925000000000001
6 0.20508 0.232165 0.17578 0.055629999999999985
6 0.2041 0.336155 0.17578000000000005 0.05563000000000001
6 0.203125 0.43711999999999995 0.17773000000000003 0.04958000000000001
6 0.203125 0.53688 0.17773000000000003 0.04835999999999996
6 0.20215 0.638455 0.17774 0.048370000000000024
6 0.20264 0.7376050000000001 0.17676 0.04836999999999991
6 0.20557 0.832525 0.17675999999999997 0.035070000000000046
6 0.50879 0.830105 0.18749999999999994 0.03265000000000007
6 0.5097700000000001 0.7412350000000001 0.19336000000000003 0.05079
6 0.5068349999999999 0.638455 0.19140999999999997 0.048370000000000024
6 0.5068349999999999 0.53809 0.19140999999999997 0.04836000000000007
6 0.50586 0.436515 0.19139999999999996 0.048370000000000024
6 0.50586 0.334945 0.19139999999999996 0.048370000000000024
6 0.503905 0.23579499999999998 0.19140999999999997 0.048369999999999996
6 0.50293 0.13422 0.19140000000000001 0.048360000000000014
6 0.80225 0.13845000000000002 0.17090000000000005 0.05200000000000002
6 0.804685 0.238815 0.17186999999999997 0.047150000000000025
6 0.805665 0.334945 0.17186999999999997 0.048370000000000024
6 0.807615 0.43289 0.17186999999999997 0.04835999999999996
6 0.807615 0.534465 0.17186999999999997 0.048370000000000024
6 0.811525 0.634825 0.17187000000000008 0.048370000000000024
6 0.80957 0.733975 0.17188000000000003 0.04836999999999991
6 0.8125 0.82648 0.17188000000000003 0.03506000000000009
7 0.043456999999999996 0.0840385 0.014648000000000001 0.027811000000000002
7 0.0625 0.08101549999999999 0.015623999999999999 0.021764999999999993
7 0.081543 0.080411 0.016601999999999992 0.022973999999999994
7 0.0390625 0.373035 0.015625 0.015710000000000002
7 0.058105500000000004 0.373035 0.014649000000000002 0.015710000000000002
7 0.07666 0.37183 0.014648000000000008 0.013299999999999979
7 0.95996 0.174125 0.015619999999999967 0.007249999999999979
7 0.931155 0.191055 0.036129999999999995 0.04353000000000001
2 0.941405 0.187425 0.05859000000000003 0.05321000000000001
9 0.50439455 0.15236 0.9912109 0.031439999999999996
9 0.5014647 0.25393 0.9912106 0.031439999999999996
9 0.50341625 0.350665 0.9912075 0.03142999999999996
9 0.5024429499999999 0.44861 0.9912141 0.031440000000000023
9 0.5024429499999999 0.5507850000000001 0.9912141 0.02781
9 0.5014647 0.65115 0.9912106 0.02298
9 0.4995131 0.75091 0.9912138 0.031440000000000023
11 0.06054485 0.94075 0.11523030000000001 0.11124
11 0.06836155000000001 0.865175 0.1328169 0.04232999999999998
11 0.22119 0.8706149999999999 0.16893999999999998 0.03869
11 0.17285 0.9534499999999999 0.10352 0.07618000000000003
2 0.21094 0.902055 0.18163999999999997 0.021769999999999956
11 0.36816499999999996 0.88271 0.10937000000000002 0.03869999999999996
11 0.355955 0.93712 0.08300999999999997 0.06772
11 0.40771500000000005 0.948005 0.01855000000000001 0.08706999999999998
11 0.430665 0.93531 0.02149000000000001 0.07133999999999996
11 0.46435499999999996 0.8833150000000001 0.08105000000000001 0.02781
11 0.57568 0.8821049999999999 0.14160000000000006 0.02781
11 0.534665 0.93531 0.053710000000000035 0.07133999999999996
11 0.618655 0.932285 0.04199000000000008 0.07255
11 0.7431650000000001 0.932285 0.19530999999999998 0.10157000000000005
11 0.830075 0.85913 0.025390000000000024 0.042320000000000024
11 0.788575 0.8669899999999999 0.024410000000000043 0.02417999999999998
