1 0.50272635 0.4990231 0.9909072999999999 0.9902338
2 0.284545 0.23876999999999998 0.12180999999999997 0.167
2 0.52364 0.23779 0.12000000000000005 0.16504
2 0.7618199999999999 0.23730500000000002 0.12364000000000008 0.16797
2 0.28 0.540525 0.12364 0.17285
2 0.52 0.54004 0.12728000000000006 0.17578
2 0.76 0.541505 0.12363999999999997 0.17285
3 0.51818 0.882325 0.14182 0.19628999999999996
5 0.756365 0.328125 0.1890900000000001 0.02149000000000001
5 0.5172749999999999 0.328615 0.19091000000000002 0.020510000000000028
5 0.28090499999999996 0.330565 0.19090999999999997 0.020510000000000028
6 0.48999849999999995 0.03124995 0.914543 0.0488281
6 0.28091 0.654785 0.13272000000000003 0.04785000000000006
6 0.52091 0.65625 0.13271999999999995 0.048820000000000086
6 0.7581800000000001 0.655275 0.14181999999999995 0.04687000000000008
7 0.328185 0.24560500000000002 0.030909999999999993 0.15137000000000003
7 0.28 0.24560500000000002 0.061820000000000014 0.15137000000000003
7 0.563635 0.243655 0.03637000000000001 0.15137
7 0.5118199999999999 0.243655 0.05999999999999994 0.15137
7 0.75 0.24463 0.06000000000000005 0.15136
7 0.803635 0.24463 0.03637000000000001 0.15136
7 0.50818 0.543945 0.056359999999999966 0.16210999999999998
7 0.5590900000000001 0.54492 0.03817999999999999 0.16016000000000002
7 0.26 0.5424800000000001 0.036359999999999976 0.16308
9 0.503638 0.072265 0.960004 0.08203
9 0.503636 0.39795 0.970908 0.06934000000000001
9 0.5036375 0.6875 0.978185 0.031239999999999934
10 0.9772700000000001 0.56494 0.03817999999999999 0.22558000000000006
10 0.972725 0.438475 0.05091000000000001 0.027349999999999985
10 0.6081799999999999 0.873535 0.03817999999999999 0.23731000000000002
10 0.41727000000000003 0.8706050000000001 0.03818000000000005 0.23731000000000002
10 0.9772700000000001 0.87451 0.03817999999999999 0.23730000000000007
10 0.414545 0.7417 0.07637000000000005 0.022460000000000035
10 0.61273 0.74414 0.07635999999999998 0.021479999999999944
10 0.971815 0.7480450000000001 0.04909000000000008 0.01366999999999996
11 0.503635 0.715335 0.43637000000000004 0.03223000000000009
11 0.79727 0.84375 0.32182 0.21873999999999993
11 0.52 0.75781 0.13818000000000003 0.04492000000000007
11 0.24909 0.8466800000000001 0.27999999999999997 0.22655999999999998
