2 0.1274215 0.22314499999999998 0.151617 0.14747
2 0.51371 0.225095 0.14999999999999997 0.14551
2 0.759675 0.222165 0.14839000000000002 0.14551000000000003
2 0.128228 0.5376 0.150004 0.15918000000000004
2 0.5129 0.5376 0.14516 0.15918000000000004
2 0.762095 0.532715 0.14676999999999996 0.15723000000000004
2 0.127417 0.81738 0.16128599999999998 0.13085999999999998
4 0.1266108 0.41455 0.2403184 0.0791
4 0.769355 0.41211 0.24517 0.07617999999999997
4 0.52016 0.41503500000000004 0.24031999999999998 0.07617000000000002
3 0.641125 0.86328 0.31128999999999996 0.27344
4 0.650805 0.69824 0.48549 0.10155999999999998
1 0.47661145 0.50439455 0.9499970999999999 0.9912109
5 0.12822450000000002 0.322265 0.201611 0.06641000000000002
5 0.512095 0.32471 0.20161 0.06738
5 0.75887 0.32471 0.19838 0.06152000000000002
5 0.76129 0.63721 0.21289999999999998 0.06151999999999991
5 0.519355 0.64404 0.21291 0.06151999999999991
5 0.1282245 0.6518550000000001 0.224191 0.06933
8 0.126611 0.116697 0.217738 0.06542599999999998
8 0.510485 0.117674 0.23708999999999997 0.06347199999999999
8 0.76532 0.117674 0.2371000000000001 0.06347199999999999
9 0.47661225 0.6958 0.9370955 0.024419999999999997
10 0.29355 0.39941000000000004 0.07419999999999999 0.43164
10 0.291935 0.6567350000000001 0.09033000000000002 0.08300999999999992
10 0.290325 0.165525 0.09677000000000002 0.036129999999999995
