1 0.5542 0.49218850000000003 0.7542 0.863283
2 0.223665 0.44921500000000003 0.03816999999999998 0.04297000000000001
2 0.2229 0.49951500000000004 0.039699999999999985 0.047850000000000004
2 0.414505 0.499025 0.03816999999999998 0.04883000000000004
2 0.414505 0.44921500000000003 0.03816999999999998 0.04297000000000001
2 0.603815 0.450195 0.03817000000000004 0.04297000000000001
2 0.603815 0.5004850000000001 0.03817000000000004 0.04785000000000006
2 0.796185 0.44921500000000003 0.03817000000000004 0.04297000000000001
2 0.793895 0.499025 0.03969 0.04883000000000004
2 0.41221 0.640625 0.036640000000000006 0.05665000000000009
2 0.60458 0.63916 0.036640000000000006 0.057620000000000005
2 0.222135 0.64014 0.03816999999999998 0.057620000000000005
2 0.79313 0.63916 0.03815999999999997 0.057620000000000005
2 0.414505 0.7543949999999999 0.03816999999999998 0.061529999999999974
2 0.603055 0.7543949999999999 0.03969 0.061529999999999974
2 0.79771 0.75342 0.03815999999999997 0.06152000000000002
2 0.32137499999999997 0.211425 0.016790000000000027 0.03222999999999998
2 0.706105 0.211425 0.01678999999999997 0.03222999999999998
2 0.25725 0.28906 0.03206000000000003 0.04102
2 0.38397000000000003 0.28906 0.03206000000000003 0.04102
2 0.64046 0.28906 0.03205999999999998 0.04102
2 0.7686999999999999 0.29003999999999996 0.03206000000000009 0.04102
2 0.26183 0.50293 0.02290000000000003 0.044920000000000015
2 0.262595 0.45459 0.024430000000000007 0.04393999999999998
2 0.18397 0.45459 0.025959999999999983 0.040039999999999965
2 0.184735 0.5009750000000001 0.02137 0.04297000000000001
2 0.375575 0.455075 0.024430000000000007 0.04297000000000001
2 0.45496499999999995 0.455075 0.024430000000000007 0.04297000000000001
2 0.37481 0.50293 0.02596000000000004 0.042960000000000054
2 0.4542 0.501955 0.025959999999999983 0.04297000000000001
2 0.56565 0.456055 0.025959999999999983 0.04297000000000001
2 0.6442749999999999 0.456055 0.024430000000000063 0.04297000000000001
2 0.56565 0.50293 0.025959999999999983 0.042960000000000054
2 0.64351 0.50293 0.025959999999999983 0.042960000000000054
2 0.757255 0.455075 0.024429999999999952 0.04297000000000001
2 0.8358749999999999 0.455075 0.02595000000000003 0.04297000000000001
2 0.83435 0.501955 0.025959999999999983 0.04297000000000001
2 0.755725 0.501955 0.024429999999999952 0.04297000000000001
2 0.451905 0.637695 0.024429999999999952 0.04296999999999995
2 0.37404499999999996 0.637695 0.024430000000000007 0.04296999999999995
2 0.262595 0.637695 0.024430000000000007 0.04296999999999995
2 0.56565 0.637695 0.025959999999999983 0.04296999999999995
2 0.641985 0.637695 0.02595000000000003 0.04296999999999995
2 0.754195 0.637695 0.024430000000000063 0.04296999999999995
2 0.833585 0.637695 0.024429999999999952 0.04296999999999995
2 0.45343500000000003 0.7543949999999999 0.024430000000000007 0.05761000000000005
2 0.376335 0.75537 0.025949999999999973 0.057620000000000005
2 0.567175 0.75537 0.02595000000000003 0.057620000000000005
2 0.6450400000000001 0.75537 0.025960000000000094 0.057620000000000005
2 0.758775 0.75488 0.024429999999999952 0.056640000000000024
2 0.83664 0.75537 0.024419999999999997 0.057620000000000005
2 0.2229 0.41162 0.03663999999999998 0.02245999999999998
2 0.223665 0.595215 0.03816999999999998 0.02246999999999999
2 0.41374 0.595215 0.036640000000000006 0.02246999999999999
2 0.60458 0.595215 0.036640000000000006 0.02246999999999999
2 0.79313 0.59326 0.03815999999999997 0.022459999999999924
2 0.41374 0.41162 0.036640000000000006 0.02245999999999998
2 0.605345 0.41259999999999997 0.03817000000000004 0.02245999999999998
2 0.79542 0.41259999999999997 0.036640000000000006 0.02245999999999998
2 0.26336 0.41455 0.025959999999999983 0.028319999999999956
2 0.187025 0.41553 0.02595 0.028320000000000012
2 0.377865 0.41455 0.02595000000000003 0.028319999999999956
2 0.45496000000000003 0.41503999999999996 0.027480000000000004 0.027339999999999975
2 0.57023 0.41455 0.025959999999999983 0.028319999999999956
2 0.6450400000000001 0.41553 0.025960000000000094 0.028320000000000012
2 0.75954 0.41455 0.025959999999999983 0.028319999999999956
2 0.8358749999999999 0.41357 0.02595000000000003 0.028320000000000012
2 0.26183 0.59814 0.02596000000000001 0.0283199999999999
2 0.18549500000000002 0.59814 0.02595 0.0283199999999999
2 0.37481 0.59717 0.02596000000000004 0.028320000000000012
2 0.45267 0.59717 0.025959999999999983 0.028320000000000012
2 0.56565 0.59717 0.025959999999999983 0.028320000000000012
2 0.641985 0.59814 0.02595000000000003 0.0283199999999999
2 0.75649 0.59717 0.025959999999999983 0.028320000000000012
2 0.83435 0.59717 0.025959999999999983 0.028320000000000012
2 0.0480915 0.38965 0.053434999999999996 0.08008000000000004
2 0.1244285 0.394045 0.050383 0.07519000000000003
2 0.1244265 0.5532250000000001 0.056486999999999996 0.10645000000000004
2 0.123665 0.7075199999999999 0.06107 0.06934000000000007
2 0.196945 0.729495 0.048850000000000005 0.054689999999999905
2 0.19695000000000001 0.827145 0.06411999999999998 0.037109999999999976
3 0.112978 0.9082049999999999 0.073284 0.07226999999999995
2 0.794655 0.867675 0.11145000000000005 0.06933
2 0.605345 0.86328 0.11145000000000005 0.07032000000000005
2 0.41069 0.865235 0.10992000000000002 0.07030999999999998
8 0.328245 0.290525 0.06107000000000001 0.08886999999999998
8 0.521375 0.31933500000000004 0.06565000000000004 0.05468999999999996
8 0.714505 0.28955 0.06107000000000007 0.08886
8 0.900765 0.313965 0.058010000000000006 0.05957000000000001
8 0.518325 0.47217000000000003 0.06565000000000004 0.20996000000000004
8 0.323665 0.47217000000000003 0.06717000000000001 0.20996000000000004
8 0.71145 0.47314 0.06718000000000002 0.20995999999999998
8 0.12519 0.774905 0.045799999999999993 0.04199000000000008
8 0.537405 0.7133799999999999 0.024429999999999952 0.03417999999999999
8 0.73817 0.71387 0.03512000000000004 0.03516000000000008
8 0.28473499999999996 0.72949 0.03816999999999998 0.07225999999999999
8 0.354965 0.73877 0.03816999999999998 0.06347999999999998
8 0.32289999999999996 0.751955 0.050380000000000036 0.037109999999999976
8 0.31832 0.80664 0.025959999999999983 0.023440000000000016
8 0.7084 0.10742 0.10075999999999996 0.08984
8 0.32214 0.10839850000000001 0.10076000000000002 0.089843
9 0.530535 0.361815 0.78015 0.04198999999999997
9 0.548855 0.68213 0.7343500000000001 0.057620000000000005
10 0.28320999999999996 0.865235 0.022899999999999976 0.08593000000000006
10 0.35267000000000004 0.86572 0.02138000000000001 0.07910000000000006
10 0.35496 0.91455 0.041220000000000034 0.01856000000000002
10 0.28168000000000004 0.9155249999999999 0.04121999999999998 0.01464999999999994
10 0.35267499999999996 0.81445 0.024430000000000007 0.023439999999999905
10 0.28397 0.81006 0.024419999999999997 0.022459999999999924
11 0.6076349999999999 0.8105450000000001 0.15266999999999997 0.01366999999999996
