2 0.11621000000000001 0.27041 0.02733999999999999 0.054419999999999996
2 0.14844000000000002 0.27041 0.027340000000000003 0.054419999999999996
2 0.21582 0.26956 0.02930000000000002 0.05612
2 0.24756 0.26786 0.028320000000000012 0.05612
2 0.32129 0.26871 0.029299999999999993 0.05781999999999998
2 0.354 0.26700999999999997 0.028320000000000012 0.05441999999999997
2 0.421875 0.26701 0.029290000000000038 0.05782000000000001
2 0.453615 0.265305 0.03027000000000002 0.05782999999999999
2 0.1137715 0.40646499999999997 0.030277 0.06802999999999998
2 0.14551 0.40476 0.029299999999999993 0.06462000000000001
2 0.21533 0.40476500000000004 0.028320000000000012 0.06802999999999998
2 0.24707 0.40476500000000004 0.02930000000000002 0.06802999999999998
2 0.319825 0.40476500000000004 0.030269999999999964 0.06802999999999998
2 0.35254 0.40476500000000004 0.029299999999999993 0.06802999999999998
2 0.41992 0.403915 0.029299999999999993 0.06973000000000001
2 0.453125 0.403915 0.029290000000000038 0.06973000000000001
2 0.1142595 0.548465 0.029300999999999994 0.07652999999999999
2 0.146485 0.54847 0.029289999999999983 0.07994000000000001
2 0.21289 0.54847 0.029299999999999993 0.07994000000000001
2 0.24707 0.54762 0.02930000000000002 0.08163999999999993
2 0.31836 0.54847 0.029299999999999993 0.07994000000000001
2 0.352535 0.54847 0.03125 0.08333999999999997
2 0.419435 0.545915 0.03027000000000002 0.07823000000000002
2 0.452635 0.546765 0.03027000000000002 0.07992999999999995
4 0.127442 0.485545 0.075196 0.04590999999999995
4 0.22900500000000001 0.48468999999999995 0.07519 0.04761999999999994
4 0.333005 0.48214 0.08202999999999999 0.052719999999999934
4 0.43408 0.48129 0.08105999999999997 0.05441999999999997
2 0.534665 0.26615500000000003 0.030269999999999908 0.05953000000000003
2 0.5678700000000001 0.26615500000000003 0.030279999999999974 0.05953000000000003
2 0.63916 0.26786 0.030279999999999974 0.05951999999999999
2 0.671875 0.26871 0.029290000000000038 0.06121999999999997
2 0.7480500000000001 0.27041 0.029299999999999993 0.05781999999999998
2 0.78125 0.27041 0.029300000000000104 0.05781999999999998
2 0.851075 0.26871 0.03027000000000002 0.06121999999999997
2 0.8837900000000001 0.26871 0.029299999999999993 0.06121999999999997
2 0.5341800000000001 0.403915 0.029299999999999993 0.06973000000000001
2 0.56738 0.40476500000000004 0.029299999999999993 0.06802999999999998
2 0.637205 0.404765 0.03027000000000002 0.07143
2 0.671385 0.405615 0.03027000000000002 0.06972999999999996
2 0.74854 0.408165 0.028320000000000012 0.06803000000000003
2 0.78027 0.407315 0.029299999999999993 0.06633
2 0.850585 0.40646499999999997 0.029290000000000038 0.06802999999999998
2 0.8833 0.407315 0.028320000000000012 0.06633
2 0.533205 0.546765 0.03125 0.07992999999999995
2 0.566895 0.546765 0.03027000000000002 0.07992999999999995
2 0.636715 0.54762 0.03125 0.08163999999999993
2 0.671385 0.54847 0.03027000000000002 0.07994000000000001
2 0.746095 0.54932 0.029289999999999927 0.08164000000000005
2 0.78076 0.54932 0.030280000000000085 0.08164000000000005
2 0.8491200000000001 0.54932 0.030279999999999974 0.08164000000000005
2 0.8837900000000001 0.55017 0.029299999999999993 0.07994000000000001
4 0.65283 0.48299 0.08106000000000002 0.051019999999999954
4 0.763185 0.48724500000000004 0.08105000000000007 0.04931000000000002
4 0.866215 0.48468999999999995 0.08202999999999994 0.04761999999999994
4 0.550295 0.48214 0.08105000000000007 0.04932000000000003
4 0.1284185 0.638605 0.079103 0.052729999999999944
4 0.22656500000000002 0.637755 0.07616999999999999 0.05442999999999998
4 0.333495 0.6394599999999999 0.08300999999999997 0.051019999999999954
2 0.11474999999999999 0.71939 0.028319999999999998 0.10543999999999998
2 0.14600000000000002 0.71939 0.028319999999999984 0.10543999999999998
2 0.21338000000000001 0.72109 0.028319999999999984 0.10543999999999998
2 0.24561 0.72024 0.028320000000000012 0.10714000000000001
2 0.31738 0.72024 0.02734000000000003 0.10373999999999994
2 0.35058500000000004 0.72024 0.029289999999999983 0.10714000000000001
2 0.417965 0.72194 0.03125 0.10714000000000001
2 0.45166 0.72194 0.028320000000000012 0.10714000000000001
2 0.532225 0.72109 0.03125 0.10884000000000005
2 0.566405 0.72109 0.03125 0.10884000000000005
2 0.6362300000000001 0.72109 0.030279999999999974 0.10884000000000005
2 0.669435 0.72194 0.03027000000000002 0.10714000000000001
4 0.43359499999999995 0.640305 0.08202999999999999 0.05613000000000001
4 0.549805 0.639455 0.08203000000000005 0.05442999999999998
4 0.6533199999999999 0.6403099999999999 0.08204 0.05271999999999999
4 0.7636700000000001 0.64201 0.08008000000000004 0.05612000000000006
4 0.867185 0.641155 0.08203000000000005 0.05783000000000005
2 0.745605 0.72279 0.03027000000000002 0.10883999999999994
2 0.779785 0.7236400000000001 0.030269999999999908 0.1071399999999999
2 0.8491200000000001 0.7244900000000001 0.030279999999999974 0.10883999999999994
2 0.8833 0.7244900000000001 0.030279999999999974 0.10883999999999994
1 0.5029295 0.511905 0.982421 0.97619
2 0.49463 0.13775500000000002 0.040040000000000076 0.054430000000000006
2 0.028319999999999998 0.15136 0.021484 0.034019999999999995
2 0.061523499999999995 0.164115 0.027343 0.03570999999999999
2 0.9599599999999999 0.136905 0.021480000000000055 0.032310000000000005
2 0.93457 0.15306 0.013679999999999914 0.04421999999999998
2 0.983885 0.14881 0.01269000000000009 0.03911999999999999
2 0.4043 0.933675 0.03320000000000001 0.07823000000000002
2 0.657225 0.9396249999999999 0.035149999999999904 0.07992999999999995
2 0.878905 0.9642850000000001 0.02342999999999995 0.06463000000000008
2 0.0620115 0.26275499999999996 0.022461000000000002 0.06292999999999999
2 0.028319999999999998 0.25 0.021484 0.05101999999999998
2 0.0625 0.405615 0.025389999999999996 0.06972999999999996
2 0.028319999999999998 0.39710999999999996 0.021484 0.06631999999999999
2 0.026367 0.533165 0.021484000000000003 0.07993
2 0.026855 0.710035 0.024413999999999998 0.11055000000000004
2 0.060059 0.7176899999999999 0.024413999999999998 0.10883999999999994
2 0.061035 0.5416650000000001 0.028319999999999998 0.08333000000000002
2 0.9599599999999999 0.239795 0.023440000000000016 0.05782999999999999
2 0.933595 0.25255 0.01562999999999992 0.06632000000000002
2 0.984865 0.24830000000000002 0.01269000000000009 0.06462000000000004
2 0.9814449999999999 0.392855 0.011709999999999998 0.07823000000000002
2 0.955565 0.387755 0.024410000000000043 0.07143
2 0.9311499999999999 0.397955 0.012700000000000045 0.07482999999999995
2 0.9550799999999999 0.534865 0.023440000000000016 0.08332999999999996
2 0.981445 0.5416650000000001 0.009770000000000056 0.08673000000000003
2 0.92969 0.5459149999999999 0.011719999999999953 0.08162999999999998
2 0.92871 0.7236400000000001 0.009759999999999991 0.10033999999999998
2 0.979005 0.72109 0.010750000000000037 0.10884000000000005
2 0.95459 0.71939 0.022460000000000035 0.10884000000000005
5 0.128417 0.455785 0.077146 0.034009999999999985
5 0.230955 0.45493 0.07715 0.035719999999999974
5 0.335935 0.45493 0.07617000000000002 0.035719999999999974
5 0.43457 0.45493 0.07618000000000003 0.035719999999999974
5 0.54834 0.455785 0.0771400000000001 0.034009999999999985
5 0.6542950000000001 0.45748500000000003 0.07616999999999996 0.03401000000000004
5 0.765625 0.460885 0.07617000000000007 0.034009999999999985
5 0.867675 0.455785 0.07715000000000005 0.034009999999999985
5 0.13036999999999999 0.60884 0.07909999999999999 0.04422000000000004
5 0.23047 0.60714 0.07812 0.044219999999999926
5 0.33447000000000005 0.60714 0.0791 0.044219999999999926
5 0.43701 0.60544 0.0791 0.04422000000000004
5 0.54932 0.60714 0.07910000000000006 0.044219999999999926
5 0.65332 0.60714 0.07811999999999997 0.044219999999999926
5 0.76416 0.60714 0.07910000000000006 0.044219999999999926
5 0.8667 0.60714 0.07909999999999995 0.044219999999999926
5 0.867185 0.7950699999999999 0.07813000000000003 0.04252
5 0.76318 0.79677 0.07910000000000006 0.04252
5 0.651855 0.7916700000000001 0.07911000000000001 0.04252
5 0.31152 0.79252 0.039059999999999984 0.04082000000000008
5 0.22754000000000002 0.7933699999999999 0.07812 0.04252
5 0.1308585 0.79252 0.072263 0.044219999999999926
5 0.0288085 0.44473 0.030272999999999998 0.035719999999999974
5 0.0620115 0.45153 0.030272999999999994 0.035719999999999974
5 0.061523499999999995 0.613945 0.033203 0.08162999999999998
5 0.0273435 0.610545 0.029297000000000004 0.08163000000000009
5 0.0625 0.786565 0.035156 0.04250999999999994
5 0.027344 0.782315 0.027343999999999997 0.03740999999999994
5 0.35156 0.79252 0.039059999999999984 0.04082000000000008
5 0.49219 0.790815 0.1875 0.037410000000000054
5 0.95801 0.44047499999999995 0.029299999999999993 0.03741
5 0.98291 0.45068 0.01856000000000002 0.047619999999999996
5 0.93018 0.45067999999999997 0.016599999999999948 0.05441999999999997
5 0.955075 0.611395 0.03125 0.07652999999999999
5 0.92969 0.6233 0.015619999999999967 0.07994000000000001
5 0.98096 0.618195 0.01660000000000006 0.07992999999999995
5 0.956055 0.789115 0.03125 0.04421000000000008
5 0.9287099999999999 0.7942199999999999 0.01758000000000004 0.04081999999999997
5 0.98047 0.7933699999999999 0.015620000000000078 0.04252
6 0.18115199999999998 0.16156500000000001 0.182616 0.03401000000000001
6 0.82129 0.15986499999999998 0.19140000000000001 0.03401000000000001
8 0.1792 0.24405000000000002 0.02245999999999998 0.09354000000000001
8 0.28662 0.24745 0.02245999999999998 0.09353999999999998
8 0.38622999999999996 0.24575 0.02245999999999998 0.09354000000000001
8 0.49316499999999996 0.2415 0.031249999999999944 0.09523999999999999
8 0.603515 0.23979499999999998 0.023430000000000062 0.09523000000000001
8 0.70703 0.2415 0.023440000000000016 0.09523999999999999
8 0.8168949999999999 0.2449 0.024409999999999932 0.09523999999999999
9 0.5024415 0.32908000000000004 0.870117 0.06292000000000003
9 0.4975585 0.19473000000000001 0.868163 0.04591999999999999
9 0.500001 0.793365 0.841798 0.06292999999999993
10 0.2832 0.593535 0.01758000000000004 0.32313
10 0.38622999999999996 0.593535 0.016600000000000004 0.32313
10 0.70703 0.593535 0.01758000000000004 0.32313
10 0.6025400000000001 0.593535 0.01758000000000004 0.32653000000000004
10 0.282715 0.7831600000000001 0.026370000000000005 0.05612000000000006
10 0.384275 0.783165 0.026370000000000005 0.05953000000000008
10 0.706545 0.783165 0.026370000000000005 0.05953000000000008
10 0.601075 0.7848649999999999 0.026370000000000005 0.05952999999999997
10 0.282225 0.39796 0.027349999999999985 0.06802000000000002
10 0.38672 0.39796 0.02734000000000003 0.06802000000000002
10 0.70654 0.39966 0.028320000000000012 0.06802000000000002
10 0.60205 0.39710999999999996 0.028320000000000012 0.06631999999999999
10 0.6025400000000001 0.94388 0.029299999999999993 0.10883999999999994
10 0.711915 0.94473 0.029290000000000038 0.10714000000000001
10 0.822265 0.9447300000000001 0.029290000000000038 0.10374000000000005
10 0.46924 0.94388 0.07323999999999997 0.10883999999999994
10 0.28320500000000004 0.94218 0.048829999999999985 0.10884000000000005
10 0.15283 0.94048 0.03417999999999999 0.10543999999999998
10 0.0625 0.937075 0.011718000000000006 0.10545000000000004
10 0.063965 0.87755 0.02050799999999999 0.013599999999999945
10 0.15234 0.87925 0.044920000000000015 0.013600000000000056
10 0.2832 0.882655 0.0625 0.013610000000000011
10 0.470705 0.882655 0.08202999999999994 0.013610000000000011
10 0.60303 0.883505 0.03417999999999999 0.011909999999999976
10 0.711915 0.885205 0.035150000000000015 0.011909999999999976
10 0.822265 0.886905 0.035150000000000015 0.011909999999999976
