1 0.29687399999999997 0.50000225 0.490232 0.9949155000000001
1 0.77051 0.50063725 0.45508000000000004 0.9961855000000001
2 0.63672 0.30979500000000004 0.09570000000000001 0.11069000000000001
2 0.82422 0.31488499999999997 0.09570000000000001 0.11069000000000001
2 0.8237300000000001 0.53181 0.09277999999999997 0.12467999999999996
2 0.637205 0.527355 0.09277000000000002 0.12595
2 0.822755 0.7480899999999999 0.09277000000000002 0.12468000000000001
2 0.635255 0.746185 0.09277000000000002 0.12595
2 0.63574 0.9497450000000001 0.09179999999999999 0.09032999999999991
2 0.819335 0.94784 0.09179000000000004 0.09160000000000001
2 0.96631 0.305345 0.057620000000000005 0.09161000000000002
2 0.967285 0.41412 0.05761000000000005 0.0827
2 0.96582 0.51845 0.056640000000000024 0.08269999999999994
2 0.96484 0.62786 0.056640000000000024 0.0827
2 0.9624 0.731555 0.057620000000000005 0.08396999999999999
2 0.9624 0.836515 0.057620000000000005 0.08268999999999993
2 0.95947 0.94211 0.057620000000000005 0.0827
2 0.643555 0.098601 0.06641000000000008 0.082698
2 0.436035 0.30661499999999997 0.03808999999999996 0.12977
2 0.479005 0.30788499999999996 0.03809000000000001 0.12977
2 0.480955 0.521625 0.03809000000000001 0.12977
2 0.436035 0.522905 0.03808999999999996 0.12977000000000005
2 0.47997999999999996 0.7430049999999999 0.036140000000000005 0.12977000000000005
2 0.437985 0.7430049999999999 0.036129999999999995 0.12977000000000005
2 0.480955 0.9472 0.036129999999999995 0.08778000000000008
2 0.4375 0.9472 0.03515999999999997 0.08778000000000008
2 0.30518 0.303435 0.022460000000000035 0.13105
2 0.228515 0.3028 0.02149000000000001 0.13232000000000002
2 0.231445 0.52481 0.02148999999999998 0.11831999999999998
2 0.305665 0.5254449999999999 0.02149000000000001 0.11704999999999999
2 0.268065 0.52036 0.04198999999999997 0.13486000000000004
2 0.268065 0.30662 0.04198999999999997 0.13485999999999998
2 0.269045 0.74173 0.03809000000000001 0.13232
2 0.23242000000000002 0.7493650000000001 0.02343999999999999 0.12212999999999996
2 0.30762 0.7493650000000001 0.023440000000000016 0.12212999999999996
2 0.458005 0.092875 0.04297000000000001 0.10686999999999999
2 0.26416 0.0865155 0.03808 0.104329
2 0.30322499999999997 0.0846035 0.020509999999999973 0.10559299999999999
2 0.22607500000000003 0.0858795 0.02051 0.105601
2 0.13135 0.086513 0.040040000000000006 0.099234
2 0.13183499999999998 0.305345 0.07616999999999999 0.13230999999999998
2 0.1337915 0.519085 0.07031699999999999 0.13741000000000003
2 0.1347645 0.743 0.07031099999999998 0.13232
5 0.12451300000000001 0.377865 0.116214 0.03053
5 0.262205 0.37977 0.13379 0.029259999999999953
5 0.26709 0.5947800000000001 0.13378 0.029259999999999953
5 0.269045 0.81743 0.13379000000000002 0.029260000000000064
5 0.453615 0.38677 0.11620999999999998 0.03054000000000001
5 0.45654500000000003 0.599235 0.11621000000000004 0.030530000000000057
5 0.126953 0.5966899999999999 0.11523400000000002 0.0305399999999999
5 0.13232449999999998 0.821885 0.116211 0.030529999999999946
5 0.45508000000000004 0.821885 0.11524000000000006 0.030529999999999946
7 0.63818 0.741735 0.07910000000000006 0.10687000000000002
9 0.288574 0.17748 0.467772 0.09288000000000002
9 0.77539 0.17239500000000002 0.4375 0.05471000000000001
