2 0.23893 0.46289 0.05077999999999999 0.06446000000000002
2 0.33789 0.46289 0.04818 0.06446000000000002
2 0.24088500000000002 0.58496 0.049470000000000014 0.06640000000000001
2 0.33919 0.58496 0.04818 0.06640000000000001
4 0.24283500000000002 0.5283199999999999 0.09505 0.04296
4 0.34440499999999996 0.527835 0.09505000000000002 0.04199000000000008
4 0.24088500000000002 0.42334 0.09375000000000003 0.030279999999999974
4 0.342445 0.423825 0.09635000000000005 0.03125
2 0.4375 0.46289 0.04688000000000003 0.06446000000000002
2 0.43815 0.58447 0.04818 0.06738
4 0.44401 0.527345 0.09636 0.04100999999999999
4 0.44271 0.42334 0.09636 0.030279999999999974
4 0.6549499999999999 0.41455 0.10155999999999998 0.02245999999999998
4 0.65951 0.52197 0.10026000000000002 0.040039999999999965
2 0.64909 0.581055 0.04818 0.06641000000000008
2 0.64909 0.458005 0.04818 0.06445000000000001
2 0.6549499999999999 0.710445 0.052080000000000015 0.07129000000000008
2 0.6536500000000001 0.8432649999999999 0.04948000000000008 0.07128999999999996
2 0.240235 0.84668 0.04816999999999999 0.07031999999999994
2 0.33789 0.84668 0.04818 0.07031999999999994
2 0.43620000000000003 0.84668 0.04687999999999998 0.07031999999999994
2 0.43685 0.71533 0.04818 0.06933999999999996
2 0.33854 0.71631 0.04947999999999997 0.06933999999999996
2 0.240235 0.71631 0.04816999999999999 0.06933999999999996
1 0.4036481 0.605955 0.7994838000000001 0.78613
2 0.13932 0.46386499999999997 0.04948000000000001 0.06444999999999995
2 0.0403645 0.46289 0.049478999999999995 0.06446000000000002
2 0.13932 0.58496 0.04948000000000001 0.06835999999999998
2 0.0403645 0.586425 0.049478999999999995 0.06738999999999995
2 0.141275 0.717285 0.048170000000000004 0.06933
2 0.14258 0.84668 0.048180000000000014 0.07031999999999994
3 0.6569 0.958985 0.050779999999999936 0.07421
3 0.43945 0.96094 0.05077999999999999 0.07421999999999995
3 0.340495 0.961425 0.05079 0.07325000000000004
3 0.24154 0.96045 0.05077999999999999 0.07323999999999997
3 0.14323 0.9619150000000001 0.04948000000000001 0.07226999999999995
4 0.140624 0.421875 0.096352 0.03125
4 0.141274 0.526855 0.09765199999999999 0.04198999999999997
4 0.04687515 0.527345 0.0833337 0.042970000000000064
4 0.44791499999999995 0.6533199999999999 0.09634999999999999 0.029299999999999993
4 0.345055 0.6543000000000001 0.09635000000000005 0.029299999999999993
4 0.241535 0.6543000000000001 0.09505 0.029299999999999993
4 0.143882 0.6543000000000001 0.095056 0.029299999999999993
4 0.6666700000000001 0.6474599999999999 0.10155999999999998 0.029299999999999993
5 0.141276 0.628905 0.092448 0.02342999999999995
5 0.241535 0.628905 0.09245 0.02342999999999995
5 0.34179499999999996 0.62988 0.09244999999999998 0.023439999999999905
5 0.440755 0.628905 0.09245000000000003 0.02342999999999995
5 0.6516949999999999 0.625975 0.09245000000000003 0.025389999999999913
5 0.438805 0.89404 0.08333000000000002 0.028320000000000012
5 0.341795 0.89404 0.08462999999999998 0.028320000000000012
5 0.24023500000000003 0.89404 0.08463000000000001 0.028320000000000012
5 0.139323 0.8950199999999999 0.083334 0.028320000000000012
5 0.6569 0.89307 0.08463999999999994 0.028320000000000012
6 0.6640600000000001 0.757325 0.10155999999999998 0.03027000000000002
6 0.44466 0.7612300000000001 0.10026000000000002 0.030279999999999974
6 0.34440000000000004 0.76172 0.09244000000000002 0.029299999999999993
6 0.24479499999999998 0.76172 0.09374999999999997 0.029299999999999993
6 0.143227 0.76172 0.093746 0.029299999999999993
8 0.5488299999999999 0.615235 0.06379999999999997 0.03320999999999996
8 0.764325 0.61426 0.06511 0.03320000000000001
8 0.652995 0.31543 0.05339000000000005 0.013680000000000025
2 0.653645 0.27441499999999996 0.03125 0.023430000000000006
4 0.6542950000000001 0.257325 0.07161000000000006 0.024409999999999987
9 0.4036473 0.9130849999999999 0.7890654 0.02342999999999995
9 0.4062485 0.7866200000000001 0.791663 0.03808
9 0.40104415000000004 0.65137 0.7916717 0.039060000000000095
9 0.40038915 0.50244 0.7903617 0.028319999999999956
9 0.4069005 0.36963 0.7877590000000001 0.09277999999999997
10 0.564455 0.49902 0.022129999999999983 0.15819999999999995
10 0.52669 0.49902 0.02214000000000005 0.15819999999999995
10 0.74284 0.49707 0.022139999999999938 0.15819999999999995
10 0.779295 0.49707 0.022129999999999983 0.15819999999999995
10 0.5644549999999999 0.58154 0.03254999999999997 0.006840000000000068
10 0.527995 0.58154 0.035150000000000015 0.006840000000000068
10 0.741535 0.580565 0.03254999999999997 0.006830000000000003
10 0.7792950000000001 0.580565 0.03254999999999997 0.006830000000000003
10 0.565105 0.406735 0.03125 0.026370000000000005
10 0.527345 0.406735 0.03125 0.026370000000000005
10 0.7428349999999999 0.404785 0.029950000000000032 0.026370000000000005
10 0.7805949999999999 0.404785 0.029950000000000032 0.026370000000000005
10 0.695965 0.74072 0.022130000000000094 0.006840000000000068
10 0.6263000000000001 0.74072 0.023440000000000016 0.006840000000000068
10 0.6263 0.703125 0.013020000000000032 0.06834999999999991
10 0.69401 0.703125 0.013020000000000032 0.06834999999999991
10 0.627605 0.66553 0.020830000000000015 0.006840000000000068
10 0.6953149999999999 0.666015 0.020830000000000015 0.007809999999999984
10 0.47396 0.7431650000000001 0.013020000000000032 0.003909999999999969
10 0.410155 0.74463 0.01822999999999997 0.006839999999999957
10 0.37370000000000003 0.74414 0.013019999999999976 0.0039000000000000146
10 0.30989500000000003 0.74512 0.018230000000000024 0.005859999999999976
10 0.27539 0.74463 0.01691999999999999 0.0048799999999999955
10 0.208985 0.74512 0.01693 0.005859999999999976
10 0.17513 0.74512 0.01691999999999999 0.005859999999999976
10 0.110025 0.74512 0.01693 0.005859999999999976
10 0.11003 0.708985 0.011720000000000008 0.06640999999999997
10 0.17382999999999998 0.708985 0.01171999999999998 0.06640999999999997
10 0.20898 0.708985 0.011720000000000008 0.06640999999999997
10 0.27409 0.708495 0.009120000000000017 0.06739000000000006
10 0.30989500000000003 0.708985 0.010409999999999975 0.06640999999999997
10 0.37434999999999996 0.708985 0.011720000000000008 0.06640999999999997
10 0.4082 0.708005 0.011720000000000008 0.06641000000000008
10 0.47331 0.708005 0.011720000000000008 0.06641000000000008
10 0.473955 0.6713849999999999 0.018230000000000024 0.006830000000000003
10 0.409505 0.6713849999999999 0.019529999999999992 0.006830000000000003
10 0.375 0.6723650000000001 0.018220000000000014 0.006830000000000003
10 0.309245 0.671875 0.019529999999999992 0.007810000000000095
10 0.274735 0.671875 0.01822999999999997 0.007810000000000095
10 0.210285 0.6723650000000001 0.019529999999999992 0.006830000000000003
10 0.173825 0.671875 0.019529999999999992 0.007810000000000095
10 0.108724 0.6723650000000001 0.019531999999999994 0.006830000000000003
10 0.07356750000000001 0.671875 0.019531000000000007 0.007810000000000095
