1 0.66772 0.66162 0.58134 0.67676
2 0.896595 0.9238249999999999 0.04035 0.06445000000000001
2 0.759145 0.92285 0.08574999999999999 0.06446000000000007
2 0.602775 0.921385 0.08574999999999999 0.06346999999999992
2 0.445145 0.9199250000000001 0.04035 0.06445000000000001
4 0.895965 0.6523399999999999 0.07441000000000009 0.04491999999999996
4 0.75788 0.65039 0.12861999999999996 0.04491999999999996
4 0.59899 0.648435 0.13114000000000003 0.04296999999999995
4 0.43947 0.6494150000000001 0.07944000000000001 0.04883000000000004
2 0.444515 0.693845 0.03908999999999996 0.05957000000000001
2 0.442625 0.80371 0.04035 0.0625
2 0.575035 0.80615 0.03783000000000003 0.06152000000000002
2 0.576925 0.695805 0.03656999999999999 0.05957000000000001
2 0.627365 0.80615 0.03908999999999996 0.06152000000000002
2 0.629255 0.6967749999999999 0.03783000000000003 0.05957000000000001
2 0.73266 0.80713 0.04035999999999995 0.06152000000000002
2 0.7339249999999999 0.6967749999999999 0.03782999999999992 0.05957000000000001
2 0.786255 0.6967749999999999 0.03656999999999999 0.05957000000000001
2 0.785625 0.80762 0.03783000000000003 0.0625
2 0.896595 0.80859 0.04035 0.0625
2 0.895965 0.698245 0.03909000000000007 0.06054999999999999
4 0.895335 0.543455 0.07567000000000002 0.04784999999999995
2 0.895965 0.58594 0.03909000000000007 0.056640000000000024
2 0.8947050000000001 0.47558500000000004 0.03908999999999996 0.058589999999999975
4 0.7566200000000001 0.541505 0.12862000000000007 0.043949999999999934
2 0.785625 0.58594 0.03783000000000003 0.056640000000000024
2 0.733295 0.58594 0.03656999999999999 0.056640000000000024
2 0.784365 0.47558500000000004 0.03783000000000003 0.058589999999999975
2 0.7307699999999999 0.47558500000000004 0.039100000000000024 0.058589999999999975
4 0.5971 0.543455 0.12988 0.04784999999999995
2 0.627995 0.58594 0.03783000000000003 0.056640000000000024
2 0.575035 0.58545 0.03783000000000003 0.057620000000000005
2 0.626735 0.476075 0.04035 0.057609999999999995
2 0.57377 0.47558500000000004 0.04035999999999995 0.058589999999999975
4 0.43695 0.5400400000000001 0.07943999999999996 0.050779999999999936
2 0.442625 0.58203 0.04035 0.05663999999999991
2 0.44073 0.472655 0.04161999999999999 0.05859000000000003
2 0.337325 0.45752000000000004 0.02900999999999998 0.06934000000000001
2 0.33921999999999997 0.5703149999999999 0.03026000000000001 0.06445000000000001
2 0.34299999999999997 0.6875 0.03026000000000001 0.06445999999999996
2 0.338585 0.354 0.03657000000000005 0.028320000000000012
2 0.359395 0.253415 0.01765 0.024410000000000015
2 0.336065 0.243165 0.011349999999999971 0.019529999999999992
2 0.380205 0.26807000000000003 0.011350000000000027 0.02245999999999998
2 0.47352 0.37842 0.04918 0.016600000000000004
2 0.41551 0.38086 0.04918 0.017579999999999985
2 0.759145 0.36768 0.035310000000000064 0.03417999999999999
4 0.760405 0.340825 0.10341 0.03125
5 0.43821 0.5083 0.06431999999999999 0.016599999999999948
5 0.629255 0.513185 0.05549000000000004 0.018550000000000066
5 0.57377 0.513185 0.055479999999999974 0.018550000000000066
5 0.8959649999999999 0.512695 0.06430999999999998 0.019530000000000047
5 0.788775 0.5151399999999999 0.059269999999999934 0.022460000000000035
5 0.7295050000000001 0.5151399999999999 0.059270000000000045 0.022460000000000035
5 0.896595 0.618655 0.07060999999999995 0.01464999999999994
5 0.7597700000000001 0.61914 0.11727999999999994 0.011719999999999953
5 0.59962 0.6186499999999999 0.11727999999999994 0.012700000000000045
5 0.44073 0.61426 0.06935999999999998 0.011719999999999953
5 0.443255 0.734865 0.06179000000000001 0.024410000000000043
5 0.571875 0.7363299999999999 0.059269999999999934 0.023440000000000016
5 0.628625 0.736815 0.059269999999999934 0.024410000000000043
5 0.73203 0.73779 0.054220000000000046 0.022460000000000035
5 0.788775 0.7387699999999999 0.05423 0.022460000000000035
5 0.8972249999999999 0.73926 0.06430999999999998 0.021480000000000055
5 0.8959649999999999 0.84863 0.06430999999999998 0.023439999999999905
5 0.787515 0.84863 0.05423 0.023439999999999905
5 0.73203 0.84961 0.054220000000000046 0.023440000000000016
5 0.628625 0.84863 0.05423 0.023439999999999905
5 0.57314 0.84961 0.054219999999999935 0.023440000000000016
5 0.44577500000000003 0.84619 0.06934999999999997 0.022459999999999924
5 0.445145 0.955565 0.06305 0.008790000000000076
5 0.600885 0.95801 0.10970999999999997 0.011719999999999953
5 0.755985 0.9560550000000001 0.10970999999999997 0.011709999999999998
5 0.8978550000000001 0.96387 0.06557000000000002 0.023439999999999905
5 0.33985 0.49316499999999996 0.06431999999999999 0.031249999999999944
5 0.337325 0.612305 0.05926999999999999 0.044929999999999914
4 0.33859 0.6333 0.07440000000000002 0.03417999999999999
5 0.34111 0.72705 0.06180000000000002 0.032220000000000026
8 0.43757999999999997 0.43457 0.02018000000000003 0.017579999999999985
8 0.57251 0.438475 0.01766000000000001 0.015630000000000033
8 0.6248400000000001 0.438475 0.018919999999999937 0.015630000000000033
8 0.73077 0.438475 0.018920000000000048 0.015630000000000033
8 0.78373 0.43798499999999996 0.018919999999999937 0.014649999999999996
9 0.668345 0.40820500000000004 0.57503 0.058589999999999975
9 0.66961 0.7529300000000001 0.5699799999999999 0.023440000000000016
10 0.678435 0.601075 0.03027000000000002 0.18652999999999997
10 0.8373299999999999 0.6005849999999999 0.027739999999999987 0.18555
10 0.6796949999999999 0.72168 0.03782999999999992 0.05468000000000006
10 0.839215 0.72119 0.03908999999999996 0.05566000000000004
10 0.676545 0.489255 0.041610000000000036 0.037109999999999976
10 0.837955 0.489255 0.041609999999999925 0.037109999999999976
11 0.444515 0.96582 0.05423 0.015619999999999967
11 0.6021449999999999 0.96826 0.08700999999999992 0.016599999999999948
11 0.760405 0.967775 0.08574999999999999 0.01366999999999996
