4 0.47396 0.18213000000000001 0.11458000000000002 0.05176
4 0.6640600000000001 0.18310500000000002 0.11458000000000002 0.05371000000000001
1 0.47656 0.523438 0.6275999999999999 0.902344
4 0.28254999999999997 0.17968499999999998 0.12240000000000001 0.05468999999999999
5 0.07552299999999999 0.36572000000000005 0.09375399999999999 0.08495999999999998
5 0.27995000000000003 0.36279 0.10156000000000001 0.07909999999999995
5 0.47201000000000004 0.36572499999999997 0.10026000000000007 0.08300999999999997
5 0.66211 0.3667 0.10026000000000002 0.08300000000000002
8 0.37695500000000004 0.256835 0.09505000000000002 0.11718999999999999
8 0.5670550000000001 0.25976499999999997 0.09504999999999997 0.11718999999999999
8 0.378255 0.62158 0.08462999999999998 0.11230000000000007
8 0.5703149999999999 0.623535 0.08333000000000002 0.11231000000000002
8 0.37695500000000004 0.514645 0.09244999999999998 0.08789000000000002
8 0.56901 0.515135 0.09114 0.08691000000000004
9 0.47526 0.14648250000000002 0.6171800000000001 0.136715
9 0.47591000000000006 0.567385 0.6211 0.03125
2 0.078123 0.27051000000000003 0.08593400000000001 0.11327999999999999
2 0.2793 0.2666 0.08723999999999998 0.11914000000000002
2 0.47135 0.26953 0.08853999999999995 0.11914
2 0.6614599999999999 0.26855 0.08853999999999995 0.11914000000000002
2 0.6614599999999999 0.46973 0.08853999999999995 0.11913999999999997
2 0.47135 0.4668 0.08853999999999995 0.11914000000000002
2 0.27865 0.46484000000000003 0.08853999999999998 0.11914000000000002
2 0.076821 0.46826 0.088538 0.11816000000000004
2 0.665365 0.6699250000000001 0.09634999999999994 0.12304999999999999
2 0.47265500000000005 0.6689449999999999 0.09634999999999999 0.12304999999999999
2 0.277345 0.666995 0.09634999999999996 0.12304999999999999
2 0.25065000000000004 0.8457049999999999 0.04036000000000001 0.10937000000000008
2 0.30729 0.84668 0.04166000000000003 0.10938000000000003
2 0.44401 0.848145 0.041659999999999975 0.10838999999999999
2 0.497395 0.847655 0.041669999999999985 0.10937000000000008
2 0.63802 0.848635 0.04166000000000003 0.10936999999999997
2 0.6927099999999999 0.84912 0.04165999999999992 0.10840000000000005
