1 0.4381505 0.5581050000000001 0.7877590000000001 0.8642500000000001
3 0.74414 0.93408 0.07421999999999995 0.10643999999999998
2 0.764975 0.79492 0.03254999999999997 0.05274000000000001
2 0.721355 0.793945 0.03125 0.052729999999999944
2 0.74414 0.6855450000000001 0.07421999999999995 0.07812999999999992
2 0.744795 0.5463899999999999 0.09375 0.08496000000000004
2 0.746095 0.41455 0.09375 0.08105999999999997
4 0.746095 0.243655 0.11459000000000008 0.020510000000000028
2 0.76888 0.29053 0.03516000000000008 0.06347999999999998
2 0.722655 0.29053 0.03385000000000005 0.06347999999999998
4 0.376955 0.63574 0.08984999999999999 0.01758000000000004
4 0.265625 0.63379 0.09114999999999998 0.015619999999999967
4 0.26692499999999997 0.49804499999999996 0.09115000000000001 0.013670000000000015
4 0.37629999999999997 0.5 0.08854000000000001 0.01367999999999997
2 0.378255 0.54834 0.04816999999999999 0.07128000000000001
2 0.3776 0.68213 0.04947999999999997 0.07323999999999997
2 0.26888 0.6806650000000001 0.050779999999999964 0.07226999999999995
2 0.26953 0.547365 0.04947999999999997 0.07129000000000008
2 0.380855 0.832035 0.055989999999999984 0.08203000000000005
2 0.272135 0.831055 0.054690000000000016 0.08399000000000001
2 0.37760499999999997 0.950685 0.05468999999999996 0.07715000000000005
2 0.26822999999999997 0.950195 0.054680000000000006 0.07813000000000003
2 0.595705 0.95068 0.055989999999999984 0.07323999999999997
2 0.48697999999999997 0.9501949999999999 0.054680000000000006 0.07421
2 0.597655 0.833985 0.054690000000000016 0.08203000000000005
2 0.489585 0.832035 0.054690000000000016 0.08203000000000005
4 0.5963499999999999 0.63623 0.08853999999999995 0.014639999999999986
4 0.48633000000000004 0.6362300000000001 0.08983999999999998 0.01660000000000006
4 0.597005 0.501465 0.08722999999999992 0.01464999999999994
4 0.48633000000000004 0.50049 0.08983999999999998 0.012699999999999934
2 0.5963499999999999 0.6831050000000001 0.04948000000000008 0.07128999999999996
2 0.48828000000000005 0.682615 0.049480000000000024 0.07226999999999995
2 0.5963499999999999 0.5498050000000001 0.04948000000000008 0.07030999999999998
2 0.48828000000000005 0.549315 0.049480000000000024 0.07129000000000008
2 0.59766 0.41796500000000003 0.04947999999999997 0.07031000000000004
2 0.48893 0.416995 0.05077999999999999 0.07030999999999998
2 0.59961 0.296385 0.04818 0.06347000000000003
2 0.490235 0.29492 0.04816999999999999 0.0625
2 0.38021 0.416505 0.04947999999999997 0.06933
2 0.26953 0.41552999999999995 0.04947999999999997 0.06934000000000001
2 0.38021 0.294435 0.04947999999999997 0.06347000000000003
2 0.27083 0.293945 0.049479999999999996 0.06445000000000001
2 0.141925 0.28711 0.03384999999999999 0.06446000000000002
2 0.09635350000000001 0.28564500000000004 0.03385300000000001 0.06346999999999997
2 0.902345 0.47753999999999996 0.03385000000000005 0.062499999999999944
2 0.94466 0.47753999999999996 0.037759999999999905 0.06445999999999996
2 0.896485 0.608395 0.035150000000000015 0.06054999999999999
2 0.90169 0.351075 0.037760000000000016 0.06153000000000003
2 0.946615 0.35009999999999997 0.03644999999999998 0.061519999999999964
2 0.1204445 0.17676 0.079431 0.039059999999999984
2 0.11849100000000001 0.40869 0.09635800000000001 0.08106000000000002
2 0.117839 0.5488299999999999 0.100262 0.09765999999999997
4 0.1171855 0.240235 0.132809 0.03321000000000002
4 0.921225 0.30322 0.12890999999999997 0.028320000000000012
4 0.92578 0.434085 0.125 0.020510000000000028
4 0.914715 0.562015 0.12109000000000003 0.03027000000000002
5 0.11523249999999999 0.324705 0.087235 0.020509999999999973
5 0.74544 0.33203499999999997 0.08723999999999998 0.019529999999999992
5 0.37695 0.588865 0.07422000000000001 0.015630000000000033
5 0.26693 0.589845 0.07291999999999998 0.01562999999999992
5 0.48633000000000004 0.59082 0.07422000000000001 0.015619999999999967
5 0.59831 0.59082 0.07421999999999995 0.015619999999999967
5 0.5957 0.72461 0.07421999999999995 0.015619999999999967
5 0.48633000000000004 0.723635 0.07422000000000001 0.015630000000000033
5 0.378255 0.723635 0.07421 0.015630000000000033
5 0.26758000000000004 0.721195 0.07422000000000001 0.01464999999999994
5 0.5944 0.8769549999999999 0.07422000000000006 0.009769999999999945
5 0.48633000000000004 0.875975 0.07422000000000001 0.009769999999999945
5 0.378905 0.875 0.07291000000000003 0.009759999999999991
5 0.26628 0.874025 0.07421999999999998 0.009769999999999945
5 0.12044250000000001 0.197265 0.097655 0.011709999999999998
5 0.74349 0.82275 0.09636 0.010739999999999972
6 0.7460899999999999 0.589845 0.15103999999999995 0.042970000000000064
6 0.74219 0.7255849999999999 0.11197999999999997 0.03907000000000005
6 0.11979000000000001 0.58545 0.1276 0.04393999999999998
8 0.4375 0.2251 0.44792000000000004 0.12401999999999996
8 0.43228999999999995 0.33789 0.45052 0.01367999999999997
8 0.7454449999999999 0.478515 0.09504999999999997 0.04492999999999997
8 0.11914250000000001 0.47461 0.09505500000000001 0.044920000000000015
8 0.171875 0.666505 0.049470000000000014 0.09472999999999998
8 0.79948 0.668455 0.03386 0.08887
8 0.68229 0.666015 0.03386 0.08789000000000002
8 0.74284 0.6303700000000001 0.06379999999999997 0.032220000000000026
8 0.25651 0.783695 0.09895999999999999 0.07128999999999996
8 0.34570500000000004 0.786135 0.06641000000000002 0.07030999999999998
8 0.534505 0.78174 0.12369000000000002 0.06738
8 0.429035 0.79541 0.035150000000000015 0.05371999999999999
8 0.74349 0.879885 0.13019999999999998 0.07030999999999998
8 0.679685 0.31055 0.033849999999999936 0.023440000000000016
8 0.811195 0.31152 0.033849999999999936 0.023440000000000016
8 0.186195 0.30810499999999996 0.03384999999999999 0.024409999999999987
8 0.322915 0.8925799999999999 0.04686999999999997 0.021480000000000055
8 0.5416650000000001 0.89453 0.04687000000000008 0.021480000000000055
8 0.43294 0.892575 0.05077999999999999 0.03125
11 0.8125 0.95068 0.026040000000000063 0.03417999999999999
11 0.67318 0.9487300000000001 0.026040000000000063 0.03417999999999999
