2 0.18815500000000002 0.50586 0.032549999999999996 0.04882000000000003
2 0.273435 0.506345 0.03384999999999999 0.047850000000000004
2 0.35807500000000003 0.5083 0.03384999999999999 0.04980000000000001
2 0.44336 0.507815 0.035160000000000025 0.048829999999999985
2 0.5956999999999999 0.507815 0.07682 0.04687000000000002
2 0.6009150000000001 0.605955 0.03254999999999997 0.05567
2 0.56185 0.60547 0.022139999999999938 0.05663999999999991
2 0.639975 0.6064449999999999 0.022129999999999983 0.05664999999999998
2 0.5611999999999999 0.705565 0.023440000000000016 0.05567
2 0.639975 0.705565 0.022129999999999983 0.05567
2 0.6009150000000001 0.705565 0.03254999999999997 0.05567
2 0.565105 0.809085 0.03644999999999998 0.05957000000000001
2 0.62956 0.80957 0.037760000000000016 0.058599999999999985
2 0.634115 0.91797 0.03906999999999994 0.06053999999999993
2 0.5677099999999999 0.91748 0.03646000000000005 0.06152000000000002
2 0.357425 0.91797 0.03254999999999997 0.058599999999999985
2 0.440755 0.916995 0.035150000000000015 0.05858999999999992
2 0.357425 0.80957 0.03254999999999997 0.058599999999999985
2 0.44140500000000005 0.80957 0.03384999999999999 0.058599999999999985
2 0.272785 0.810055 0.035150000000000015 0.05957000000000001
2 0.188805 0.810055 0.03384999999999999 0.05957000000000001
2 0.272135 0.918945 0.03384999999999999 0.05858999999999992
2 0.188805 0.706545 0.03384999999999999 0.05567
2 0.273435 0.706545 0.03384999999999999 0.05567
2 0.35807500000000003 0.706545 0.03384999999999999 0.05567
2 0.18815500000000002 0.60547 0.032549999999999996 0.05663999999999991
2 0.273435 0.60547 0.03384999999999999 0.05663999999999991
2 0.35807500000000003 0.60547 0.03384999999999999 0.05663999999999991
2 0.442055 0.605955 0.03255000000000002 0.05567
2 0.44140500000000005 0.706545 0.03384999999999999 0.05567
1 0.36328105 0.672365 0.7239579 0.6435500000000001
2 0.10741999999999999 0.427245 0.07681999999999999 0.024409999999999987
2 0.26107 0.43066499999999996 0.07682000000000003 0.023430000000000006
2 0.41471 0.43066499999999996 0.07682 0.023430000000000006
2 0.102864 0.50586 0.03385199999999999 0.04882000000000003
2 0.1015625 0.60596 0.033854999999999996 0.057619999999999894
2 0.0182291 0.50635 0.0312498 0.05175999999999997
2 0.103514 0.706545 0.035152 0.05567
2 0.103515 0.80957 0.032549999999999996 0.058599999999999985
2 0.18945499999999998 0.895505 0.05599000000000001 0.013670000000000071
3 0.18814999999999998 0.9472700000000001 0.05860000000000001 0.06836000000000009
4 0.1080725 0.40625 0.122395 0.01758000000000004
4 0.26432 0.4082 0.12239999999999998 0.01758000000000004
4 0.419925 0.40869 0.12109000000000003 0.01856000000000002
4 0.10481950000000001 0.66113 0.06120100000000002 0.03320000000000001
4 0.18945 0.66113 0.061200000000000004 0.03320000000000001
4 0.27539 0.66211 0.06119999999999998 0.03320000000000001
4 0.35807 0.6616200000000001 0.0625 0.03417999999999999
4 0.44206 0.6616200000000001 0.06120000000000003 0.03417999999999999
5 0.1028635 0.641605 0.059893000000000016 0.019530000000000047
5 0.1888 0.64209 0.05990000000000001 0.020500000000000074
5 0.27604 0.64209 0.05989999999999998 0.020500000000000074
5 0.35807 0.643065 0.05989999999999995 0.020510000000000028
5 0.441405 0.642575 0.05989 0.019530000000000047
5 0.18945499999999998 0.74414 0.05859 0.023440000000000016
5 0.27539 0.74414 0.05860000000000001 0.023440000000000016
5 0.35742 0.74414 0.058599999999999985 0.023440000000000016
5 0.442055 0.74414 0.058589999999999975 0.023440000000000016
5 0.10221349999999998 0.746095 0.05859299999999999 0.02342999999999995
5 0.64323 0.743165 0.039059999999999984 0.02149000000000001
5 0.5585899999999999 0.7436499999999999 0.039059999999999984 0.022460000000000035
5 0.60026 0.7436499999999999 0.039059999999999984 0.022460000000000035
5 0.565755 0.847655 0.05079 0.02149000000000001
5 0.63086 0.847655 0.05078000000000005 0.02149000000000001
5 0.44010499999999997 0.848145 0.04687000000000002 0.020510000000000028
5 0.35807500000000003 0.847655 0.04687000000000002 0.02149000000000001
5 0.27409 0.848635 0.045579999999999954 0.02149000000000001
5 0.18814999999999998 0.849125 0.04557999999999998 0.020510000000000028
5 0.1028635 0.849125 0.046873 0.020510000000000028
8 0.6009150000000001 0.447265 0.10807 0.07031000000000004
8 0.501305 0.51221 0.03384999999999999 0.040039999999999965
8 0.705725 0.51172 0.03125 0.04102
8 0.595705 0.37695500000000004 0.055989999999999984 0.05273
8 0.5058549999999999 0.425295 0.06900999999999996 0.047850000000000004
8 0.69596 0.424805 0.05078000000000005 0.048829999999999985
8 0.601565 0.65625 0.13020999999999994 0.041020000000000056
5 0.603515 0.635255 0.04557 0.008790000000000076
8 0.70638 0.788575 0.029940000000000078 0.04981000000000002
8 0.501955 0.7876000000000001 0.029949999999999977 0.049799999999999955
8 0.48047 0.7724599999999999 0.010419999999999985 0.01758000000000004
8 0.522135 0.7724599999999999 0.01041000000000003 0.01758000000000004
8 0.68555 0.77344 0.011719999999999953 0.01757999999999993
8 0.63607 0.8779300000000001 0.02214000000000005 0.019540000000000002
8 0.56966 0.87744 0.022139999999999938 0.01855999999999991
8 0.44140999999999997 0.7734350000000001 0.026040000000000008 0.007809999999999984
8 0.35677000000000003 0.773925 0.026040000000000008 0.008789999999999965
8 0.272135 0.773925 0.026050000000000018 0.008789999999999965
8 0.1888 0.7744150000000001 0.026040000000000008 0.007809999999999984
8 0.103518 0.7744150000000001 0.024744000000000002 0.007809999999999984
8 0.58073 0.563475 0.00782000000000005 0.01366999999999996
8 0.5481750000000001 0.5629850000000001 0.007809999999999984 0.01464999999999994
8 0.625 0.563965 0.007819999999999938 0.01464999999999994
8 0.654945 0.563965 0.007810000000000095 0.01464999999999994
8 0.50521 0.55713 0.03645999999999999 0.022459999999999924
8 0.708985 0.558595 0.029950000000000032 0.025389999999999913
9 0.36913850000000004 0.5537099999999999 0.704423 0.05467999999999995
9 0.36067520000000003 0.749025 0.7083296 0.042970000000000064
9 0.36458229999999997 0.862305 0.7109354 0.02149000000000001
9 0.3658852 0.452635 0.7187496 0.03027000000000002
8 0.1888 0.46924 0.026040000000000008 0.01856000000000002
8 0.27344 0.47021500000000005 0.026040000000000008 0.01855000000000001
8 0.36068 0.47119 0.026039999999999952 0.01856000000000002
8 0.44401 0.4707 0.026040000000000008 0.01758000000000004
8 0.10416800000000001 0.46924 0.026043999999999998 0.01856000000000002
8 0.02018225 0.46924 0.024739499999999998 0.01856000000000002
10 0.5025999999999999 0.653805 0.026039999999999952 0.13964999999999994
10 0.70703 0.6557649999999999 0.026039999999999952 0.13964999999999994
10 0.534505 0.820315 0.014329999999999954 0.07227000000000006
10 0.5989599999999999 0.820805 0.015620000000000078 0.07129000000000008
10 0.66341 0.820315 0.01432 0.07227000000000006
10 0.502605 0.7387699999999999 0.03385000000000005 0.030279999999999974
10 0.70638 0.740725 0.03255999999999992 0.03027000000000002
10 0.598955 0.777345 0.01822999999999997 0.01562999999999992
10 0.535155 0.776365 0.01823000000000008 0.015630000000000033
10 0.665365 0.777345 0.01822999999999997 0.01562999999999992
10 0.503905 0.57568 0.041669999999999985 0.01660000000000006
10 0.70638 0.57715 0.037760000000000016 0.015620000000000078
