1 0.55561 0.50097655 0.85036 0.9980469
2 0.303335 0.27246000000000004 0.13750999999999997 0.19336000000000003
2 0.548025 0.26953 0.13751000000000002 0.19335999999999998
2 0.80081 0.27148 0.13751999999999998 0.19335999999999998
2 0.300305 0.646 0.13751 0.19823999999999997
2 0.54651 0.64746 0.13852000000000003 0.19726
2 0.797775 0.646 0.13751000000000002 0.19823999999999997
4 0.297775 0.510255 0.25177 0.06739000000000006
4 0.553585 0.50928 0.25177 0.06737999999999994
4 0.8089 0.510255 0.25076 0.06739000000000006
5 0.3003 0.38867 0.21839999999999998 0.056640000000000024
5 0.554095 0.38573999999999997 0.21841 0.05663999999999997
5 0.79474 0.38721 0.21839999999999993 0.057620000000000005
9 0.557635 0.083007 0.82609 0.117186
9 0.560665 0.763185 0.82609 0.04784999999999995
10 0.387765 0.6542950000000001 0.02526999999999996 0.18945
10 0.46158 0.65332 0.02527999999999997 0.18945999999999996
10 0.633975 0.652345 0.026290000000000036 0.18945
10 0.71335 0.652345 0.02527999999999997 0.18945
10 0.21284 0.655275 0.025280000000000025 0.18945
10 0.8832150000000001 0.655275 0.025270000000000015 0.18945
10 0.21284 0.54932 0.03133999999999998 0.022460000000000035
10 0.387765 0.5488299999999999 0.031350000000000044 0.021480000000000055
10 0.461575 0.5473600000000001 0.03134999999999999 0.022460000000000035
10 0.6359950000000001 0.5463899999999999 0.03234999999999999 0.022460000000000035
10 0.7128399999999999 0.5463899999999999 0.032360000000000055 0.022460000000000035
10 0.883215 0.5488299999999999 0.03134999999999999 0.021480000000000055
11 0.13043349999999998 0.8383750000000001 0.139533 0.18457
11 0.675935 0.953125 0.39736999999999995 0.09375
