1 0.56146 0.521974 0.80282 0.952152
4 0.291935 0.6450199999999999 0.20487 0.049799999999999955
4 0.52433 0.64551 0.20357999999999998 0.05078000000000005
4 0.793855 0.626465 0.19462999999999997 0.053710000000000035
4 0.794495 0.43603499999999995 0.19847000000000004 0.08105000000000001
4 0.793855 0.25488 0.19974999999999998 0.09570000000000001
2 0.33483 0.71436 0.05506 0.08495999999999992
2 0.25736000000000003 0.71436 0.053779999999999994 0.08495999999999992
2 0.33483 0.5488299999999999 0.05506 0.08398000000000005
2 0.25736000000000003 0.5488299999999999 0.053779999999999994 0.08398000000000005
2 0.5652999999999999 0.71533 0.05506 0.08496000000000004
2 0.48848 0.714845 0.05505999999999994 0.08399000000000001
2 0.5672200000000001 0.5488299999999999 0.056339999999999946 0.08398000000000005
2 0.48912 0.5488299999999999 0.053779999999999994 0.08398000000000005
2 0.830345 0.701175 0.0422499999999999 0.08789000000000002
2 0.7573650000000001 0.700195 0.04225000000000001 0.08789000000000002
2 0.8316250000000001 0.524415 0.04225000000000001 0.08984999999999993
2 0.758005 0.524415 0.04352999999999996 0.08984999999999993
2 0.832265 0.34863500000000003 0.04352999999999996 0.08788999999999997
2 0.758005 0.34912 0.04352999999999996 0.08692
2 0.56594 0.381835 0.05634000000000006 0.08399000000000001
2 0.48848 0.381345 0.05505999999999994 0.08301000000000003
2 0.56146 0.224125 0.04737999999999998 0.07715
2 0.49168 0.223635 0.04865999999999998 0.07617000000000002
2 0.33355 0.381835 0.05506 0.08399000000000001
2 0.25672 0.381345 0.05506 0.08301000000000003
2 0.329705 0.22460999999999998 0.049929999999999974 0.07618
2 0.261205 0.2251 0.04865 0.07519999999999999
2 0.798975 0.19238 0.06915000000000004 0.039059999999999984
2 0.098592 0.33301000000000003 0.048656000000000005 0.07226000000000005
2 0.0985915 0.19287500000000002 0.051217 0.07128999999999999
2 0.0300896 0.193845 0.052496799999999996 0.07128999999999999
2 0.1005125 0.47363 0.047375 0.07421999999999995
2 0.353395 0.91455 0.09219 0.12012
2 0.46991499999999997 0.91553 0.09219 0.12012
2 0.583865 0.91553 0.09219 0.12012
2 0.239435 0.913575 0.08963000000000002 0.11817
2 0.795775 0.91455 0.08579000000000003 0.11816000000000004
5 0.25672 0.60547 0.06274000000000002 0.029299999999999993
5 0.33355 0.605955 0.06274000000000002 0.03027000000000002
5 0.48912 0.6049800000000001 0.061460000000000015 0.030279999999999974
5 0.56658 0.60449 0.06274000000000002 0.029299999999999993
5 0.25544 0.7724599999999999 0.06274000000000002 0.029299999999999993
5 0.33227 0.7734399999999999 0.06274000000000002 0.029299999999999993
5 0.56338 0.77295 0.06146000000000007 0.030279999999999974
5 0.48719999999999997 0.77295 0.06273999999999996 0.030279999999999974
5 0.82971 0.763185 0.06402000000000008 0.03808999999999996
5 0.75544 0.762205 0.06401999999999997 0.03808999999999996
5 0.8322700000000001 0.584475 0.05890000000000006 0.03222999999999998
5 0.75736 0.583495 0.057620000000000005 0.03222999999999998
6 0.26056 0.277345 0.055060000000000026 0.029290000000000038
6 0.329705 0.27686 0.05504999999999999 0.028320000000000012
6 0.49232 0.27686 0.05506000000000005 0.028320000000000012
6 0.5614600000000001 0.27637 0.05506 0.029299999999999993
6 0.25736000000000003 0.436525 0.06402000000000002 0.027349999999999985
6 0.33227 0.4375 0.06274000000000002 0.02734000000000003
6 0.56338 0.436525 0.06401999999999997 0.027349999999999985
6 0.48719999999999997 0.436525 0.06273999999999996 0.027349999999999985
8 0.213185 0.19824 0.029450000000000004 0.023440000000000016
8 0.22343000000000002 0.17578 0.04994000000000001 0.017580000000000012
8 0.293855 0.17626999999999998 0.05248999999999998 0.018559999999999993
8 0.52689 0.175295 0.05249999999999999 0.01855000000000001
8 0.36299499999999996 0.17724499999999999 0.05504999999999999 0.018549999999999983
8 0.456465 0.174805 0.04993000000000003 0.017570000000000002
8 0.59731 0.174315 0.05249999999999999 0.01855000000000001
8 0.611395 0.196775 0.029449999999999976 0.024409999999999987
8 0.44494500000000003 0.19774999999999998 0.02945000000000003 0.022460000000000008
8 0.37707999999999997 0.19824 0.024319999999999953 0.023440000000000016
8 0.25736000000000003 0.32959000000000005 0.05634 0.012699999999999989
8 0.33419 0.329105 0.05634 0.013670000000000015
8 0.48912 0.328615 0.05634 0.012689999999999979
8 0.56594 0.328125 0.05634000000000006 0.01366999999999996
8 0.25992000000000004 0.49707 0.05634 0.01367999999999997
8 0.33547000000000005 0.49707 0.05634 0.01367999999999997
8 0.49039999999999995 0.49756 0.05634 0.012699999999999989
8 0.5672200000000001 0.49756 0.056339999999999946 0.012699999999999989
8 0.8476349999999999 0.177735 0.02561000000000002 0.04297000000000001
8 0.74968 0.176755 0.026880000000000015 0.04297000000000001
8 0.398205 0.12695 0.46351 0.03906
9 0.5621 0.109374 0.78874 0.12109199999999998
9 0.5614600000000001 0.46533 0.7849 0.057620000000000005
9 0.565945 0.79541 0.78361 0.02636000000000005
10 0.179255 0.285155 0.03072999999999998 0.17186999999999997
10 0.408455 0.28418 0.02817000000000003 0.17188
10 0.21894999999999998 0.378415 0.012800000000000006 0.08301000000000003
10 0.295775 0.378415 0.012809999999999988 0.08301000000000003
10 0.37132 0.37939500000000004 0.012799999999999978 0.08300999999999997
10 0.45006500000000005 0.37744500000000003 0.014089999999999991 0.08300999999999997
10 0.5268900000000001 0.37744500000000003 0.014079999999999981 0.08300999999999997
10 0.603715 0.376955 0.014089999999999936 0.08399000000000001
10 0.22022999999999998 0.54541 0.012800000000000006 0.08300000000000007
10 0.295775 0.54541 0.012809999999999988 0.08300000000000007
10 0.37260000000000004 0.54541 0.012799999999999978 0.08300000000000007
10 0.45198499999999997 0.5459 0.012810000000000044 0.08398000000000005
10 0.52881 0.544435 0.012799999999999923 0.08301000000000003
10 0.605635 0.544435 0.012809999999999988 0.08301000000000003
10 0.21831 0.711425 0.014079999999999981 0.08301000000000003
10 0.29513500000000004 0.71045 0.014089999999999991 0.08299999999999996
10 0.37260000000000004 0.711425 0.012799999999999978 0.08301000000000003
10 0.449425 0.711425 0.012809999999999988 0.08301000000000003
10 0.52753 0.711425 0.012800000000000034 0.08301000000000003
10 0.604355 0.71045 0.012809999999999988 0.08299999999999996
10 0.86876 0.6962900000000001 0.014079999999999981 0.08398000000000005
10 0.793855 0.6962900000000001 0.012809999999999988 0.08398000000000005
10 0.71959 0.6958 0.012800000000000034 0.08299999999999996
10 0.72087 0.52051 0.012799999999999923 0.08398
10 0.793855 0.52002 0.012809999999999988 0.08300000000000002
10 0.87068 0.52002 0.012799999999999923 0.08300000000000002
10 0.87068 0.344235 0.012799999999999923 0.08301000000000003
10 0.795135 0.345215 0.012809999999999988 0.08301000000000003
10 0.71959 0.344725 0.012800000000000034 0.08399000000000001
10 0.71895 0.39111 0.02432000000000001 0.010739999999999972
10 0.8713150000000001 0.39014 0.024330000000000074 0.010739999999999972
10 0.604995 0.434085 0.01921000000000006 0.03222999999999998
10 0.52625 0.434085 0.020480000000000054 0.03027000000000002
10 0.448785 0.434085 0.019210000000000005 0.03027000000000002
10 0.37260000000000004 0.43506 0.020479999999999998 0.030279999999999974
10 0.295775 0.43506 0.020490000000000008 0.030279999999999974
10 0.21767 0.43506 0.020479999999999998 0.030279999999999974
10 0.21767 0.604005 0.020479999999999998 0.03222999999999998
10 0.296415 0.603025 0.019210000000000005 0.03222999999999998
10 0.37260000000000004 0.603025 0.020479999999999998 0.03222999999999998
10 0.450705 0.604005 0.020490000000000008 0.03222999999999998
10 0.52753 0.603025 0.020479999999999943 0.03222999999999998
10 0.6056349999999999 0.60205 0.020490000000000008 0.032220000000000026
10 0.870035 0.581055 0.021770000000000067 0.03906999999999994
10 0.794495 0.581055 0.021769999999999956 0.03906999999999994
10 0.72151 0.58203 0.02176 0.039059999999999984
10 0.21767 0.77051 0.020479999999999998 0.03515999999999997
10 0.294495 0.76953 0.020490000000000008 0.03515999999999997
10 0.37260000000000004 0.77051 0.020479999999999998 0.03515999999999997
10 0.448145 0.771485 0.020490000000000008 0.035150000000000015
10 0.52625 0.77051 0.020480000000000054 0.03515999999999997
10 0.602435 0.77051 0.021769999999999956 0.03515999999999997
10 0.7202299999999999 0.7592749999999999 0.02432000000000001 0.043950000000000045
10 0.794495 0.759765 0.024330000000000074 0.04296999999999995
10 0.8687549999999999 0.7592749999999999 0.024330000000000074 0.043950000000000045
10 0.179255 0.41113500000000003 0.03841 0.07812999999999998
10 0.40653 0.41113500000000003 0.03713999999999995 0.07812999999999998
10 0.21767 0.66211 0.020479999999999998 0.015619999999999967
10 0.29513500000000004 0.66211 0.019210000000000005 0.015619999999999967
10 0.37132 0.662595 0.020479999999999998 0.01464999999999994
10 0.448145 0.663085 0.020490000000000008 0.015630000000000033
10 0.52753 0.66211 0.020479999999999943 0.015619999999999967
10 0.603715 0.6606449999999999 0.01920999999999995 0.01464999999999994
10 0.8687549999999999 0.64551 0.01921000000000006 0.015619999999999967
10 0.792575 0.64551 0.020490000000000008 0.015619999999999967
10 0.71831 0.645995 0.020480000000000054 0.014650000000000052
10 0.7221500000000001 0.47070500000000004 0.020479999999999943 0.015629999999999977
10 0.794495 0.46923499999999996 0.01921000000000006 0.014649999999999996
10 0.8713200000000001 0.47021500000000005 0.019199999999999995 0.014649999999999996
10 0.604995 0.49511499999999997 0.01921000000000006 0.013670000000000015
10 0.52945 0.49609499999999995 0.019199999999999995 0.013670000000000015
10 0.45006500000000005 0.49707 0.019210000000000005 0.01367999999999997
10 0.37324 0.49756 0.019199999999999995 0.012699999999999989
10 0.29513500000000004 0.49707 0.019210000000000005 0.01367999999999997
10 0.21959 0.49707 0.019199999999999995 0.01367999999999997
10 0.21831 0.330075 0.019199999999999995 0.01366999999999996
10 0.293215 0.329105 0.020490000000000008 0.013670000000000015
10 0.37196 0.329105 0.019199999999999995 0.013670000000000015
10 0.449425 0.329105 0.020490000000000008 0.013670000000000015
10 0.5268900000000001 0.329105 0.019199999999999995 0.013670000000000015
10 0.603075 0.328125 0.020490000000000008 0.01366999999999996
10 0.87068 0.293455 0.020480000000000054 0.01855000000000001
10 0.7951349999999999 0.294435 0.020490000000000008 0.018549999999999955
10 0.71959 0.293945 0.020479999999999943 0.017569999999999975
10 0.178615 0.180175 0.037129999999999996 0.03809000000000001
10 0.40908999999999995 0.1792 0.037140000000000006 0.03808
11 0.41037 0.821285 0.44174 0.03125
11 0.41292999999999996 0.84473 0.42382 0.011719999999999953
11 0.69398 0.947265 0.04609999999999992 0.023430000000000062
11 0.87708 0.94336 0.040980000000000016 0.048819999999999975
