1 0.50000195 0.49951328 0.9962161 0.99707344
2 0.12405150000000001 0.21533000000000002 0.081437 0.16504
2 0.471595 0.21826 0.07197000000000003 0.16504
2 0.65341 0.22363 0.06818000000000002 0.16405999999999998
2 0.75 0.23828 0.06817999999999991 0.18945999999999996
2 0.84091 0.23583500000000002 0.06059999999999999 0.18457
2 0.298295 0.22900500000000001 0.06629000000000002 0.19238999999999998
2 0.29735 0.50049 0.06818000000000002 0.16308000000000006
2 0.11742649999999999 0.518555 0.06818699999999998 0.19335000000000008
2 0.469695 0.520505 0.053029999999999966 0.20117000000000002
2 0.648675 0.50488 0.05871000000000004 0.16406000000000004
2 0.75284 0.52539 0.05491999999999997 0.20507999999999998
2 0.841855 0.523925 0.05871000000000004 0.20215
2 0.86174 0.785155 0.06818000000000002 0.16601
2 0.6647700000000001 0.7817350000000001 0.06818000000000002 0.16699000000000008
2 0.465905 0.74316 0.10985 0.056640000000000024
3 0.7547349999999999 0.8276399999999999 0.05870999999999993 0.23925999999999992
3 0.47917 0.88672 0.0947 0.19532000000000005
4 0.313445 0.0957015 0.17992999999999998 0.068357
4 0.1250025 0.36865000000000003 0.178035 0.06348000000000004
4 0.486745 0.37598 0.17803000000000008 0.06836000000000003
4 0.6572 0.38672 0.14393999999999996 0.07225999999999999
4 0.133521 0.08886749999999999 0.14961799999999997 0.07812499999999999
4 0.495265 0.087401 0.14963000000000004 0.079098
4 0.7661 0.1005835 0.3806799999999999 0.08593300000000001
6 0.33049 0.322265 0.19886000000000004 0.14257000000000003
6 0.7964 0.33252000000000004 0.19886000000000004 0.1416
6 0.148675 0.5918 0.19129000000000002 0.08983999999999992
6 0.52083 0.594725 0.2197 0.09375
6 0.8077650000000001 0.616695 0.22536999999999996 0.13379000000000008
7 0.1126905 0.22656500000000002 0.05113899999999999 0.13867
7 0.29072 0.238285 0.04355999999999999 0.16797
7 0.460225 0.22949 0.041669999999999985 0.14062000000000002
7 0.639205 0.2334 0.03218999999999994 0.14061999999999997
7 0.8286 0.23145 0.032200000000000006 0.125
7 0.73485 0.25195500000000004 0.037879999999999914 0.17773
7 0.1126875 0.51953 0.04734500000000001 0.19140000000000007
7 0.28976999999999997 0.5 0.049240000000000006 0.15233999999999998
7 0.46496499999999996 0.52344 0.03977000000000003 0.19336000000000003
7 0.642045 0.506345 0.03786999999999996 0.15137000000000006
7 0.742425 0.52832 0.03031000000000006 0.19532
7 0.8333349999999999 0.52441 0.034090000000000065 0.18164000000000008
8 0.34374985 0.65723 0.6685603 0.10742000000000007
9 0.503786 0.0390627 0.9772679999999999 0.0664066
9 0.5009445 0.65283 0.964011 0.05566000000000004
11 0.306815 0.844725 0.10985 0.2910100000000001
11 0.118372 0.845705 0.107956 0.29101
6 0.12026250000000001 0.32128999999999996 0.08143500000000001 0.04687999999999998
6 0.47443 0.322265 0.08144000000000001 0.04687000000000002
6 0.65057 0.330565 0.08143999999999996 0.047850000000000004
6 0.307765 0.6074200000000001 0.08143 0.04687999999999992
6 0.66383 0.608885 0.08143999999999996 0.04784999999999995
10 0.0710225 0.52295 0.024621000000000004 0.19824000000000003
10 0.17045500000000002 0.520015 0.02273 0.19043000000000004
10 0.25284 0.523925 0.024620000000000003 0.19824999999999998
10 0.354165 0.523925 0.022730000000000028 0.19824999999999998
10 0.429925 0.52588 0.022730000000000028 0.19824000000000003
10 0.530305 0.52783 0.022730000000000028 0.19824000000000003
10 0.607955 0.52881 0.022730000000000028 0.19823999999999997
10 0.710225 0.53076 0.022729999999999917 0.19823999999999997
10 0.8087150000000001 0.52637 0.022730000000000028 0.1875
10 0.9015150000000001 0.52783 0.022730000000000028 0.18652000000000002
10 0.0748105 0.413575 0.032197 0.020509999999999973
10 0.170455 0.41455 0.030310000000000004 0.020500000000000018
10 0.25379 0.41406 0.03030000000000002 0.02148
10 0.35417 0.413085 0.030299999999999994 0.02149000000000001
10 0.43182 0.41552999999999995 0.030299999999999994 0.02245999999999998
10 0.52841 0.41747999999999996 0.030299999999999994 0.02245999999999998
10 0.607955 0.41942999999999997 0.03031000000000006 0.02245999999999998
10 0.71023 0.42041 0.030299999999999994 0.022460000000000035
10 0.89962 0.42383000000000004 0.030299999999999994 0.02148
10 0.80871 0.422365 0.026519999999999988 0.020510000000000028
10 0.70549 0.14551 0.032200000000000006 0.023440000000000016
10 0.6051150000000001 0.14404 0.028409999999999935 0.02245999999999998
10 0.8001849999999999 0.14893 0.028409999999999935 0.022460000000000008
10 0.891095 0.15576 0.028410000000000046 0.022460000000000008
10 0.60227 0.254395 0.018939999999999957 0.19825
10 0.704545 0.25391 0.022730000000000028 0.19336
10 0.79735 0.21484 0.0265200000000001 0.10742000000000002
10 0.89299 0.22119 0.024619999999999975 0.10840000000000002
10 0.25662999999999997 0.134765 0.03219999999999998 0.023429999999999992
10 0.352275 0.13623000000000002 0.026510000000000034 0.022460000000000008
10 0.25189 0.246095 0.018939999999999985 0.19726999999999997
10 0.35038 0.23095500000000002 0.018940000000000012 0.16699
