1 0.539695 0.49632145 0.81925 0.9779371
2 0.205235 0.1421545 0.03547 0.08823099999999999
2 0.24830999999999998 0.13847900000000002 0.033780000000000004 0.085782
2 0.288005 0.13847900000000002 0.03547 0.085782
2 0.269425 0.32598 0.028709999999999958 0.09314
2 0.22719499999999998 0.32353 0.028709999999999986 0.09314
2 0.269425 0.5098050000000001 0.028709999999999958 0.09313000000000005
2 0.22804 0.50735 0.02701999999999999 0.09313999999999995
2 0.269425 0.712005 0.028709999999999958 0.10048999999999997
2 0.77872 0.39093 0.04054000000000002 0.08577999999999997
2 0.77703 0.5625 0.04054000000000002 0.10539999999999994
2 0.77534 0.73529 0.04054000000000002 0.0980399999999999
2 0.646115 0.21691500000000002 0.03208999999999995 0.05637
2 0.5168900000000001 0.21936499999999998 0.03378000000000003 0.05637
2 0.5168900000000001 0.572305 0.03378000000000003 0.11029
2 0.64696 0.572305 0.03378000000000003 0.11029
2 0.514355 0.39338 0.035469999999999946 0.08577999999999997
2 0.646115 0.38970499999999997 0.03547 0.08822999999999998
4 0.77618 0.338235 0.05912000000000006 0.019610000000000016
4 0.775335 0.48897 0.06418999999999997 0.03675999999999996
4 0.2424 0.43872500000000003 0.11317999999999998 0.04411000000000004
4 0.243245 0.26470499999999997 0.10135000000000002 0.024509999999999976
4 0.64358 0.335785 0.05744000000000005 0.019610000000000016
4 0.51267 0.340685 0.05574000000000001 0.019610000000000016
5 0.24408999999999997 0.19485 0.1571 0.03186
5 0.24239500000000003 0.39093 0.11993000000000001 0.036760000000000015
5 0.773645 0.447305 0.06081000000000003 0.03676999999999997
6 0.55321 0.427695 0.3429 0.11519000000000001
6 0.55659 0.623775 0.34290000000000004 0.10538999999999998
6 0.90034 0.639705 0.08445999999999998 0.06372999999999995
6 0.902875 0.48039 0.08614999999999995 0.09314
6 0.728045 0.22549000000000002 0.1047300000000001 0.05882000000000001
6 0.58108 0.22549000000000002 0.08784000000000003 0.05882000000000001
7 0.17482999999999999 0.1421585 0.021960000000000007 0.09804299999999999
7 0.31840999999999997 0.139708 0.021960000000000035 0.098044
7 0.19341 0.324755 0.02195999999999998 0.11029
7 0.29476 0.32353 0.021960000000000035 0.10293999999999998
7 0.297295 0.5098 0.023650000000000004 0.10294000000000003
7 0.19341 0.508575 0.02195999999999998 0.10539000000000004
7 0.295605 0.71201 0.02703 0.12009999999999998
7 0.39696 0.17524499999999998 0.013520000000000032 0.10049
7 0.80828 0.39216 0.015200000000000102 0.09314
7 0.744935 0.39216 0.02027000000000001 0.09314
7 0.7432449999999999 0.5625 0.02365000000000006 0.11030000000000006
7 0.809125 0.558825 0.02027000000000001 0.10785
7 0.8049 0.734065 0.02196000000000009 0.10048999999999997
7 0.744935 0.73529 0.02364999999999995 0.0980399999999999
7 0.479725 0.38970499999999997 0.02027000000000001 0.09312999999999999
7 0.54476 0.39093 0.02195999999999998 0.09067999999999998
7 0.61233 0.38848 0.02195999999999998 0.09067999999999998
7 0.67483 0.38848 0.02195999999999998 0.09067999999999998
7 0.47719500000000004 0.566175 0.02533000000000002 0.12254999999999994
7 0.54645 0.561275 0.025339999999999918 0.11765000000000003
7 0.6114850000000001 0.566175 0.02365000000000006 0.12745000000000006
7 0.67652 0.566175 0.025339999999999918 0.12745000000000006
7 0.67314 0.726715 0.02195999999999998 0.0808899999999999
7 0.613175 0.726715 0.02027000000000001 0.0808899999999999
7 0.5549 0.727945 0.02534000000000003 0.07843
7 0.46537 0.726715 0.01858000000000004 0.0808899999999999
10 0.436655 0.55147 0.005070000000000019 0.16175999999999996
10 0.5084500000000001 0.55147 0.0033800000000000496 0.16175999999999996
10 0.5802350000000001 0.55147 0.005070000000000019 0.16175999999999996
10 0.6528750000000001 0.55147 0.005070000000000019 0.16175999999999996
10 0.69848 0.550245 0.0050600000000000644 0.15931
10 0.389355 0.55147 0.005070000000000019 0.16175999999999996
10 0.43581000000000003 0.465685 0.013520000000000032 0.009809999999999985
10 0.38936000000000004 0.465685 0.011819999999999997 0.009809999999999985
10 0.508445 0.465685 0.013510000000000022 0.009809999999999985
10 0.5802350000000001 0.46691000000000005 0.011829999999999896 0.012259999999999993
10 0.6528700000000001 0.465685 0.011820000000000053 0.009809999999999985
10 0.69848 0.465685 0.011819999999999942 0.009809999999999985
10 0.717905 0.5061249999999999 0.013510000000000022 0.012249999999999983
10 0.71875 0.5808800000000001 0.0050600000000000644 0.13726000000000005
10 0.436655 0.363975 0.0016900000000000248 0.14951000000000003
10 0.5084500000000001 0.36151500000000003 0.0033800000000000496 0.14950999999999998
10 0.5802350000000001 0.36151500000000003 0.0016900000000000803 0.14950999999999998
10 0.65203 0.366425 0.0033799999999999386 0.14951000000000003
10 0.699325 0.363975 0.003369999999999984 0.14951000000000003
10 0.389355 0.366425 0.0016899999999999693 0.14951000000000003
10 0.43581 0.32108 0.0 0.0
10 0.43581 0.32108 0.0 0.0
10 0.436655 0.27451 0.018589999999999995 0.02942
10 0.392735 0.27696 0.011830000000000007 0.02942
10 0.508445 0.27205500000000005 0.020270000000000066 0.02940999999999999
10 0.579395 0.27205500000000005 0.02027000000000001 0.02940999999999999
10 0.6528700000000001 0.27573499999999995 0.01857999999999993 0.03187000000000001
10 0.6951 0.27451 0.008440000000000003 0.02942
10 0.43581000000000003 0.74387 0.013520000000000032 0.125
10 0.390205 0.74387 0.013509999999999966 0.12990000000000002
10 0.508445 0.74142 0.013510000000000022 0.12990000000000002
10 0.579395 0.74142 0.013509999999999911 0.12990000000000002
10 0.6520250000000001 0.7389699999999999 0.013510000000000022 0.12990000000000002
10 0.697635 0.74142 0.013509999999999911 0.12990000000000002
10 0.71706 0.7475499999999999 0.011820000000000053 0.11764000000000008
10 0.391895 0.6666650000000001 0.02027000000000001 0.02450999999999992
10 0.43581499999999995 0.6691149999999999 0.023650000000000004 0.019610000000000016
10 0.5076 0.6666650000000001 0.021960000000000035 0.019610000000000016
10 0.57855 0.6691149999999999 0.02195999999999998 0.019610000000000016
10 0.650335 0.664215 0.02364999999999995 0.019609999999999905
10 0.69679 0.66789 0.02195999999999998 0.017160000000000064
10 0.717905 0.681375 0.01689000000000007 0.01471
