1 0.371092 0.59787 0.5742160000000001 0.80176
2 0.134765 0.85508 0.03515 0.07904
2 0.135745 0.70201 0.03710999999999999 0.08155999999999997
2 0.322265 0.85508 0.039069999999999994 0.07904
2 0.209965 0.854455 0.03125 0.07779000000000003
2 0.33203499999999997 0.6775450000000001 0.03711000000000003 0.08782999999999996
2 0.211425 0.70138 0.036129999999999995 0.08030000000000004
2 0.609375 0.85508 0.03320999999999996 0.07904
2 0.543945 0.854455 0.03320999999999996 0.07779000000000003
2 0.479 0.85508 0.03417999999999999 0.07904
2 0.41406 0.8550800000000001 0.03320000000000001 0.07653999999999994
2 0.6074200000000001 0.7013799999999999 0.03320000000000001 0.08282
2 0.5424800000000001 0.7013799999999999 0.03417999999999999 0.08282
2 0.47802500000000003 0.70075 0.032230000000000036 0.08156000000000008
2 0.41357 0.70075 0.03417999999999999 0.08156000000000008
2 0.606445 0.38143 0.03125 0.07528000000000001
2 0.541505 0.3808 0.03222999999999998 0.07654
2 0.47705 0.38143 0.03028000000000003 0.07528000000000001
2 0.6074200000000001 0.537015 0.03320000000000001 0.08281000000000005
2 0.543455 0.53764 0.03222999999999998 0.08156000000000002
2 0.47802500000000003 0.53764 0.032230000000000036 0.08156000000000002
2 0.412595 0.53764 0.03222999999999998 0.08156000000000002
2 0.412595 0.382685 0.03027000000000002 0.07528999999999997
2 0.33301000000000003 0.33187 0.035160000000000025 0.08155999999999997
2 0.13525 0.538265 0.03418 0.08281
2 0.21191500000000002 0.538265 0.03514999999999999 0.08281
2 0.33252000000000004 0.50251 0.036140000000000005 0.08908000000000005
2 0.209965 0.38331499999999996 0.03125 0.07402999999999998
2 0.134765 0.38456500000000005 0.03125 0.07402999999999998
2 0.028319999999999998 0.38394 0.03125 0.07277999999999996
2 0.028808499999999997 0.539525 0.032227 0.08280999999999994
2 0.6987300000000001 0.354455 0.032220000000000026 0.07652999999999999
2 0.767575 0.354455 0.03125 0.07652999999999999
2 0.837895 0.354455 0.03125 0.07652999999999999
2 0.699215 0.5056499999999999 0.03125 0.08029999999999993
2 0.768555 0.50502 0.03125 0.08155999999999997
2 0.836915 0.5056499999999999 0.03125 0.08029999999999993
2 0.701175 0.667505 0.03125 0.08281000000000005
2 0.769535 0.667505 0.03125 0.08281000000000005
11 0.7041 0.830615 0.03515999999999997 0.08783000000000007
4 0.7041 0.59912 0.0663999999999999 0.04391999999999996
4 0.7744150000000001 0.6003750000000001 0.06640999999999997 0.043910000000000005
5 0.609375 0.75596 0.052729999999999944 0.03388000000000002
5 0.5459 0.754705 0.050779999999999936 0.02884999999999993
5 0.481445 0.7565850000000001 0.050789999999999946 0.03010999999999997
5 0.41796999999999995 0.75596 0.05077999999999999 0.028859999999999997
5 0.33301000000000003 0.735885 0.05077999999999999 0.028850000000000042
5 0.2124 0.754705 0.057620000000000005 0.026349999999999985
5 0.135745 0.754705 0.05858999999999999 0.026349999999999985
5 0.7041 0.726475 0.0527399999999999 0.035129999999999995
5 0.69922 0.405895 0.04687999999999992 0.026349999999999985
5 0.768555 0.405895 0.04686999999999997 0.026349999999999985
5 0.83838 0.40464500000000003 0.04590000000000005 0.02635000000000004
5 0.13525500000000001 0.60853 0.05371000000000001 0.06274000000000002
5 0.21191500000000002 0.609785 0.05468999999999999 0.06272999999999995
5 0.33447499999999997 0.57591 0.05370999999999998 0.06274000000000002
5 0.416015 0.609785 0.04687000000000002 0.06272999999999995
5 0.47948999999999997 0.607275 0.052739999999999954 0.06272999999999995
5 0.5459 0.60853 0.0527399999999999 0.06274000000000002
5 0.61035 0.60853 0.0527399999999999 0.06274000000000002
4 0.606445 0.33375 0.04100999999999999 0.02257999999999999
4 0.540525 0.33186499999999997 0.04198999999999997 0.021330000000000016
4 0.475585 0.332495 0.04100999999999999 0.02259
4 0.413085 0.332495 0.04100999999999999 0.02259
4 0.33203 0.27980000000000005 0.04688000000000003 0.02257999999999999
4 0.13525500000000001 0.33438 0.04395 0.023839999999999972
4 0.212405 0.33375 0.04395000000000002 0.02257999999999999
4 0.134765 0.484315 0.042969999999999994 0.035129999999999995
4 0.21045 0.484315 0.04199999999999998 0.035129999999999995
4 0.333985 0.44228500000000004 0.04492999999999997 0.03638999999999998
4 0.412595 0.481805 0.04198999999999997 0.035129999999999995
4 0.47753500000000004 0.481805 0.04297000000000001 0.035129999999999995
4 0.543455 0.483065 0.04198999999999997 0.035129999999999995
4 0.606935 0.480555 0.04198999999999997 0.035129999999999995
4 0.0263671 0.332495 0.044921800000000005 0.030110000000000026
4 0.02636728 0.484315 0.05078144 0.035129999999999995
5 0.0336915 0.60853 0.043945 0.06523999999999996
9 0.3735335 0.30552 0.563473 0.09911999999999999
9 0.3696305 0.44542000000000004 0.569339 0.042659999999999976
9 0.37207049999999997 0.779795 0.5683590000000001 0.02133000000000007
9 0.370607 0.9215800000000001 0.567386 0.06148000000000009
10 0.29834 0.5840650000000001 0.014639999999999986 0.25721000000000005
10 0.37011499999999997 0.58469 0.015629999999999977 0.25596
10 0.44677500000000003 0.61355 0.012690000000000035 0.2409
10 0.512205 0.61355 0.012689999999999979 0.2384
10 0.577145 0.61355 0.013670000000000071 0.24342000000000003
10 0.642575 0.61355 0.013670000000000071 0.2409
10 0.17382999999999998 0.615435 0.015619999999999995 0.23965000000000003
10 0.246095 0.615435 0.015630000000000033 0.23965000000000003
10 0.0961935 0.614805 0.014653 0.24341000000000002
10 0.06543 0.633 0.021484000000000003 0.27980000000000005
10 0.06543 0.474275 0.027344000000000007 0.04015000000000002
10 0.097169 0.47302 0.022461999999999996 0.03764000000000001
10 0.17285 0.475535 0.023440000000000016 0.04015000000000002
10 0.24463000000000001 0.475535 0.01856000000000002 0.04015000000000002
10 0.297365 0.435385 0.024409999999999987 0.040149999999999963
10 0.37011499999999997 0.435385 0.025389999999999968 0.040149999999999963
10 0.44628999999999996 0.47302500000000003 0.017579999999999985 0.040149999999999963
10 0.51074 0.47302500000000003 0.01758000000000004 0.040149999999999963
10 0.6416 0.47302500000000003 0.01758000000000004 0.040149999999999963
10 0.57666 0.471765 0.01856000000000002 0.04015000000000002
10 0.097659 0.754705 0.023442000000000005 0.03639000000000003
10 0.17432 0.7528250000000001 0.02245999999999998 0.035129999999999995
10 0.246095 0.752195 0.019529999999999964 0.033869999999999956
10 0.297365 0.7321200000000001 0.024409999999999987 0.04139999999999999
10 0.37012 0.733375 0.023440000000000016 0.04140999999999995
10 0.447755 0.75345 0.020509999999999973 0.03637999999999997
10 0.511715 0.7515700000000001 0.019530000000000047 0.03764000000000001
10 0.57666 0.75345 0.020500000000000074 0.03637999999999997
10 0.642575 0.75345 0.019530000000000047 0.03637999999999997
11 0.5800799999999999 0.966125 0.09570000000000001 0.04516999999999993
11 0.5219750000000001 0.9723949999999999 0.018549999999999955 0.02259
11 0.44531 0.961105 0.10742000000000002 0.03262999999999994
