2 0.6113249999999999 0.23242000000000002 0.10807 0.07226000000000002
2 0.6106750000000001 0.115235 0.07030999999999998 0.03710999999999999
2 0.51823 0.141605 0.010419999999999985 0.03710999999999999
2 0.514975 0.248535 0.01693 0.08301000000000003
2 0.516275 0.387205 0.01693 0.08300999999999997
2 0.516275 0.52783 0.01693 0.0791
2 0.6113249999999999 0.37451 0.10807 0.07323999999999997
2 0.6119749999999999 0.518555 0.10676999999999992 0.07227
2 0.613285 0.661135 0.10677000000000003 0.07226999999999995
2 0.610025 0.8056650000000001 0.07683000000000006 0.07226999999999995
2 0.516925 0.666505 0.01822999999999997 0.07715000000000005
2 0.527995 0.8071250000000001 0.019530000000000047 0.07128999999999996
2 0.802735 0.80664 0.13932999999999995 0.08008000000000004
2 0.80013 0.53467 0.13671999999999995 0.07519999999999993
2 0.80143 0.67041 0.13671999999999995 0.0771400000000001
2 0.7988299999999999 0.26709 0.13672000000000006 0.07323999999999997
2 0.79948 0.39990000000000003 0.13541999999999998 0.07519999999999999
2 0.45572999999999997 0.809085 0.04687999999999998 0.07128999999999996
1 0.54753 0.5205085 0.71224 0.914063
2 0.45638 0.926755 0.04558000000000001 0.05858999999999992
2 0.3125 0.6953149999999999 0.10155999999999998 0.06640999999999997
2 0.31184500000000004 0.568845 0.09244999999999998 0.053710000000000035
2 0.31055 0.434085 0.09765999999999997 0.03222999999999998
2 0.309245 0.31201 0.10026999999999997 0.040039999999999965
3 0.309245 0.879395 0.07943 0.14161
2 0.096355 0.22900500000000001 0.05469 0.06347000000000003
2 0.095054 0.33935499999999996 0.05469199999999999 0.06346999999999997
2 0.095054 0.44971 0.05469199999999999 0.06347999999999998
4 0.6113299999999999 0.18457 0.13932 0.027340000000000003
4 0.6145849999999999 0.328125 0.14062999999999992 0.027349999999999985
4 0.609375 0.458005 0.14063000000000003 0.04883000000000004
4 0.610025 0.59717 0.14193 0.05566000000000004
5 0.60938 0.27636499999999997 0.125 0.021489999999999954
5 0.7981750000000001 0.32715 0.15364999999999995 0.05274000000000001
5 0.80013 0.44140999999999997 0.15755999999999992 0.011720000000000008
4 0.801435 0.46826 0.15755000000000008 0.03808
5 0.8020849999999999 0.57715 0.15364999999999995 0.011720000000000064
5 0.698565 0.56738 0.019530000000000047 0.021479999999999944
5 0.61133 0.55859 0.12890000000000001 0.011719999999999953
5 0.51693 0.5708 0.026040000000000063 0.024419999999999997
4 0.75521 0.59375 0.03386 0.013679999999999914
4 0.80143 0.59375 0.04035999999999995 0.013679999999999914
4 0.847005 0.59326 0.04037000000000002 0.012699999999999934
4 0.7018249999999999 0.608885 0.020830000000000015 0.04198999999999997
4 0.516275 0.609375 0.027349999999999985 0.044929999999999914
4 0.513675 0.33691499999999996 0.029949999999999977 0.029289999999999983
4 0.515625 0.47265500000000005 0.03384999999999999 0.05273
5 0.514975 0.43262 0.027349999999999985 0.03515999999999997
5 0.69922 0.43408 0.01301999999999992 0.03417999999999999
5 0.6979150000000001 0.291505 0.01823000000000008 0.03222999999999998
5 0.51172 0.29052500000000003 0.033859999999999946 0.03809000000000001
4 0.698565 0.46923499999999996 0.019530000000000047 0.047850000000000004
4 0.698565 0.342285 0.019530000000000047 0.04198999999999997
4 0.513675 0.195805 0.03255000000000002 0.05957000000000001
4 0.69987 0.194825 0.016920000000000046 0.057609999999999995
5 0.609375 0.149905 0.14843000000000006 0.036129999999999995
5 0.61198 0.422365 0.12239999999999995 0.026370000000000005
5 0.6145849999999999 0.702635 0.13021000000000005 0.01269000000000009
5 0.7011750000000001 0.706545 0.01693 0.014650000000000052
5 0.516275 0.70654 0.029950000000000032 0.01660000000000006
5 0.802735 0.71191 0.15754999999999997 0.011720000000000064
6 0.315105 0.311035 0.18489000000000003 0.05174999999999996
6 0.315755 0.44678 0.18359000000000003 0.05176000000000003
6 0.314455 0.58057 0.18359 0.05176000000000003
6 0.315105 0.72168 0.18489000000000003 0.04492000000000007
8 0.45508000000000004 0.25390999999999997 0.05077999999999999 0.11913999999999997
8 0.210285 0.23095500000000002 0.035150000000000015 0.07519
8 0.457685 0.54492 0.05338999999999999 0.18163999999999997
8 0.88672 0.23047 0.02864 0.07421999999999998
8 0.303385 0.808595 0.14323 0.06640999999999997
9 0.547525 0.189945 0.70443 0.014649999999999996
9 0.547525 0.740235 0.70183 0.027349999999999985
9 0.545575 0.86963 0.70573 0.022459999999999924
