1 0.5000024 0.568775 0.9968351999999999 0.85371
2 0.43423 0.239085 0.06656000000000001 0.09825000000000003
2 0.5451699999999999 0.235805 0.06656000000000006 0.09606999999999999
2 0.29081 0.239085 0.06497999999999998 0.09825000000000003
2 0.693345 0.237995 0.06496999999999997 0.09607000000000002
2 0.290015 0.447595 0.06973000000000001 0.09606999999999999
2 0.43898499999999996 0.445415 0.06973000000000001 0.09606999999999999
2 0.5467500000000001 0.445415 0.06656000000000006 0.09606999999999999
2 0.6980999999999999 0.443235 0.07131999999999994 0.09606999999999999
2 0.7012700000000001 0.651745 0.07131999999999994 0.09389000000000003
2 0.550715 0.6484749999999999 0.07130999999999998 0.09606999999999999
2 0.440575 0.6484749999999999 0.06972999999999996 0.09606999999999999
2 0.29081 0.646285 0.07132 0.0960700000000001
2 0.29318500000000003 0.849345 0.06973000000000001 0.09606999999999999
2 0.44215499999999996 0.8526199999999999 0.06973000000000001 0.09388000000000007
2 0.553885 0.8515250000000001 0.07130999999999998 0.09606999999999999
2 0.7020599999999999 0.8515250000000001 0.06974000000000002 0.09606999999999999
2 0.0721085 0.44650999999999996 0.106183 0.10261999999999999
2 0.0697315 0.6430100000000001 0.104597 0.10262000000000004
2 0.0705215 0.84389 0.106177 0.10262000000000004
2 0.92076 0.44650999999999996 0.10460000000000003 0.10261999999999999
2 0.92393 0.65611 0.10460000000000003 0.10262000000000004
2 0.928685 0.8548 0.10458999999999996 0.10261999999999993
5 0.28922 0.49672499999999997 0.0935 0.019649999999999945
5 0.43423 0.49672499999999997 0.09192 0.019649999999999945
5 0.54992 0.49672499999999997 0.09192 0.019649999999999945
5 0.70444 0.49672499999999997 0.09350000000000003 0.019649999999999945
5 0.6996800000000001 0.697595 0.09350000000000003 0.019650000000000056
5 0.54675 0.699785 0.09192 0.019649999999999945
5 0.44057 0.699785 0.09192 0.019649999999999945
5 0.290015 0.699785 0.09190999999999999 0.019649999999999945
5 0.29318500000000003 0.902835 0.09190999999999999 0.019650000000000056
5 0.44215499999999996 0.902835 0.09190999999999999 0.019650000000000056
5 0.55309 0.902835 0.09192 0.019650000000000056
5 0.70523 0.902835 0.09192 0.019650000000000056
5 0.69572 0.28493500000000005 0.09192 0.01965
5 0.544375 0.28493500000000005 0.09351000000000004 0.01965
5 0.43978 0.287115 0.09350000000000003 0.01965
5 0.286055 0.287115 0.09350999999999998 0.01965
7 0.27337500000000003 0.239085 0.030110000000000026 0.09389
7 0.30586500000000005 0.239085 0.02853 0.09389
7 0.385895 0.237995 0.03644999999999998 0.09607000000000002
7 0.48574000000000006 0.23362499999999997 0.03328000000000003 0.10042999999999999
7 0.5285249999999999 0.2369 0.03010999999999997 0.09387999999999999
7 0.561015 0.234715 0.031689999999999996 0.09389000000000003
7 0.677495 0.2369 0.03010999999999997 0.09387999999999999
7 0.709195 0.2369 0.03010999999999997 0.09387999999999999
7 0.71395 0.44214 0.033279999999999976 0.09388000000000002
7 0.6806650000000001 0.44214 0.03010999999999997 0.09388000000000002
7 0.564185 0.44650500000000004 0.031689999999999996 0.09388999999999997
7 0.530905 0.445415 0.031689999999999996 0.09170999999999996
7 0.48891000000000007 0.44432499999999997 0.03328000000000003 0.09825
7 0.38510500000000003 0.44432499999999997 0.03487000000000001 0.09825
7 0.3439 0.44432499999999997 0.03486 0.09825
7 0.23693000000000003 0.44432499999999997 0.033280000000000004 0.09825
7 0.23930500000000002 0.645195 0.03487000000000001 0.09825000000000006
7 0.309035 0.6473800000000001 0.03486999999999996 0.09388000000000007
7 0.38748 0.64738 0.033279999999999976 0.09826000000000001
7 0.4897 0.645195 0.03485999999999995 0.09825000000000006
7 0.53328 0.6484700000000001 0.033279999999999976 0.0917
7 0.56656 0.6484700000000001 0.03328000000000009 0.0917
7 0.648175 0.64738 0.0380299999999999 0.09826000000000001
7 0.753565 0.64629 0.03644999999999998 0.10043999999999997
7 0.277335 0.849345 0.03486999999999996 0.09170999999999996
7 0.31062 0.849345 0.031700000000000006 0.09170999999999996
7 0.425515 0.8526199999999999 0.033289999999999986 0.09388000000000007
7 0.4588 0.8526199999999999 0.033279999999999976 0.09388000000000007
7 0.53645 0.8515299999999999 0.033279999999999976 0.0917
7 0.56973 0.8526199999999999 0.033279999999999976 0.09388000000000007
7 0.68621 0.8515299999999999 0.03170000000000006 0.0917
7 0.7187 0.8515299999999999 0.033279999999999976 0.0917
9 0.502377 0.350435 0.9825659999999999 0.05459000000000003
9 0.495245 0.167035 0.64183 0.03275
