1 0.50100705 0.49657985000000004 0.9939659000000001 0.9873003
2 0.89336 0.1303715 0.08450000000000002 0.069337
2 0.724345 0.13135 0.08450999999999997 0.06934
2 0.561365 0.132323 0.08451000000000009 0.06933399999999999
2 0.344065 0.13135 0.08450999999999997 0.06934
2 0.152915 0.13135 0.08451000000000002 0.06934
2 0.14989999999999998 0.248535 0.08249999999999999 0.06933
2 0.342055 0.248535 0.08450999999999997 0.06933
2 0.56036 0.24658 0.08250000000000002 0.06934000000000001
2 0.724345 0.24658 0.08450999999999997 0.06934000000000001
2 0.895375 0.24560500000000002 0.08450999999999997 0.06933000000000003
2 0.897385 0.36865000000000003 0.08451000000000009 0.06934000000000001
2 0.727365 0.36914 0.08249000000000006 0.06836000000000003
2 0.561365 0.370605 0.08451000000000009 0.06933
2 0.34909500000000004 0.370605 0.08249000000000001 0.06933
2 0.150905 0.36963 0.08451 0.06934000000000001
2 0.150905 0.49072000000000005 0.08451 0.06934000000000001
2 0.35009999999999997 0.489745 0.08449999999999996 0.06933000000000006
2 0.560365 0.48877000000000004 0.07847000000000004 0.06934000000000001
2 0.727365 0.49072000000000005 0.07846999999999993 0.06934000000000001
2 0.902415 0.489745 0.07847000000000004 0.06933000000000006
2 0.897385 0.6049800000000001 0.08048999999999995 0.06934000000000007
2 0.73038 0.605955 0.08048 0.06933
2 0.559355 0.605955 0.08049000000000006 0.06933
2 0.3501 0.605955 0.08048 0.06933
2 0.151915 0.60791 0.07846999999999998 0.06934000000000007
2 0.897385 0.71826 0.08048999999999995 0.06933999999999996
2 0.729375 0.720215 0.07847000000000004 0.06933
4 0.897385 0.200685 0.14487000000000005 0.01855000000000001
4 0.72837 0.200685 0.14486 0.01855000000000001
4 0.557345 0.200685 0.14487 0.01855000000000001
4 0.34306000000000003 0.20166 0.14687999999999996 0.018559999999999993
4 0.14989950000000002 0.202145 0.146881 0.019529999999999992
4 0.9004 0.329105 0.16700000000000004 0.03711000000000003
4 0.7253499999999999 0.328125 0.16298 0.037109999999999976
4 0.150905 0.328125 0.16499 0.037109999999999976
4 0.899395 0.439455 0.14486999999999994 0.035150000000000015
4 0.727365 0.440425 0.14285000000000003 0.03125
4 0.1519115 0.43994 0.142857 0.032220000000000026
4 0.556335 0.322755 0.15894999999999998 0.04981000000000002
4 0.34406499999999995 0.323245 0.16097 0.04883000000000004
4 0.452715 0.43261499999999997 0.35413 0.041010000000000046
5 0.8943650000000001 0.169925 0.13480999999999999 0.013669999999999988
5 0.727365 0.167965 0.13480999999999999 0.013670000000000015
5 0.8943650000000001 0.284665 0.13480999999999999 0.014650000000000052
5 0.72334 0.28418 0.13480000000000003 0.013680000000000025
5 0.566395 0.28515500000000005 0.13481000000000004 0.013670000000000015
5 0.349095 0.28515500000000005 0.13480999999999999 0.013670000000000015
5 0.1498975 0.28711 0.134805 0.01367999999999997
6 0.339036 0.15088 0.5774680000000001 0.05761999999999999
6 0.34305599999999997 0.26807 0.585508 0.05761999999999998
6 0.33903300000000003 0.393555 0.589534 0.05273
6 0.34306000000000003 0.523435 0.58954 0.052729999999999944
9 0.49798915 0.5400400000000001 0.9798817 0.041019999999999945
9 0.503016 0.6508799999999999 0.981888 0.03417999999999999
9 0.49999915 0.40771500000000005 0.9839017 0.01855000000000001
9 0.50201 0.77881 0.9839 0.05176000000000003
9 0.49899499999999997 0.0473632 0.97787 0.0830076
11 0.71529 0.87012 0.29980000000000007 0.11914000000000002
11 0.31187 0.8706050000000001 0.1489 0.12402999999999997
