2 0.112792 0.21337499999999998 0.05175599999999998 0.13375
2 0.26807 0.21497 0.05176 0.13376
2 0.42139 0.21497 0.05176000000000003 0.13376
2 0.111819 0.546975 0.05176199999999999 0.14491000000000004
2 0.2666 0.548565 0.05274000000000001 0.14491000000000004
2 0.42139 0.54777 0.05176000000000003 0.14650000000000002
4 0.1127945 0.42675 0.088871 0.07006000000000001
4 0.267575 0.42754499999999995 0.08789000000000002 0.06529000000000001
4 0.424805 0.43232499999999996 0.10350999999999999 0.07485000000000003
4 0.5776399999999999 0.427545 0.09082000000000001 0.06847000000000003
4 0.731445 0.43073 0.09570999999999996 0.07484000000000002
4 0.922365 0.42516 0.10058999999999996 0.07006000000000001
2 0.5751949999999999 0.21735500000000002 0.05079 0.13217000000000004
2 0.7275400000000001 0.21815500000000002 0.050779999999999936 0.13057000000000002
2 0.91797 0.21655999999999997 0.05663999999999991 0.14012
2 0.57471 0.549365 0.05175999999999992 0.14331
2 0.729 0.549365 0.05176000000000003 0.14331
2 0.9179649999999999 0.550955 0.054690000000000016 0.14648999999999995
2 0.42041 0.828025 0.05371999999999999 0.10509000000000002
2 0.573245 0.82882 0.052729999999999944 0.10349999999999993
2 0.72705 0.826435 0.05176000000000003 0.10509000000000002
2 0.9189449999999999 0.82803 0.05664999999999998 0.10828000000000004
3 0.26465 0.85828 0.11914 0.24522
1 0.5151384999999999 0.49283235000000003 0.965823 0.9792953
5 0.1127945 0.31847 0.088871 0.09236
5 0.268065 0.31688 0.08887 0.09236
5 0.42334 0.31847000000000003 0.09082000000000001 0.08598
5 0.57178 0.320065 0.09082000000000001 0.08599000000000001
5 0.72803 0.31847000000000003 0.09082000000000001 0.08598
5 0.92041 0.321655 0.09082000000000001 0.08598999999999996
5 0.92041 0.66242 0.09667999999999999 0.08918000000000004
5 0.7265600000000001 0.660825 0.09570000000000001 0.08916999999999997
5 0.57178 0.66242 0.09667999999999999 0.08918000000000004
5 0.42334 0.663215 0.09667999999999999 0.09077000000000002
5 0.265625 0.66242 0.09570999999999999 0.08918000000000004
5 0.1093765 0.659235 0.09570700000000001 0.08916999999999997
8 0.18457 0.667195 0.02148 0.07325000000000004
8 0.35497999999999996 0.667195 0.02245999999999998 0.07325000000000004
8 0.49561 0.665605 0.02245999999999998 0.07325000000000004
8 0.66455 0.665605 0.022460000000000035 0.07325000000000004
9 0.517578 0.0644915 0.9531240000000001 0.084397
9 0.515626 0.7197450000000001 0.953128 0.035030000000000006
8 0.06689500000000001 0.72532 0.024414000000000005 0.11941999999999997
8 0.87012 0.7197450000000001 0.04492000000000007 0.12100999999999995
8 0.419435 0.025477549999999998 0.29980999999999997 0.0414009
10 0.186035 0.859075 0.01855000000000001 0.17357
10 0.35253999999999996 0.85987 0.011720000000000008 0.17515999999999998
10 0.49609000000000003 0.852705 0.017579999999999985 0.17357
10 0.66162 0.8535 0.012699999999999934 0.17515999999999998
10 0.18506 0.7492000000000001 0.026359999999999995 0.04618
10 0.353515 0.7507999999999999 0.023430000000000006 0.04618
10 0.49756 0.746815 0.02245999999999998 0.03821000000000008
10 0.6626000000000001 0.746815 0.022460000000000035 0.03821000000000008
10 0.18554500000000002 0.96258 0.02148999999999998 0.036619999999999986
10 0.35253999999999996 0.9633750000000001 0.02148 0.035030000000000006
10 0.49609499999999995 0.9578 0.025389999999999968 0.036619999999999986
10 0.661135 0.96019 0.015630000000000033 0.03821999999999992
8 0.530275 0.753185 0.04883000000000004 0.09872999999999998
8 0.6206050000000001 0.75239 0.04981000000000002 0.09714
8 0.31054499999999996 0.75557 0.05273 0.10031999999999996
8 0.220215 0.754775 0.05371000000000001 0.09872999999999998
9 0.5136695 0.36545 0.9531210000000001 0.033440000000000025
