2 0.371745 0.766115 0.07161000000000001 0.06346999999999992
1 0.39322809999999997 0.59082 0.7786438 0.8164
4 0.23632999999999998 0.60156 0.08984 0.041020000000000056
2 0.23502499999999998 0.4375 0.05859 0.05467999999999995
2 0.23502499999999998 0.54443 0.05859 0.057620000000000005
4 0.235675 0.49805 0.09115000000000001 0.03320000000000006
2 0.324215 0.433105 0.03125 0.045889999999999986
2 0.421875 0.419435 0.03125 0.018549999999999955
2 0.37305 0.41698999999999997 0.04818 0.02343999999999996
2 0.31901 0.532715 0.023440000000000016 0.07128999999999996
2 0.39192499999999997 0.5141600000000001 0.05468999999999996 0.06348000000000004
2 0.511065 0.4375 0.058589999999999975 0.05467999999999995
2 0.51237 0.54443 0.058599999999999985 0.057620000000000005
4 0.514975 0.49805 0.09505000000000002 0.03320000000000006
2 0.671225 0.53125 0.035150000000000015 0.058599999999999985
2 0.7148399999999999 0.53125 0.03646000000000005 0.058599999999999985
2 0.67448 0.43848 0.07291999999999998 0.05663999999999997
2 0.671875 0.6435550000000001 0.03645000000000009 0.06445000000000001
2 0.7168 0.6435550000000001 0.03516000000000008 0.06445000000000001
2 0.6510400000000001 0.7675749999999999 0.03646000000000005 0.06054999999999999
2 0.69987 0.7675749999999999 0.037760000000000016 0.06054999999999999
2 0.65039 0.88037 0.037760000000000016 0.06152000000000002
2 0.69792 0.88037 0.03645999999999994 0.06152000000000002
2 0.511065 0.88086 0.06901000000000002 0.0625
2 0.51172 0.6543 0.05990000000000001 0.0625
2 0.510415 0.768065 0.05988999999999994 0.0595699999999999
4 0.513675 0.6005849999999999 0.09244999999999998 0.03907000000000005
2 0.39192499999999997 0.6328149999999999 0.05468999999999996 0.06640999999999997
2 0.31901 0.64551 0.023440000000000016 0.07225999999999999
2 0.23502499999999998 0.654785 0.05859 0.06347000000000003
2 0.23502499999999998 0.7675749999999999 0.05859 0.06054999999999999
2 0.234375 0.87988 0.06771000000000002 0.0625
3 0.373695 0.93311 0.07030999999999998 0.0966800000000001
2 0.071613 0.4375 0.072914 0.05078000000000005
2 0.33724 0.322755 0.03645999999999999 0.05370999999999998
2 0.4069 0.322755 0.037760000000000016 0.05370999999999998
2 0.511715 0.965335 0.06770999999999999 0.026369999999999894
2 0.652345 0.96777 0.03907000000000005 0.029299999999999993
2 0.69857 0.9668000000000001 0.037760000000000016 0.029299999999999993
2 0.23372500000000002 0.95557 0.06901000000000002 0.03417999999999999
2 0.0917985 0.52881 0.037763000000000005 0.06347999999999998
2 0.046875 0.52881 0.03645799999999999 0.06347999999999998
2 0.0911485 0.643065 0.03646300000000001 0.06346999999999992
2 0.8743449999999999 0.325195 0.03254999999999997 0.039069999999999994
2 0.8763000000000001 0.41455 0.08853999999999995 0.061519999999999964
2 0.878255 0.520995 0.08984999999999999 0.06153000000000003
5 0.23502499999999998 0.46777500000000005 0.08984999999999999 0.009770000000000001
5 0.514975 0.467285 0.08984999999999993 0.008789999999999965
5 0.23632999999999998 0.580565 0.08984 0.018550000000000066
5 0.51237 0.57959 0.08983999999999998 0.01856000000000002
5 0.235025 0.69678 0.09505000000000002 0.022460000000000035
5 0.513675 0.69482 0.09505000000000002 0.022459999999999924
5 0.69466 0.58301 0.10286000000000006 0.05274000000000001
5 0.69401 0.688475 0.10155999999999998 0.029289999999999927
5 0.0716145 0.58545 0.106771 0.057620000000000005
5 0.08138000000000001 0.688475 0.08724 0.025389999999999913
5 0.51237 0.8037099999999999 0.09244000000000002 0.01758000000000004
5 0.676435 0.8066450000000001 0.12108999999999992 0.019529999999999936
5 0.23047 0.805175 0.09636 0.020510000000000028
5 0.23502499999999998 0.9223600000000001 0.07942999999999997 0.028320000000000012
5 0.510415 0.9292 0.07812999999999998 0.040039999999999965
5 0.67513 0.927735 0.09244000000000008 0.04100999999999999
4 0.23763 0.838865 0.09244 0.02149000000000001
4 0.514975 0.837405 0.09245000000000003 0.020509999999999917
4 0.6770849999999999 0.8373999999999999 0.11978999999999995 0.022460000000000035
4 0.5110699999999999 0.728515 0.09765999999999997 0.03320999999999996
4 0.23112 0.7265600000000001 0.09765999999999997 0.03320000000000001
4 0.23567500000000002 0.39404 0.09375000000000003 0.028320000000000012
4 0.075519 0.39453 0.10416199999999999 0.029299999999999993
4 0.509115 0.39502000000000004 0.10417000000000004 0.03028000000000003
4 0.671875 0.39453 0.1119699999999999 0.029299999999999993
3 0.372395 0.387205 0.15625 0.03809000000000001
6 0.37629999999999997 0.45361 0.15104 0.05176000000000003
6 0.6927099999999999 0.461425 0.13801999999999992 0.04199000000000003
6 0.0716121 0.461915 0.1380158 0.04100999999999999
8 0.37695500000000004 0.842285 0.18358999999999998 0.0791099999999999
5 0.37109000000000003 0.806155 0.08593999999999996 0.020509999999999917
8 0.39193 0.572265 0.07552000000000003 0.052729999999999944
5 0.39127999999999996 0.67676 0.07422000000000001 0.01758000000000004
8 0.378255 0.243165 0.13411 0.07227
9 0.39583229999999997 0.36816499999999996 0.7734354 0.04687000000000002
9 0.39192625 0.7075199999999999 0.7682275 0.028320000000000012
9 0.39257915000000004 0.82031 0.7747417 0.01757999999999993
10 0.436195 0.93018 0.020830000000000015 0.08495999999999992
10 0.3125 0.93213 0.02083999999999997 0.08495999999999992
10 0.43489500000000003 0.9838899999999999 0.023430000000000006 0.022460000000000035
10 0.31120000000000003 0.9848600000000001 0.02343999999999996 0.022460000000000035
10 0.3138 0.88037 0.02864 0.020499999999999963
10 0.43684999999999996 0.8803700000000001 0.027339999999999975 0.01856000000000002
10 0.591145 0.58154 0.03907000000000005 0.22753999999999996
10 0.7669250000000001 0.579105 0.028649999999999953 0.23046999999999995
10 0.15755 0.5800799999999999 0.039059999999999984 0.22851999999999995
10 0.15560000000000002 0.700685 0.05078000000000002 0.01269000000000009
10 0.5931 0.70166 0.050779999999999936 0.012700000000000045
10 0.76367 0.701175 0.037760000000000016 0.013670000000000071
10 0.15755 0.44238500000000003 0.052080000000000015 0.04687000000000002
10 0.590495 0.44433500000000004 0.05339000000000005 0.04687000000000002
10 0.756515 0.44287 0.04426999999999992 0.04393999999999998
11 0.16602 0.9379850000000001 0.037760000000000016 0.008789999999999965
2 0.93164 0.32422 0.03256000000000003 0.039059999999999984
