2 0.23763 0.43066499999999996 0.04035999999999998 0.058589999999999975
2 0.23763 0.541015 0.04035999999999998 0.05859000000000003
4 0.23698 0.49316499999999996 0.08854000000000001 0.031249999999999944
2 0.33268 0.5415049999999999 0.04036000000000001 0.05957000000000001
4 0.33333 0.49316499999999996 0.08854000000000001 0.031249999999999944
2 0.37956 0.430175 0.08463999999999999 0.057609999999999995
4 0.42904 0.49219 0.08724000000000004 0.029299999999999937
2 0.427085 0.541015 0.04427000000000003 0.06054999999999999
2 0.52474 0.5415049999999999 0.04166000000000003 0.05957000000000001
4 0.52669 0.49365499999999995 0.08983999999999998 0.032229999999999925
2 0.52474 0.43066 0.039059999999999984 0.056640000000000024
2 0.647785 0.42969 0.03254999999999997 0.05663999999999997
2 0.699215 0.42969 0.03125 0.05663999999999997
2 0.647785 0.5405249999999999 0.03254999999999997 0.05957000000000001
2 0.69987 0.5405249999999999 0.03255999999999992 0.05957000000000001
4 0.677735 0.48583999999999994 0.13671 0.04199999999999998
4 0.6764300000000001 0.6132850000000001 0.13932 0.04883000000000004
2 0.6490849999999999 0.657715 0.03254999999999997 0.06738999999999995
2 0.7018249999999999 0.6582049999999999 0.03385000000000005 0.06640999999999997
2 0.648435 0.779785 0.033849999999999936 0.061529999999999974
2 0.701175 0.779785 0.03255000000000008 0.061529999999999974
3 0.67643 0.92969 0.10026000000000002 0.10352000000000006
2 0.5260400000000001 0.91455 0.039059999999999984 0.07520000000000004
2 0.428385 0.9155249999999999 0.04687000000000002 0.07518999999999998
4 0.429035 0.868655 0.07682999999999995 0.008789999999999965
4 0.526695 0.86914 0.06901000000000002 0.007819999999999938
4 0.33268 0.86865 0.07422000000000001 0.006839999999999957
2 0.33138 0.9155249999999999 0.04818 0.07518999999999998
3 0.23502499999999998 0.921875 0.06900999999999999 0.11915000000000009
2 0.23633 0.78027 0.04036000000000001 0.0625
2 0.33203 0.779785 0.04166000000000003 0.061529999999999974
2 0.429035 0.78027 0.04037000000000002 0.0625
2 0.52409 0.78027 0.04036000000000006 0.0625
2 0.52539 0.658695 0.04035999999999995 0.06542999999999999
2 0.427735 0.671385 0.04557 0.09277000000000002
2 0.33268 0.671385 0.04036000000000001 0.09277000000000002
2 0.23633 0.6582049999999999 0.04036000000000001 0.06640999999999997
2 0.236975 0.36816000000000004 0.044270000000000004 0.011720000000000008
2 0.333335 0.36816000000000004 0.04427000000000003 0.011720000000000008
2 0.427085 0.36865000000000003 0.04427000000000003 0.010740000000000027
2 0.52409 0.367675 0.045580000000000065 0.010749999999999982
2 0.67318 0.36719 0.04947999999999997 0.011720000000000008
1 0.3893225 0.64551 0.734375 0.67774
2 0.11393199999999999 0.429685 0.03515599999999999 0.06054999999999999
2 0.0625 0.430175 0.033853999999999995 0.06153000000000003
2 0.113282 0.54004 0.033856 0.0625
2 0.112632 0.65723 0.032556 0.06835999999999998
2 0.08854100000000001 0.36719 0.04947800000000001 0.011720000000000008
4 0.089194 0.48535 0.13151200000000002 0.04491999999999996
4 0.09830850000000001 0.608395 0.113283 0.04296999999999995
4 0.116536 0.38866999999999996 0.055987999999999996 0.015620000000000023
4 0.059245 0.38866999999999996 0.05599 0.015620000000000023
4 0.23828 0.390135 0.07291999999999998 0.01855000000000001
4 0.52409 0.391115 0.07161999999999996 0.01855000000000001
4 0.645185 0.390135 0.055989999999999984 0.020510000000000028
4 0.703125 0.390135 0.05729000000000006 0.020510000000000028
4 0.412105 0.391605 0.055989999999999984 0.019529999999999992
4 0.34961 0.390625 0.06119999999999998 0.019530000000000047
5 0.6738299999999999 0.579105 0.12370000000000003 0.019530000000000047
5 0.530595 0.578615 0.055989999999999984 0.018550000000000066
5 0.08854200000000001 0.578615 0.122396 0.018550000000000066
5 0.236325 0.57959 0.06641 0.020500000000000074
5 0.23698000000000002 0.7050799999999999 0.06250000000000003 0.029299999999999993
5 0.52539 0.70557 0.06379999999999997 0.028320000000000012
6 0.102216 0.7026399999999999 0.08984799999999998 0.028320000000000012
6 0.646485 0.7041 0.05339000000000005 0.02734000000000003
6 0.702475 0.7041 0.05338999999999994 0.02734000000000003
8 0.21223999999999998 0.626465 0.02603999999999998 0.024409999999999932
8 0.26237 0.626465 0.027340000000000003 0.024409999999999932
8 0.35677000000000003 0.6254900000000001 0.026040000000000008 0.024419999999999997
8 0.40234000000000003 0.6245099999999999 0.026040000000000008 0.024419999999999997
8 0.45116999999999996 0.6245099999999999 0.027339999999999975 0.024419999999999997
8 0.503255 0.626465 0.027349999999999985 0.024409999999999932
8 0.54818 0.62695 0.026040000000000063 0.023439999999999905
8 0.30599 0.6245099999999999 0.026040000000000008 0.024419999999999997
8 0.13932 0.3667 0.013019999999999976 0.012699999999999989
8 0.0377605 0.3667 0.013020999999999998 0.012699999999999989
8 0.285805 0.367675 0.01693 0.012690000000000035
8 0.38086 0.367675 0.01691999999999999 0.012690000000000035
8 0.72461 0.3667 0.016920000000000046 0.012699999999999989
8 0.621095 0.3667 0.01823000000000008 0.012699999999999989
8 0.475915 0.36865000000000003 0.01693 0.012699999999999989
8 0.495445 0.355955 0.009110000000000007 0.03809000000000001
8 0.460285 0.355955 0.009109999999999951 0.03809000000000001
8 0.397785 0.355955 0.009109999999999951 0.03809000000000001
8 0.366535 0.35498 0.009109999999999951 0.03808
8 0.559245 0.355955 0.009109999999999951 0.03809000000000001
8 0.603515 0.35547 0.01693 0.039059999999999984
8 0.302085 0.355955 0.01041000000000003 0.03809000000000001
8 0.26888 0.356935 0.009120000000000017 0.03808999999999996
8 0.20443 0.355955 0.010419999999999985 0.03809000000000001
8 0.0514325 0.354005 0.009114999999999998 0.03809000000000001
8 0.122395 0.354005 0.010409999999999989 0.03809000000000001
8 0.160155 0.35498 0.020829999999999987 0.03808
8 0.747395 0.35448999999999997 0.015630000000000033 0.03906000000000004
8 0.710285 0.35547 0.009110000000000062 0.03515999999999997
8 0.64193 0.355955 0.010420000000000096 0.03809000000000001
8 0.67969 0.34130499999999997 0.013020000000000032 0.00879000000000002
8 0.5293 0.34277500000000005 0.011719999999999953 0.009770000000000001
8 0.43034 0.34277500000000005 0.011719999999999953 0.009770000000000001
8 0.33529 0.34179499999999996 0.011720000000000008 0.009770000000000001
8 0.23698000000000002 0.34130499999999997 0.013020000000000004 0.00879000000000002
8 0.0859375 0.340335 0.013021000000000005 0.008789999999999965
9 0.38802200000000003 0.35156 0.721356 0.07812000000000002
9 0.389324 0.461425 0.7187520000000001 0.010749999999999982
9 0.391928 0.717775 0.7265640000000001 0.06445000000000001
9 0.391274 0.842775 0.7226520000000001 0.03321000000000007
8 0.23633 0.842285 0.07422000000000001 0.026370000000000005
10 0.28385499999999997 0.89844 0.015629999999999977 0.07421999999999995
10 0.18555 0.89844 0.01432 0.07421999999999995
10 0.18685000000000002 0.65332 0.00911999999999999 0.0625
10 0.28646 0.6416 0.010419999999999985 0.0625
10 0.386065 0.6416 0.009110000000000007 0.0625
10 0.48568 0.64209 0.010419999999999985 0.06151999999999991
10 0.57552 0.6543 0.010419999999999985 0.0625
10 0.18619999999999998 0.686525 0.015619999999999995 0.003909999999999969
10 0.285805 0.67578 0.01693 0.005860000000000087
10 0.486325 0.67578 0.01693 0.005860000000000087
10 0.38672 0.6762699999999999 0.015619999999999967 0.006840000000000068
10 0.577475 0.6870149999999999 0.01693 0.002929999999999988
10 0.186195 0.938965 0.020830000000000015 0.006830000000000003
10 0.28385499999999997 0.938965 0.02082999999999996 0.006830000000000003
10 0.184895 0.856935 0.023430000000000006 0.008790000000000076
10 0.283205 0.856935 0.022129999999999983 0.008790000000000076
10 0.18619999999999998 0.614745 0.015619999999999995 0.014650000000000052
10 0.28646 0.6030249999999999 0.015619999999999967 0.01464999999999994
10 0.38672 0.6030249999999999 0.015619999999999967 0.01464999999999994
10 0.48502500000000004 0.6030249999999999 0.01433000000000001 0.01464999999999994
10 0.5761700000000001 0.6157250000000001 0.01432 0.01464999999999994
8 0.38021 0.780275 0.04166000000000003 0.04883000000000004
11 0.18555 0.929195 0.01432 0.008790000000000076
