1 0.587025 0.5039085 0.81541 0.9492229999999999
2 0.26213 0.24756 0.04114000000000001 0.06738
2 0.41296999999999995 0.25049 0.03270000000000001 0.06934000000000001
2 0.57595 0.25244 0.040080000000000005 0.06738
2 0.45886 0.25049 0.03164 0.06934000000000001
2 0.695675 0.251465 0.03271000000000002 0.06933
2 0.740505 0.25195 0.031649999999999956 0.06836
2 0.28692 0.384765 0.03376000000000001 0.06445000000000001
2 0.24209 0.385255 0.03270000000000001 0.06347000000000003
2 0.579115 0.39014 0.04009000000000007 0.06347999999999998
2 0.462025 0.38916 0.03375 0.06347999999999998
2 0.41772 0.38867 0.03164 0.0625
2 0.697785 0.38965 0.03271000000000002 0.0625
2 0.742615 0.38965 0.031649999999999956 0.0625
2 0.41561 0.52832 0.03376000000000001 0.06640000000000001
2 0.45991499999999996 0.528805 0.03375 0.06543000000000004
2 0.57806 0.52832 0.040080000000000005 0.06446000000000002
2 0.6962 0.529295 0.03376000000000001 0.06641000000000002
2 0.74156 0.52881 0.03376000000000001 0.06738
2 0.263185 0.5249 0.07067000000000001 0.06738000000000005
2 0.5448299999999999 0.120115 0.03270000000000006 0.05273
2 0.6049599999999999 0.1196265 0.03270000000000006 0.053707000000000005
2 0.90612 0.469725 0.02742 0.027349999999999985
2 0.9419850000000001 0.46924 0.027429999999999954 0.028320000000000012
2 0.90665 0.51123 0.02847999999999995 0.04199999999999998
2 0.941455 0.512205 0.026370000000000005 0.04199000000000003
2 0.240505 0.666505 0.03165000000000001 0.06739000000000006
2 0.28534000000000004 0.666015 0.03270000000000001 0.06640999999999997
2 0.28534000000000004 0.80859 0.03270000000000001 0.06835999999999998
2 0.23998 0.80908 0.03270000000000001 0.06933999999999996
2 0.41772 0.66992 0.03376000000000001 0.06835999999999998
2 0.46413499999999996 0.66992 0.03165000000000001 0.06640000000000001
2 0.5822799999999999 0.6709 0.040080000000000005 0.06836000000000009
2 0.698835 0.6709 0.03481000000000001 0.06836000000000009
2 0.742615 0.66992 0.03374999999999995 0.06835999999999998
2 0.5807 0.81006 0.041139999999999954 0.06738
2 0.69884 0.81055 0.03269999999999995 0.06835999999999998
2 0.74367 0.80908 0.0337599999999999 0.06738
2 0.25844 0.921875 0.05696000000000001 0.05858999999999992
2 0.447785 0.797855 0.01371 0.037109999999999976
2 0.42510499999999996 0.80322 0.006330000000000002 0.028320000000000012
2 0.46519 0.8012699999999999 0.006319999999999992 0.030279999999999974
3 0.43776 0.8916 0.06118000000000001 0.10741999999999996
3 0.7194100000000001 0.93408 0.05696000000000001 0.08496000000000004
3 0.579115 0.93408 0.03165000000000007 0.08496000000000004
2 0.08913499999999999 0.233885 0.030589999999999992 0.06347000000000003
2 0.119725 0.233885 0.026370000000000005 0.06347000000000003
2 0.12025 0.37060499999999996 0.025319999999999995 0.07324999999999998
2 0.0833335 0.37011499999999997 0.03164499999999999 0.07227
2 0.11762 0.48291 0.024260000000000004 0.024419999999999997
2 0.08596999999999999 0.483885 0.02847999999999999 0.024409999999999987
2 0.0854425 0.5200199999999999 0.029534999999999992 0.04393999999999998
2 0.118145 0.520505 0.02743000000000001 0.04296999999999995
2 0.101792 0.7807649999999999 0.049575999999999995 0.07714999999999994
4 0.091243 0.325195 0.119194 0.039069999999999994
4 0.252635 0.47997999999999996 0.14029 0.053719999999999934
4 0.43038 0.48046999999999995 0.14978000000000002 0.04687999999999998
4 0.7130799999999999 0.47948999999999997 0.13923999999999992 0.04687999999999998
4 0.572785 0.472165 0.10759000000000007 0.06542999999999999
4 0.092298 0.43652 0.125524 0.039059999999999984
4 0.256855 0.33935499999999996 0.11709000000000003 0.024409999999999987
5 0.25949500000000003 0.421875 0.09493000000000001 0.01366999999999996
5 0.435655 0.424805 0.09705000000000003 0.013670000000000015
5 0.577005 0.42627000000000004 0.059069999999999956 0.012699999999999989
5 0.718355 0.42627 0.09492999999999996 0.014639999999999986
5 0.095462 0.5537099999999999 0.10653599999999999 0.029299999999999993
5 0.92616 0.55225 0.11392000000000002 0.04590000000000005
6 0.09440950000000001 0.70703 0.102321 0.0625
4 0.09968350000000001 0.194825 0.083333 0.04394999999999999
8 0.580695 0.74365 0.10443000000000002 0.06347999999999998
8 0.718355 0.7495149999999999 0.11814999999999998 0.07714999999999994
8 0.4404 0.75049 0.11919999999999997 0.07909999999999995
8 0.43406999999999996 0.7856449999999999 0.10232000000000002 0.06347000000000003
8 0.26266 0.608885 0.10338000000000003 0.04784999999999995
8 0.440925 0.6220699999999999 0.09282999999999997 0.023440000000000016
8 0.7204649999999999 0.623045 0.10548999999999997 0.025390000000000024
8 0.935655 0.746585 0.11603000000000008 0.10449000000000008
8 0.86129 0.46435499999999996 0.015819999999999945 0.04199000000000003
8 0.9836499999999999 0.46289 0.017939999999999956 0.03906000000000004
6 0.26424000000000003 0.299315 0.14874 0.03027000000000002
6 0.831755 0.299315 0.09599000000000002 0.03808999999999996
9 0.587025 0.316895 0.80907 0.03222999999999998
9 0.5152950000000001 0.563965 0.66139 0.026370000000000005
9 0.586495 0.868165 0.80169 0.025390000000000024
9 0.582805 0.126951 0.7858700000000001 0.175778
10 0.86656 0.243655 0.013719999999999954 0.07714999999999997
10 0.80538 0.24414 0.011600000000000055 0.07617999999999997
10 0.339135 0.24414000000000002 0.01371 0.08204000000000003
10 0.29852500000000004 0.24364999999999998 0.014770000000000005 0.08106
10 0.22574 0.24414000000000002 0.012660000000000005 0.08204000000000003
10 0.18565 0.243655 0.012660000000000005 0.07714999999999997
10 0.1044305 0.37158 0.012659000000000004 0.05565999999999999
10 0.512135 0.73584 0.03058999999999995 0.1103599999999999
10 0.6450400000000001 0.73291 0.02847999999999995 0.10449999999999993
10 0.787445 0.7348600000000001 0.01793 0.10839999999999994
10 0.36867 0.734375 0.022159999999999958 0.10936999999999997
10 0.47363 0.88184 0.012660000000000005 0.07422000000000006
10 0.39503999999999995 0.8818349999999999 0.01582 0.07226999999999995
10 0.22574 0.29541 0.016880000000000006 0.020499999999999963
10 0.29957500000000004 0.293945 0.014770000000000005 0.02149000000000001
10 0.339135 0.29491999999999996 0.01583000000000001 0.017579999999999985
10 0.18512499999999998 0.293455 0.011609999999999981 0.020509999999999973
10 0.104431 0.402345 0.021098000000000006 0.007809999999999984
10 0.7853349999999999 0.79541 0.022150000000000003 0.014640000000000097
10 0.644515 0.79346 0.04009000000000007 0.01660000000000006
10 0.51213 0.796875 0.041139999999999954 0.01171000000000011
10 0.36973 0.79541 0.028480000000000005 0.012700000000000045
10 0.47574 0.919435 0.0232 0.002930000000000099
10 0.39398999999999995 0.919435 0.020040000000000002 0.002930000000000099
10 0.8048500000000001 0.29346 0.012660000000000005 0.022460000000000035
10 0.86656 0.293945 0.013719999999999954 0.02149000000000001
10 0.104431 0.33886499999999997 0.016878000000000004 0.009770000000000001
10 0.337025 0.197265 0.020050000000000012 0.009770000000000001
10 0.297995 0.19774999999999998 0.022150000000000003 0.01074
10 0.22521 0.19873000000000002 0.020040000000000002 0.01074
10 0.18565500000000001 0.19922 0.016870000000000024 0.011720000000000008
10 0.370255 0.6674800000000001 0.02953 0.02636000000000005
10 0.511075 0.667965 0.043249999999999955 0.025390000000000024
10 0.644515 0.6674800000000001 0.04430999999999996 0.02636000000000005
10 0.783755 0.6674800000000001 0.025309999999999944 0.02636000000000005
10 0.47363 0.83838 0.021100000000000008 0.012699999999999934
10 0.39557 0.8393550000000001 0.021100000000000008 0.012689999999999979
10 0.866035 0.19970500000000002 0.018990000000000062 0.012690000000000007
10 0.804325 0.19970500000000002 0.01793 0.012690000000000007
8 0.57595 0.3584 0.44092 0.07225999999999999
8 0.57331 0.16161999999999999 0.12763999999999998 0.022460000000000008
8 0.922995 0.43115499999999995 0.10336999999999996 0.01855000000000001
2 0.10021050000000001 0.63916 0.065399 0.07520000000000004
