1 0.5123845 0.590075 0.839011 0.73629
2 0.886225 0.579635 0.07274999999999998 0.07311000000000001
2 0.780185 0.57833 0.06501000000000001 0.07050000000000001
2 0.886225 0.438645 0.07584999999999997 0.07311000000000001
2 0.887 0.718015 0.07430000000000003 0.07311000000000001
2 0.88313 0.30157 0.06965999999999994 0.07572000000000001
2 0.779415 0.43995 0.06347000000000003 0.07050000000000001
2 0.7770900000000001 0.29895499999999997 0.06501999999999997 0.07049
2 0.782505 0.71671 0.06346999999999992 0.07050000000000001
2 0.6633100000000001 0.71932 0.06656000000000006 0.07572000000000001
2 0.6625399999999999 0.57572 0.06501999999999997 0.06528
2 0.6625399999999999 0.43733500000000003 0.06501999999999997 0.06527
2 0.6625399999999999 0.29764999999999997 0.06501999999999997 0.0731
2 0.55263 0.29764999999999997 0.07429999999999992 0.0731
2 0.55263 0.438645 0.07429999999999992 0.07311000000000001
2 0.55263 0.577025 0.07429999999999992 0.07311000000000001
2 0.55263 0.715405 0.07429999999999992 0.07311000000000001
2 0.46285 0.715405 0.07429999999999998 0.07311000000000001
2 0.46594500000000005 0.577025 0.07121000000000005 0.07311000000000001
2 0.464395 0.43733500000000003 0.07121 0.07049
2 0.464395 0.29764999999999997 0.07121 0.0731
2 0.358355 0.29895499999999997 0.06036999999999998 0.07049
2 0.358355 0.43733500000000003 0.06036999999999998 0.07049
2 0.35604 0.57572 0.05882000000000004 0.07050000000000001
2 0.35990500000000003 0.718015 0.06036999999999998 0.07311000000000001
2 0.24381000000000003 0.57833 0.057280000000000025 0.07572000000000001
2 0.245355 0.712795 0.057270000000000015 0.06789
2 0.24458000000000002 0.43995 0.05882000000000001 0.07572000000000001
2 0.24458000000000002 0.30025999999999997 0.05882000000000001 0.0731
2 0.140865 0.302875 0.06501 0.07311000000000001
2 0.14164 0.438645 0.06656 0.07311000000000001
2 0.14164 0.571805 0.06656 0.07311000000000001
2 0.14318999999999998 0.71149 0.06656 0.07050000000000001
2 0.830495 0.715405 0.026310000000000056 0.07311000000000001
2 0.83127 0.577025 0.027859999999999996 0.07311000000000001
2 0.830495 0.438645 0.026310000000000056 0.07311000000000001
2 0.828175 0.30025999999999997 0.02787000000000006 0.0731
2 0.609135 0.29764999999999997 0.026310000000000056 0.0731
2 0.609135 0.438645 0.026310000000000056 0.07311000000000001
2 0.61068 0.577025 0.0263199999999999 0.07311000000000001
2 0.40944 0.30025999999999997 0.026319999999999955 0.0731
2 0.407895 0.43603000000000003 0.02631 0.0731
2 0.407895 0.577025 0.02631 0.07311000000000001
2 0.407895 0.718015 0.02631 0.07311000000000001
2 0.19427 0.710185 0.02632000000000001 0.07311000000000001
2 0.192725 0.574415 0.02631 0.07311000000000001
2 0.1935 0.30025999999999997 0.027859999999999996 0.0731
2 0.19582 0.43603000000000003 0.02632000000000001 0.0731
3 0.22988 0.882505 0.10061999999999999 0.13054999999999994
7 0.14087 0.30156499999999997 0.06192000000000002 0.06527
7 0.14164 0.43864000000000003 0.06346 0.06788
7 0.14087 0.573105 0.06192000000000002 0.06526999999999994
7 0.14318999999999998 0.71149 0.06345999999999999 0.06528
7 0.24536000000000002 0.712795 0.054180000000000034 0.06267
7 0.24380999999999997 0.577025 0.05417999999999998 0.06267
7 0.244585 0.43864000000000003 0.05573000000000003 0.06266
7 0.244585 0.30156499999999997 0.05573000000000003 0.06527
7 0.35681 0.43472500000000003 0.054180000000000006 0.06004999999999999
7 0.408665 0.4282 0.021669999999999967 0.046999999999999986
7 0.40789 0.577025 0.023219999999999963 0.06789
7 0.40789 0.715405 0.023219999999999963 0.06789
7 0.359135 0.71671 0.05573 0.06528
7 0.356035 0.57572 0.05573 0.06528
7 0.46517 0.577025 0.06656000000000001 0.06789
7 0.46362000000000003 0.71671 0.06966 0.06528
7 0.464395 0.43733500000000003 0.06811 0.06527
7 0.55341 0.43733500000000003 0.06965999999999994 0.06527
7 0.55186 0.577025 0.06966000000000006 0.06789
7 0.55418 0.718015 0.06811999999999996 0.06789
2 0.60991 0.718015 0.027859999999999996 0.07311000000000001
7 0.609135 0.7141 0.02012999999999998 0.06528
7 0.663315 0.71932 0.060370000000000035 0.07050000000000001
7 0.66254 0.577025 0.061919999999999975 0.06267
7 0.6099049999999999 0.577025 0.021669999999999967 0.06789
7 0.60913 0.43864000000000003 0.023219999999999907 0.06788
7 0.6617649999999999 0.43733500000000003 0.060369999999999924 0.06004999999999999
7 0.8274 0.29895499999999997 0.02322000000000002 0.06527
7 0.7770900000000001 0.29895499999999997 0.05881999999999998 0.06527
7 0.88313 0.30156499999999997 0.06655999999999995 0.07049
7 0.884675 0.43864000000000003 0.06657000000000002 0.06788
7 0.8305 0.43864000000000003 0.02322000000000002 0.06788
7 0.77864 0.43994500000000003 0.058820000000000094 0.06527
7 0.780185 0.57833 0.05882999999999994 0.06528
7 0.83127 0.57572 0.021680000000000033 0.06528
7 0.88622 0.579635 0.06966000000000006 0.06789
7 0.886995 0.71671 0.06811 0.06528
7 0.83127 0.715405 0.021680000000000033 0.06789
7 0.782505 0.71671 0.060370000000000035 0.06528
7 0.6625399999999999 0.27807000000000004 0.05881999999999998 0.028720000000000023
7 0.60913 0.29764999999999997 0.023219999999999907 0.06788
7 0.55418 0.27546000000000004 0.06811999999999996 0.02350000000000002
7 0.193495 0.30156499999999997 0.021670000000000023 0.06527
7 0.19504500000000002 0.43994500000000003 0.021669999999999995 0.06527
7 0.193495 0.574415 0.021670000000000023 0.06789
9 0.51393 0.6684049999999999 0.8266199999999999 0.020889999999999964
9 0.51393 0.532635 0.8266199999999999 0.020889999999999964
9 0.5123854999999999 0.396865 0.826629 0.02089000000000002
9 0.5085135 0.255875 0.8281729999999999 0.020889999999999992
9 0.5085135 0.78068 0.8281729999999999 0.03656000000000004
11 0.35680999999999996 0.882505 0.041800000000000004 0.06789
11 0.45975 0.88381 0.04333999999999999 0.07050000000000001
11 0.565015 0.88642 0.04335 0.07050000000000001
11 0.6710499999999999 0.889035 0.04179999999999995 0.07048999999999994
