1 0.48002649999999997 0.45019655000000003 0.888427 0.8964869
2 0.155645 0.073242 0.03856999999999999 0.03906199999999999
2 0.7878799999999999 0.0654295 0.03856000000000004 0.039062999999999994
2 0.519285 0.0825195 0.027549999999999963 0.022460999999999995
2 0.480025 0.08203099999999999 0.02893000000000001 0.023438
2 0.442835 0.0830075 0.02616999999999997 0.015625
2 0.55854 0.0839845 0.02617999999999998 0.015625
2 0.348485 0.24951 0.04959000000000002 0.06933999999999998
2 0.438015 0.24951 0.04959000000000002 0.06933999999999998
2 0.528925 0.24756 0.04959000000000002 0.06933999999999998
2 0.6177699999999999 0.248535 0.050960000000000005 0.06933
2 0.35055000000000003 0.38037 0.05095999999999995 0.06934000000000001
2 0.44077 0.379395 0.04957999999999996 0.06933
2 0.5309900000000001 0.37793 0.050960000000000005 0.07032
2 0.618455 0.37842 0.04959000000000002 0.06934000000000001
2 0.352615 0.504395 0.04959000000000002 0.05175000000000002
2 0.44628 0.50342 0.04958000000000001 0.05175999999999997
2 0.5309900000000001 0.50293 0.050960000000000005 0.05077999999999999
2 0.623275 0.50293 0.048209999999999975 0.05077999999999999
2 0.15909 0.367675 0.10330000000000002 0.07519000000000003
2 0.167355 0.5043949999999999 0.10331000000000001 0.07518999999999998
2 0.7920100000000001 0.361815 0.10468 0.07518999999999998
2 0.7920100000000001 0.50049 0.10468 0.07519999999999993
2 0.789945 0.231445 0.11156999999999995 0.054690000000000016
2 0.172175 0.23779499999999998 0.11019 0.05371000000000001
2 0.592975 0.6416 0.15288999999999997 0.0663999999999999
2 0.389115 0.6411150000000001 0.15288999999999997 0.06542999999999999
2 0.7961450000000001 0.63965 0.11295 0.0663999999999999
2 0.184575 0.64258 0.11295 0.06640000000000001
3 0.7624 0.814945 0.06474000000000002 0.14551000000000003
3 0.836775 0.814455 0.059230000000000005 0.14649
5 0.349865 0.418945 0.05785000000000001 0.011709999999999998
5 0.439395 0.41698999999999997 0.05785000000000001 0.011720000000000008
5 0.53237 0.41698999999999997 0.056480000000000086 0.011720000000000008
5 0.6212150000000001 0.41747999999999996 0.05785000000000007 0.010740000000000027
5 0.619835 0.28662 0.05784999999999996 0.010740000000000027
5 0.527545 0.28711 0.05785000000000001 0.011720000000000008
5 0.44077500000000003 0.28759999999999997 0.05785000000000001 0.010740000000000027
5 0.349175 0.288575 0.05647000000000002 0.010749999999999982
7 0.82576 0.47948999999999997 0.023419999999999996 0.03319999999999995
7 0.795455 0.46924 0.026170000000000027 0.012699999999999989
7 0.7644599999999999 0.4707 0.02203999999999995 0.011720000000000008
7 0.62259 0.486815 0.04683999999999999 0.018549999999999955
8 0.790635 0.15918 0.13498999999999994 0.05860000000000001
8 0.89256 0.15576 0.030299999999999994 0.028319999999999984
8 0.68388 0.157715 0.03168000000000004 0.028329999999999994
8 0.158402 0.16601500000000002 0.140496 0.05859
8 0.26446000000000003 0.16504000000000002 0.03030000000000002 0.027340000000000003
8 0.057851 0.163085 0.027547999999999996 0.02149000000000001
8 0.16047 0.300295 0.09504000000000001 0.05957000000000001
8 0.79408 0.294435 0.09504000000000001 0.05957000000000001
8 0.3416 0.1416 0.05234 0.06640000000000001
8 0.43320000000000003 0.1416 0.053720000000000045 0.06640000000000001
8 0.52273 0.1416 0.053720000000000045 0.06640000000000001
8 0.6150100000000001 0.13965 0.0537200000000001 0.0664
8 0.787875 0.06885 0.06886999999999999 0.0752
8 0.157025 0.075683 0.07163000000000001 0.07519400000000001
8 0.69146 0.70459 0.02754000000000001 0.05565999999999993
8 0.903585 0.702145 0.027549999999999963 0.054690000000000016
8 0.26997499999999997 0.7099599999999999 0.02755000000000002 0.05467999999999995
9 0.4869135 0.18213000000000001 0.8746529999999999 0.04394000000000001
10 0.263775 0.4082 0.034430000000000016 0.34569999999999995
10 0.057162500000000005 0.407715 0.034435 0.3466699999999999
10 0.688015 0.40087999999999996 0.03443000000000007 0.34668
10 0.89876 0.40186 0.034440000000000026 0.34668000000000004
10 0.0571625 0.21631 0.039944999999999994 0.036140000000000005
10 0.263085 0.214845 0.05235000000000001 0.039069999999999994
10 0.68733 0.20850000000000002 0.05234000000000005 0.04003999999999999
10 0.89463 0.20801 0.045459999999999945 0.04102
10 0.267905 0.5908199999999999 0.05096999999999999 0.019540000000000002
10 0.0578515 0.5908199999999999 0.044077000000000005 0.019540000000000002
10 0.69008 0.5859399999999999 0.05510000000000004 0.023440000000000016
10 0.89945 0.58594 0.04683999999999999 0.021479999999999944
11 0.48967 0.71045 0.31818 0.040039999999999965
11 0.18663999999999997 0.8188500000000001 0.14187999999999998 0.14746000000000004
11 0.391875 0.8193349999999999 0.15289000000000003 0.14842999999999995
11 0.597105 0.81787 0.15288999999999997 0.14745999999999992
10 0.38843 0.40918 0.030299999999999994 0.24414000000000002
10 0.482095 0.4082 0.03581000000000001 0.24414000000000002
10 0.5702499999999999 0.40771500000000005 0.03305999999999998 0.24511
10 0.38843 0.243165 0.03305999999999998 0.08593
10 0.48072000000000004 0.243165 0.033060000000000034 0.08593
10 0.5702499999999999 0.24120999999999998 0.03305999999999998 0.08593999999999999
6 0.483475 0.56055 0.36639 0.056640000000000024
