1 0.451175 0.50062265 0.5703100000000001 0.9987547
2 0.20117000000000002 0.35180500000000003 0.03319999999999998 0.08095000000000002
2 0.201175 0.529265 0.03125 0.08218999999999999
2 0.28076 0.528645 0.030279999999999974 0.08094999999999997
2 0.281735 0.35305 0.03222999999999998 0.08344000000000001
2 0.360355 0.35305 0.03125 0.08344000000000001
2 0.441405 0.35305 0.03125 0.08344000000000001
2 0.52197 0.35305 0.03417999999999999 0.08344000000000001
2 0.6015600000000001 0.35367 0.03320000000000001 0.08467999999999998
2 0.68164 0.35305 0.03515999999999997 0.08344000000000001
2 0.683105 0.52989 0.03222999999999998 0.08343999999999996
2 0.603025 0.52989 0.03222999999999998 0.08343999999999996
2 0.52295 0.53051 0.03417999999999999 0.08219999999999994
2 0.44336 0.53113 0.035160000000000025 0.08343999999999996
2 0.362305 0.529265 0.03321000000000002 0.08218999999999999
2 0.20166 0.7036100000000001 0.03222 0.08467999999999998
2 0.281735 0.7036100000000001 0.03222999999999998 0.08467999999999998
2 0.361815 0.70299 0.03222999999999998 0.08343999999999996
2 0.44189 0.702365 0.03417999999999999 0.08468999999999993
2 0.52197 0.7042349999999999 0.028320000000000012 0.08343
2 0.6049800000000001 0.70299 0.028320000000000012 0.08343999999999996
2 0.68213 0.7036100000000001 0.03614000000000006 0.08467999999999998
2 0.6821299999999999 0.87858 0.030279999999999974 0.08343999999999996
2 0.602535 0.8779600000000001 0.03125 0.08467999999999998
2 0.523435 0.87671 0.03125 0.08468000000000009
2 0.44287 0.87547 0.032220000000000026 0.08965999999999996
2 0.36133 0.8748450000000001 0.03320000000000001 0.08840999999999999
2 0.282225 0.8748450000000001 0.03320999999999996 0.08840999999999999
2 0.20117000000000002 0.8748450000000001 0.03319999999999998 0.08840999999999999
4 0.202635 0.47447 0.059569999999999984 0.022419999999999995
4 0.28418 0.475095 0.058599999999999985 0.021170000000000022
4 0.445315 0.475715 0.06054999999999999 0.02241000000000004
4 0.5268550000000001 0.475095 0.05957000000000001 0.021170000000000022
4 0.6074250000000001 0.47447 0.06054999999999999 0.01744000000000001
4 0.689945 0.473845 0.05957000000000001 0.021170000000000022
2 0.0634765 0.344335 0.035157 0.08592999999999995
2 0.0634765 0.524905 0.035157 0.08593
2 0.06445300000000001 0.698005 0.03515600000000001 0.08593000000000006
2 0.06445300000000001 0.8729800000000001 0.03515600000000001 0.08467999999999998
2 0.78955 0.35180500000000003 0.03417999999999999 0.08593
2 0.9511700000000001 0.35243 0.03515999999999997 0.08468000000000003
2 0.87012 0.35305 0.03516000000000008 0.08592
2 0.788085 0.5298849999999999 0.035150000000000015 0.08592999999999995
2 0.86914 0.5298849999999999 0.03515999999999997 0.08592999999999995
2 0.950195 0.529265 0.035150000000000015 0.08468999999999993
2 0.950195 0.70486 0.035150000000000015 0.08467999999999998
2 0.87012 0.7036100000000001 0.03516000000000008 0.08467999999999998
2 0.7890600000000001 0.7042349999999999 0.03515999999999997 0.08592999999999995
2 0.7890600000000001 0.8779600000000001 0.03515999999999997 0.08467999999999998
2 0.871095 0.87671 0.035150000000000015 0.08468000000000009
2 0.7817400000000001 0.177455 0.028320000000000012 0.053549999999999986
2 0.67578 0.17683500000000002 0.029299999999999993 0.052309999999999995
2 0.595215 0.17683500000000002 0.030269999999999908 0.052309999999999995
2 0.515135 0.176215 0.03027000000000002 0.053550000000000014
2 0.436035 0.176215 0.03027000000000002 0.053550000000000014
2 0.35791 0.176215 0.030279999999999974 0.053550000000000014
2 0.86426 0.17683500000000002 0.023440000000000016 0.052309999999999995
2 0.94531 0.17683500000000002 0.021479999999999944 0.052309999999999995
2 0.27881 0.177455 0.030279999999999974 0.053549999999999986
2 0.19873000000000002 0.17496499999999998 0.03028 0.053550000000000014
4 0.06396450000000001 0.46451 0.071289 0.04233999999999999
4 0.79541 0.47136 0.07520000000000004 0.03361999999999998
4 0.953125 0.46948500000000004 0.07421000000000011 0.03487000000000001
5 0.06347649999999999 0.39041499999999996 0.054687 0.016189999999999982
5 0.201175 0.399125 0.05468999999999999 0.016190000000000038
5 0.28174 0.401615 0.05176000000000003 0.016190000000000038
5 0.44189500000000004 0.400995 0.05175000000000002 0.01743
5 0.52295 0.40286500000000003 0.05176000000000003 0.016189999999999982
5 0.60205 0.40037500000000004 0.05176000000000003 0.016189999999999982
5 0.68066 0.40037500000000004 0.050779999999999936 0.016189999999999982
5 0.78955 0.40037500000000004 0.05176000000000003 0.016189999999999982
5 0.9541 0.39663499999999996 0.050779999999999936 0.016189999999999982
6 0.371095 0.419675 0.09375 0.12951000000000001
6 0.895015 0.41905 0.1220699999999999 0.12578
6 0.58008 0.7858050000000001 0.20898 0.10958999999999997
6 0.580075 0.574095 0.20703000000000005 0.054790000000000005
6 0.45165999999999995 0.2142 0.56738 0.03238000000000002
6 0.870115 0.21419500000000002 0.25976999999999995 0.02989
6 0.0732428 0.2142 0.12695440000000002 0.03238000000000002
8 0.200685 0.435245 0.026370000000000005 0.04359000000000002
8 0.521975 0.435245 0.026370000000000005 0.04359000000000002
8 0.68213 0.435245 0.02635999999999994 0.04359000000000002
8 0.6992149999999999 0.049191 0.01366999999999996 0.018680000000000002
8 0.6582049999999999 0.050435999999999995 0.019529999999999936 0.02117
8 0.6181650000000001 0.0498135 0.019529999999999936 0.019925000000000005
8 0.576175 0.0498135 0.019530000000000047 0.019925000000000005
8 0.97656 0.0473225 0.01757999999999993 0.019925000000000005
8 0.93457 0.0467 0.01757999999999993 0.018680000000000002
8 0.8925799999999999 0.048568 0.01758000000000004 0.019926
8 0.85059 0.048568 0.01758000000000004 0.019926
8 0.81152 0.050436 0.01757999999999993 0.018680000000000002
8 0.76807 0.049191 0.01660000000000006 0.018680000000000002
8 0.74316 0.049191 0.011720000000000064 0.018680000000000002
9 0.45214999999999994 0.781445 0.5664 0.03860999999999992
9 0.45264000000000004 0.5977600000000001 0.56152 0.059780000000000055
9 0.45215 0.263385 0.5644600000000001 0.07597000000000004
10 0.503905 0.68929 0.007809999999999984 0.07097999999999993
10 0.588865 0.6905349999999999 0.007809999999999984 0.07099
10 0.672365 0.68991 0.008790000000000076 0.06974000000000002
10 0.326175 0.16188999999999998 0.007809999999999984 0.06974
10 0.24462499999999998 0.16127 0.008789999999999992 0.07097999999999999
10 0.40918 0.162515 0.007819999999999994 0.07099
10 0.491695 0.16188999999999998 0.008789999999999965 0.06974
10 0.5742149999999999 0.16188999999999998 0.007809999999999984 0.06974
10 0.65625 0.16314 0.007819999999999938 0.06974
10 0.739745 0.162515 0.004890000000000061 0.07099
10 0.765135 0.162515 0.008790000000000076 0.07099
10 0.847655 0.16188999999999998 0.007809999999999984 0.06974
10 0.9306650000000001 0.162515 0.007809999999999984 0.07099
10 0.40918 0.199875 0.013680000000000025 0.003730000000000011
10 0.4917 0.19863 0.010740000000000027 0.003740000000000021
10 0.57422 0.19863 0.011720000000000064 0.003740000000000021
10 0.65723 0.199875 0.011719999999999953 0.003730000000000011
10 0.93066 0.19863 0.011720000000000064 0.003740000000000021
10 0.84961 0.199875 0.011719999999999953 0.003730000000000011
10 0.765625 0.19863 0.01171000000000011 0.003740000000000021
10 0.50391 0.727895 0.011719999999999953 0.006230000000000069
10 0.5893550000000001 0.7291399999999999 0.010749999999999926 0.006220000000000003
10 0.67285 0.727895 0.011720000000000064 0.006230000000000069
10 0.40967 0.12204 0.012699999999999989 0.009959999999999997
10 0.4917 0.12204 0.012699999999999989 0.009959999999999997
10 0.5737300000000001 0.1208 0.012700000000000045 0.009959999999999997
10 0.65674 0.12204 0.012699999999999934 0.009959999999999997
10 0.765625 0.12204 0.01171000000000011 0.009959999999999997
10 0.84766 0.1208 0.011719999999999953 0.009959999999999997
10 0.9311499999999999 0.12204 0.012700000000000045 0.009959999999999997
10 0.741695 0.12204 0.008790000000000076 0.009959999999999997
10 0.50391 0.64944 0.011719999999999953 0.011199999999999988
10 0.58789 0.65006 0.011719999999999953 0.009959999999999969
10 0.67285 0.65006 0.011720000000000064 0.009959999999999969
11 0.686525 0.955165 0.07812999999999992 0.029890000000000083
11 0.6113299999999999 0.95143 0.015620000000000078 0.022420000000000107
11 0.5629900000000001 0.9458249999999999 0.03417999999999999 0.011210000000000053
11 0.064453 0.94583 0.070312 0.01867999999999992
11 0.134765 0.943335 0.04687000000000001 0.011210000000000053
11 0.603025 0.988165 0.03222999999999998 0.021170000000000022
11 0.5209999999999999 0.9887900000000001 0.03417999999999999 0.022419999999999995
11 0.44189 0.988165 0.03417999999999999 0.021170000000000022
11 0.36084 0.988165 0.03417999999999999 0.021170000000000022
11 0.27979 0.988165 0.03417999999999999 0.021170000000000022
11 0.20068 0.987545 0.03417999999999999 0.02241000000000004
11 0.64697 0.9863 0.03417999999999999 0.024900000000000033
11 0.720705 0.987545 0.03125 0.02241000000000004
11 0.68262 0.988165 0.03516000000000008 0.021170000000000022
2 0.753905 0.08468200000000001 0.01562999999999992 0.029888000000000012
