1 0.501004 0.50146485 0.997992 0.9970703
2 0.13252999999999998 0.29932000000000003 0.06223999999999999 0.09081999999999996
2 0.28664500000000004 0.29932000000000003 0.06124999999999997 0.09081999999999996
2 0.495985 0.29883 0.06224999999999997 0.09179999999999999
2 0.7138549999999999 0.30029 0.06225000000000003 0.09082000000000001
2 0.870485 0.29834 0.06225000000000003 0.09082000000000001
2 0.866465 0.155275 0.06225000000000003 0.09178999999999998
2 0.71235 0.15478999999999998 0.06124000000000007 0.09081999999999998
2 0.498995 0.15478999999999998 0.06225000000000003 0.09081999999999998
2 0.288655 0.15674 0.06125000000000003 0.09082
2 0.136045 0.15869 0.06125000000000001 0.09082
2 0.28765 0.446285 0.06325999999999998 0.09960999999999998
2 0.136545 0.447265 0.062250000000000014 0.09961000000000003
2 0.500505 0.445315 0.06324999999999997 0.09961000000000003
2 0.712855 0.446285 0.06225000000000003 0.09960999999999998
2 0.871985 0.447265 0.06325000000000003 0.09961000000000003
2 0.134535 0.6074200000000001 0.06826999999999998 0.10741999999999996
2 0.28715 0.6084 0.06828000000000001 0.10741999999999996
2 0.501005 0.6074200000000001 0.07229000000000002 0.09765999999999997
2 0.71737 0.6084 0.07128000000000001 0.10741999999999996
2 0.8714900000000001 0.60791 0.07028000000000001 0.10839999999999994
2 0.8739950000000001 0.7587900000000001 0.059230000000000005 0.10741999999999996
2 0.7133499999999999 0.76025 0.05924000000000007 0.10840000000000005
2 0.288155 0.75928 0.058230000000000004 0.10839999999999994
2 0.13504 0.7587900000000001 0.05924 0.10741999999999996
3 0.50201 0.876465 0.15461999999999992 0.23731000000000002
4 0.1375485 0.105469 0.09638299999999998 0.04492199999999999
4 0.29016 0.10351750000000001 0.09638 0.04492500000000001
4 0.863955 0.10351750000000001 0.09738999999999998 0.04492500000000001
4 0.711345 0.10156100000000001 0.09739000000000009 0.044918
4 0.498495 0.23926 0.11947000000000002 0.044920000000000015
4 0.501005 0.098631 0.10843000000000003 0.044918
4 0.1340385 0.24512 0.10944300000000001 0.03320000000000001
4 0.28815 0.24316500000000002 0.11044000000000001 0.03320999999999999
4 0.86998 0.24120999999999998 0.10943999999999998 0.03319999999999998
4 0.71235 0.24120999999999998 0.10943999999999998 0.03319999999999998
4 0.870985 0.38134999999999997 0.10942999999999992 0.028319999999999956
4 0.716865 0.38232 0.10843000000000003 0.028320000000000012
4 0.50201 0.38037 0.11445999999999995 0.028320000000000012
4 0.288655 0.38525 0.10743 0.028320000000000012
4 0.1360445 0.38525 0.10743100000000001 0.028320000000000012
4 0.1320285 0.541015 0.11546300000000001 0.04883000000000004
4 0.28665 0.540035 0.11546000000000001 0.04883000000000004
4 0.4995 0.5366200000000001 0.11546000000000001 0.04393999999999998
4 0.716365 0.541505 0.12951000000000001 0.053709999999999924
4 0.874 0.541015 0.12952000000000008 0.052729999999999944
4 0.1325305 0.702145 0.12449900000000001 0.025390000000000024
4 0.28764999999999996 0.700685 0.1235 0.024410000000000043
4 0.86998 0.701175 0.12349999999999994 0.025390000000000024
4 0.7158599999999999 0.702145 0.12449999999999994 0.025390000000000024
6 0.5005035 0.191895 0.882533 0.06933
6 0.1295205 0.48535000000000006 0.148599 0.07226000000000005
6 0.1280135 0.33594 0.13755299999999998 0.07422000000000001
6 0.28414 0.333985 0.14458000000000001 0.06641000000000002
6 0.28313 0.486815 0.14458000000000001 0.06739
6 0.7138549999999999 0.331055 0.14456999999999998 0.06640999999999997
6 0.7213849999999999 0.48534999999999995 0.14559 0.06639999999999996
6 0.87349 0.331055 0.14457999999999993 0.06640999999999997
6 0.87349 0.48241999999999996 0.14457999999999993 0.06639999999999996
6 0.87651 0.645505 0.14457999999999993 0.06641000000000008
6 0.7138549999999999 0.65332 0.14456999999999998 0.06640000000000001
6 0.28313 0.645505 0.14458000000000001 0.06641000000000008
6 0.1255015 0.65039 0.14457699999999998 0.06640000000000001
6 0.21134750000000002 0.799315 0.290165 0.07129000000000008
6 0.79518 0.80322 0.30522000000000005 0.07520000000000004
6 0.495985 0.33252000000000004 0.29719000000000007 0.06934000000000001
6 0.5005 0.479005 0.29618 0.06932999999999995
6 0.49899499999999997 0.6411150000000001 0.29719 0.06933
7 0.123995 0.163085 0.03312999999999999 0.07812999999999999
7 0.153615 0.163085 0.02409 0.07812999999999999
7 0.30472 0.16405999999999998 0.02510000000000001 0.07812
7 0.276605 0.16405999999999998 0.02910999999999997 0.07812
7 0.483435 0.161135 0.02910999999999997 0.07617
7 0.513555 0.161135 0.02910999999999997 0.07617
7 0.69679 0.16161999999999999 0.030120000000000036 0.07909999999999999
7 0.72691 0.16064499999999998 0.030120000000000036 0.07910999999999999
7 0.8795200000000001 0.16064499999999998 0.030120000000000036 0.07910999999999999
7 0.849395 0.16161999999999999 0.02811000000000008 0.07909999999999999
7 0.0933735 0.29932000000000003 0.012049000000000004 0.09081999999999996
7 0.166165 0.299805 0.019070000000000004 0.09178999999999998
7 0.24548 0.296875 0.015060000000000018 0.09179000000000004
7 0.311245 0.30078 0.014050000000000007 0.09179999999999999
7 0.45633 0.29541 0.015060000000000018 0.09082000000000001
7 0.53715 0.29639 0.014059999999999961 0.09082000000000001
7 0.6706799999999999 0.296875 0.014060000000000072 0.09179000000000004
7 0.75502 0.29785 0.014059999999999961 0.09179999999999999
7 0.8278099999999999 0.29883 0.015059999999999962 0.09179999999999999
7 0.9091400000000001 0.29785 0.015059999999999962 0.09179999999999999
7 0.9131549999999999 0.44628999999999996 0.01707000000000003 0.10156000000000004
7 0.8288150000000001 0.44628999999999996 0.01707000000000003 0.10156000000000004
7 0.756525 0.447265 0.01706999999999992 0.10157
7 0.672185 0.44823999999999997 0.01707000000000003 0.10156000000000004
7 0.45682500000000004 0.44628999999999996 0.018069999999999975 0.10156000000000004
7 0.245485 0.44922 0.01707000000000003 0.10155999999999998
7 0.329315 0.447755 0.018069999999999975 0.10059000000000001
7 0.0908635 0.44823999999999997 0.017069 0.10156000000000004
7 0.15261000000000002 0.44775 0.030120000000000008 0.09667999999999999
7 0.12198500000000001 0.608885 0.03313000000000001 0.09863
7 0.15261000000000002 0.609375 0.028120000000000006 0.10156999999999994
7 0.273595 0.609865 0.03112999999999999 0.10058999999999996
7 0.30472 0.61084 0.029120000000000035 0.10058
7 0.473395 0.6040000000000001 0.013050000000000006 0.09667999999999999
7 0.521085 0.605955 0.02810999999999997 0.09277000000000002
7 0.7329300000000001 0.60791 0.030120000000000036 0.10253999999999996
7 0.6772050000000001 0.604495 0.01707000000000003 0.10546999999999995
7 0.8840349999999999 0.6088899999999999 0.03112999999999999 0.09667999999999999
7 0.85191 0.6084 0.031119999999999925 0.09765999999999997
7 0.17168499999999998 0.7568349999999999 0.01607 0.10547000000000006
7 0.245485 0.7583 0.01707000000000003 0.10450000000000004
7 0.323295 0.760255 0.01607000000000003 0.10448999999999997
7 0.75 0.760745 0.016059999999999963 0.10546999999999995
7 0.67771 0.761715 0.016059999999999963 0.10546999999999995
7 0.91265 0.759275 0.016060000000000074 0.10448999999999997
7 0.8383499999999999 0.757815 0.010039999999999938 0.10546999999999995
8 0.42771000000000003 0.103517 0.03011999999999998 0.033206
8 0.57229 0.103517 0.030120000000000036 0.033206
8 0.5 0.7241200000000001 0.07430000000000003 0.09082000000000001
8 0.569275 0.745115 0.06225000000000003 0.06054999999999999
8 0.434235 0.7480450000000001 0.05723 0.06054999999999999
8 0.389555 0.23535 0.018069999999999975 0.04491999999999999
8 0.368975 0.2334 0.01707000000000003 0.04491999999999999
8 0.608935 0.234375 0.01706999999999992 0.044930000000000025
8 0.629015 0.23535 0.01706999999999992 0.04491999999999999
9 0.510543 0.05126940000000001 0.972894 0.0927732
9 0.4914685 0.349605 0.914663 0.03125
9 0.4994995 0.5 0.914661 0.03123999999999999
9 0.5080305 0.65625 0.915659 0.048820000000000086
10 0.38454 0.157225 0.02410000000000001 0.08399000000000001
10 0.61245 0.157225 0.02410000000000001 0.08399000000000001
10 0.38253000000000004 0.094236 0.03816000000000003 0.041988
10 0.612955 0.093263 0.037150000000000016 0.041994000000000004
10 0.37851500000000005 0.378415 0.04416999999999999 0.024410000000000043
10 0.61747 0.38037 0.04418 0.024419999999999997
10 0.378515 0.44238 0.036150000000000015 0.10352
10 0.6204799999999999 0.44336 0.03613999999999995 0.10352
10 0.6209800000000001 0.77197 0.015059999999999962 0.08496000000000004
10 0.37951999999999997 0.7709999999999999 0.01606000000000002 0.08496000000000004
10 0.37751 0.7133799999999999 0.036140000000000005 0.032220000000000026
10 0.6214850000000001 0.7133799999999999 0.036150000000000015 0.032220000000000026
10 0.38002 0.825195 0.02911999999999998 0.023430000000000062
10 0.620485 0.8261700000000001 0.02810999999999997 0.023440000000000016
10 0.0286145 0.0883815 0.053212999999999996 0.04199700000000001
10 0.025602549999999998 0.21875 0.0391569 0.2168
10 0.0251005 0.34131 0.046185 0.028320000000000012
10 0.0251005 0.371585 0.046185 0.03222999999999998
10 0.02459855 0.44433999999999996 0.0411649 0.11327999999999999
10 0.023594550000000002 0.59033 0.0391569 0.09082000000000001
10 0.0240965 0.6498999999999999 0.044176999999999994 0.028320000000000012
10 0.0235945 0.52295 0.043172999999999996 0.04393999999999998
10 0.0245985 0.67822 0.043172999999999996 0.028320000000000012
10 0.02409655 0.7348600000000001 0.0401609 0.08496000000000004
10 0.0256025 0.795895 0.047188999999999995 0.037109999999999976
10 0.02610455 0.917485 0.0421689 0.13379000000000008
10 0.0256025 0.83301 0.047188999999999995 0.03515999999999997
10 0.9754 0.218265 0.03915999999999997 0.21777
10 0.97641 0.34131 0.04518 0.028320000000000012
10 0.973395 0.08789 0.05120999999999998 0.04492
10 0.9804200000000001 0.436525 0.03514000000000006 0.08789000000000002
10 0.980925 0.589355 0.034129999999999994 0.09472999999999998
10 0.97992 0.733885 0.03414000000000006 0.09472999999999998
10 0.978915 0.92041 0.03815000000000002 0.13770000000000004
10 0.97691 0.83301 0.04618 0.03515999999999997
10 0.97892 0.79785 0.040159999999999973 0.03320000000000001
10 0.97942 0.67432 0.041159999999999974 0.022460000000000035
10 0.97992 0.6503950000000001 0.03815999999999997 0.025389999999999913
10 0.97992 0.489745 0.040159999999999973 0.01855000000000001
10 0.97892 0.520995 0.040159999999999973 0.04198999999999997
10 0.975905 0.373535 0.048189999999999955 0.036129999999999995
11 0.13805050000000002 0.91699 0.115459 0.14258000000000004
11 0.288655 0.9209 0.11546999999999999 0.14258000000000004
11 0.71536 0.9199200000000001 0.11546000000000001 0.14258000000000004
11 0.8679699999999999 0.9199200000000001 0.11546000000000001 0.14258000000000004
