1 0.50232 0.54664 0.33566 0.86334
1 0.17944000000000002 0.58026 0.3101 0.79176
1 0.843785 0.5705 0.31011 0.8243
2 0.41928 0.2538 0.03251999999999999 0.10846000000000003
2 0.50755 0.25813 0.03251999999999999 0.10846000000000003
2 0.59466 0.2603 0.03251999999999999 0.10845999999999997
2 0.59466 0.45119 0.03251999999999999 0.10846
2 0.50639 0.44469 0.03251999999999994 0.10846
2 0.41754 0.44035 0.03136 0.10846
2 0.41405000000000003 0.638825 0.03367999999999999 0.11497000000000002
2 0.50232 0.638825 0.03367999999999993 0.11497000000000002
2 0.58885 0.640995 0.03947999999999996 0.11497000000000002
2 0.754935 0.460955 0.03485000000000005 0.11497000000000002
2 0.83972 0.45987 0.03483999999999998 0.10846
2 0.75319 0.647505 0.03368000000000004 0.11497000000000002
2 0.8374 0.651845 0.03483999999999998 0.11497000000000002
2 0.754935 0.25921500000000003 0.02787000000000006 0.10629000000000002
2 0.825205 0.263555 0.02903 0.10628999999999997
2 0.29849 0.63666 0.030200000000000005 0.11495999999999995
2 0.303715 0.443605 0.02903 0.10629000000000005
2 0.1266 0.441435 0.03019999999999999 0.10629
2 0.123695 0.62907 0.02903 0.10846
2 0.21603 0.455535 0.030200000000000005 0.13449
2 0.21603 0.646425 0.030200000000000005 0.13449
2 0.1161435 0.836225 0.044133000000000006 0.14098999999999995
2 0.29152 0.838395 0.04413999999999996 0.14098999999999995
2 0.16260000000000002 0.253795 0.03716 0.07374999999999998
2 0.268295 0.25705 0.037170000000000036 0.07157999999999998
3 0.498255 0.868765 0.04180999999999996 0.19738999999999995
3 0.836235 0.8731 0.04413 0.19740000000000002
3 0.20732 0.86226 0.049939999999999984 0.19306
4 0.29617 0.560735 0.06503999999999999 0.04120999999999997
4 0.41173000000000004 0.557485 0.06387999999999999 0.03471000000000002
4 0.5 0.559655 0.06387999999999999 0.03471000000000002
4 0.58943 0.562905 0.06387999999999994 0.03686999999999996
4 0.41405000000000003 0.36768 0.06387999999999999 0.036880000000000024
4 0.50232 0.370935 0.06387999999999994 0.03471000000000002
4 0.5882700000000001 0.373105 0.06388000000000005 0.03470999999999996
4 0.921605 0.57592 0.059230000000000005 0.03254000000000001
4 0.83798 0.574835 0.05924000000000007 0.03471000000000002
4 0.752615 0.57158 0.058069999999999955 0.03254000000000001
4 0.12137200000000001 0.55857 0.05923600000000001 0.03254000000000001
5 0.41695499999999996 0.316705 0.05343000000000003 0.021689999999999987
5 0.505225 0.318875 0.051110000000000044 0.021689999999999987
5 0.5900099999999999 0.319955 0.048779999999999935 0.015189999999999981
5 0.58653 0.505425 0.048780000000000046 0.017349999999999977
5 0.50232 0.50434 0.04994000000000004 0.015179999999999971
5 0.41347 0.5 0.048780000000000046 0.015179999999999971
5 0.922185 0.520605 0.05110999999999999 0.013009999999999966
5 0.83972 0.51952 0.051100000000000034 0.015179999999999971
5 0.75203 0.51627 0.05225999999999997 0.013020000000000032
5 0.30081 0.50434 0.05109999999999998 0.015179999999999971
2 0.923925 0.463125 0.03369 0.10629
2 0.921605 0.651845 0.036009999999999986 0.11931000000000003
6 0.16899050000000002 0.50976 0.175379 0.12148000000000003
6 0.163182 0.703905 0.17537599999999998 0.10194999999999999
6 0.81591 0.73861 0.12427999999999995 0.12363999999999997
7 0.388505 0.25271499999999997 0.024390000000000023 0.11496999999999999
7 0.478515 0.25813 0.02091000000000004 0.10846000000000003
7 0.44309 0.253795 0.015100000000000002 0.11713000000000004
7 0.53136 0.255965 0.012779999999999903 0.11712999999999998
7 0.5632999999999999 0.25922 0.02090000000000003 0.11495999999999998
7 0.618465 0.258135 0.019750000000000045 0.11278999999999997
7 0.385015 0.439265 0.024390000000000023 0.11497000000000002
7 0.473865 0.4436 0.025550000000000017 0.11495999999999995
7 0.44135 0.44252 0.016259999999999997 0.11279999999999996
7 0.53136 0.44252 0.01973999999999998 0.11279999999999996
7 0.5592349999999999 0.444685 0.019750000000000045 0.11278999999999995
7 0.6184700000000001 0.44577 0.015100000000000002 0.11495999999999995
7 0.380375 0.633405 0.024389999999999967 0.12146999999999997
7 0.44193 0.633405 0.01973999999999998 0.12146999999999997
7 0.46748 0.63449 0.02205999999999997 0.11929999999999996
7 0.5284549999999999 0.63666 0.018589999999999995 0.11929999999999996
7 0.55575 0.637745 0.02205999999999997 0.11712999999999996
7 0.6149800000000001 0.63883 0.015100000000000002 0.11929999999999996
7 0.72532 0.45553 0.01973999999999998 0.11280000000000001
7 0.78223 0.4577 0.01973999999999998 0.11280000000000001
7 0.809525 0.4577 0.020910000000000095 0.11280000000000001
7 0.865855 0.45987 0.019750000000000045 0.11280000000000001
7 0.89489 0.463125 0.01973999999999998 0.11497000000000002
7 0.9506399999999999 0.46204 0.01973999999999998 0.10846
7 0.948315 0.649675 0.019749999999999934 0.11931000000000003
7 0.891405 0.649675 0.019749999999999934 0.11931000000000003
7 0.86469 0.649675 0.01973999999999998 0.11931000000000003
7 0.80836 0.65076 0.01858000000000004 0.11714000000000002
7 0.78049 0.647505 0.01858000000000004 0.11931000000000003
7 0.721835 0.647505 0.019749999999999934 0.11931000000000003
7 0.270615 0.444685 0.018589999999999995 0.11278999999999995
7 0.326365 0.44577 0.01161000000000001 0.11062
7 0.15156999999999998 0.439265 0.01742000000000002 0.11497000000000002
7 0.093496 0.442515 0.022068000000000004 0.11712999999999996
7 0.08827099999999999 0.63232 0.027878 0.11929999999999996
7 0.14924500000000002 0.63232 0.01509000000000002 0.11495999999999995
7 0.26597000000000004 0.635575 0.02555999999999997 0.11278999999999995
7 0.077236 0.835145 0.024389999999999995 0.13883
7 0.255515 0.83731 0.023229999999999973 0.13881999999999994
7 0.14576 0.834055 0.01741999999999999 0.14532999999999996
9 0.501745 0.71692 0.32985 0.045560000000000045
9 0.8461099999999999 0.729935 0.30545999999999995 0.04988999999999999
9 0.1806025 0.71475 0.30545500000000003 0.049900000000000055
9 0.1806025 0.322125 0.30545500000000003 0.04988999999999999
9 0.504645 0.144255 0.32869 0.04988999999999999
9 0.842625 0.348155 0.30545 0.04988999999999999
11 0.7502899999999999 0.8449 0.06735999999999998 0.14100000000000001
11 0.5894299999999999 0.85575 0.11034 0.17135999999999996
11 0.58943 0.74946 0.11498000000000008 0.028200000000000003
11 0.6533100000000001 0.767895 0.05924000000000007 0.04339000000000004
11 0.429735 0.85358 0.07200999999999996 0.18003999999999998
