1 0.46988 0.522389 0.70568 0.9509620000000001
2 0.26076 0.189765 0.060240000000000016 0.09381
2 0.23408 0.378465 0.04820000000000002 0.10875000000000001
2 0.290875 0.38166500000000003 0.04819000000000001 0.11086999999999997
2 0.7504299999999999 0.32942499999999997 0.05164000000000002 0.11301
2 0.68933 0.327295 0.049919999999999964 0.11301
2 0.62995 0.327295 0.05164000000000002 0.11301
2 0.63167 0.54584 0.05164000000000002 0.11514000000000002
2 0.6910499999999999 0.542645 0.049920000000000075 0.11300999999999994
2 0.74785 0.54371 0.049919999999999964 0.11514000000000002
2 0.23408 0.585285 0.04820000000000002 0.1172700000000001
2 0.29346 0.585285 0.046479999999999966 0.1172700000000001
2 0.291735 0.79531 0.04647000000000001 0.11514000000000002
2 0.233215 0.794245 0.04647000000000001 0.11726999999999999
2 0.63167 0.755865 0.04819999999999991 0.11726999999999999
2 0.689325 0.753735 0.04647000000000001 0.11726999999999999
2 0.74871 0.753735 0.04820000000000002 0.11726999999999999
2 0.44750500000000004 0.173775 0.02409 0.07037000000000002
2 0.5284 0.16951 0.02410000000000001 0.061840000000000006
2 0.48709 0.17697 0.03441999999999995 0.09808
2 0.48709 0.5735600000000001 0.11016000000000004 0.11940000000000006
2 0.48709 0.35180999999999996 0.11016000000000004 0.1194
2 0.48451 0.7846500000000001 0.11187999999999998 0.14072000000000007
2 0.5 0.920045 0.04648000000000002 0.05330999999999997
2 0.443205 0.92111 0.04303000000000001 0.05118
4 0.258175 0.11194200000000001 0.09294999999999998 0.04051600000000001
5 0.2599 0.4403 0.12047999999999998 0.02345999999999998
5 0.26334 0.64819 0.12047999999999998 0.021320000000000006
6 0.46730000000000005 0.405115 0.23580000000000007 0.11087000000000002
6 0.4716 0.20789000000000002 0.20654 0.12154000000000001
6 0.46902 0.6119399999999999 0.2358 0.11087999999999998
6 0.46644 0.83582 0.23752000000000006 0.11088000000000009
7 0.26076 0.168445 0.05679999999999996 0.04690999999999998
7 0.23408 0.37526499999999996 0.0413 0.09381
7 0.290875 0.3774 0.04130999999999996 0.09382000000000001
7 0.48536999999999997 0.33582 0.10327999999999998 0.06609999999999999
9 0.23236 0.28891 0.21341999999999997 0.08316000000000001
10 0.36058999999999997 0.62154 0.029260000000000008 0.65032
10 0.5800350000000001 0.6258 0.027529999999999943 0.65032
10 0.357145 0.278255 0.04647000000000001 0.036250000000000004
10 0.579175 0.282515 0.04647000000000001 0.036250000000000004
