1 0.5014793 0.5041494 0.9970414 0.9917012
2 0.17308 0.192945 0.07987999999999998 0.17843000000000003
2 0.176035 0.5062249999999999 0.07396999999999998 0.19086999999999998
2 0.17899 0.81535 0.07988 0.17842000000000002
2 0.71302 0.19709500000000002 0.07691999999999999 0.17843
2 0.717455 0.5083 0.07396999999999998 0.18672
2 0.9363900000000001 0.201245 0.07395999999999991 0.17842999999999998
2 0.94083 0.514525 0.07691999999999999 0.18256999999999995
2 0.93787 0.8278000000000001 0.07099999999999995 0.15352
2 0.48521 0.19087300000000001 0.07691999999999999 0.190874
2 0.488165 0.5062249999999999 0.07693000000000005 0.19086999999999998
2 0.489645 0.838175 0.07989000000000002 0.1908700000000001
2 0.402365 0.203318 0.07100999999999996 0.21576399999999996
2 0.405325 0.5166 0.07101000000000002 0.21992
2 0.41124499999999997 0.8444 0.07100999999999996 0.21992
5 0.174555 0.302905 0.13017 0.05809000000000003
5 0.7189350000000001 0.311205 0.13017 0.058089999999999975
5 0.9363900000000001 0.30913 0.12130000000000007 0.05393999999999999
5 0.93787 0.618255 0.11834 0.04979
5 0.717455 0.618255 0.12130999999999992 0.04979
5 0.176035 0.61618 0.12721 0.05393999999999999
5 0.17751 0.94813 0.12426 0.09543999999999997
6 0.445265 0.284235 0.28107 0.14523
6 0.451185 0.607885 0.28107000000000004 0.14522999999999997
6 0.443785 0.9253100000000001 0.26627 0.14937999999999996
4 0.1716 0.078836 0.13018000000000002 0.049788000000000006
4 0.17307499999999998 0.36929500000000004 0.13313 0.04148999999999997
4 0.720415 0.0829855 0.13312999999999997 0.041489000000000005
4 0.93343 0.0829855 0.12722 0.041489000000000005
4 0.7145 0.37137 0.13314000000000004 0.04563999999999996
4 0.93491 0.36929500000000004 0.12426000000000004 0.04148999999999997
4 0.174555 0.655605 0.14793 0.08299000000000001
4 0.713015 0.6638999999999999 0.14793 0.08297999999999994
4 0.9304749999999999 0.661825 0.13313000000000008 0.07882999999999996
7 0.17751499999999998 0.51245 0.06509000000000001 0.17012
7 0.173075 0.14315 0.06805 0.062240000000000004
7 0.713015 0.157675 0.07101000000000002 0.09958999999999998
7 0.40532500000000005 0.5166 0.05917 0.21162000000000003
7 0.48668500000000003 0.50415 0.06213000000000002 0.17842000000000002
9 0.5073965 0.290455 0.9852069999999999 0.03319
9 0.50295785 0.080913 0.9881643 0.03734400000000001
2 0.718935 0.8174250000000001 0.08285000000000009 0.17427000000000004
4 0.445265 0.060166000000000004 0.27515 0.062240000000000004
