1 0.547855 0.4776105 0.78125 0.8955190000000001
2 0.46338 0.25305500000000003 0.06152000000000002 0.12347000000000002
2 0.64844 0.25373 0.0625 0.12212
2 0.83105 0.25509 0.0625 0.12211999999999998
2 0.273925 0.252375 0.06153000000000003 0.12211
2 0.27148 0.5108550000000001 0.0625 0.14788999999999997
2 0.46191 0.5101800000000001 0.0625 0.14654
2 0.64941 0.5095000000000001 0.0625 0.14790000000000003
2 0.83008 0.5101800000000001 0.0625 0.14654
2 0.073729 0.312075 0.055661999999999996 0.13568999999999998
2 0.07617399999999999 0.107871 0.048832 0.088198
2 0.071289 0.541385 0.050782 0.13569000000000003
3 0.22559 0.8052900000000001 0.06836 0.23202
3 0.311525 0.8059700000000001 0.07030999999999998 0.23338000000000003
4 0.075197 0.22727 0.09570600000000001 0.042059999999999986
4 0.0761705 0.449795 0.107419 0.05562999999999996
4 0.27246000000000004 0.402985 0.10352 0.07055
4 0.46630499999999997 0.40095000000000003 0.10448999999999997 0.07192000000000004
4 0.651365 0.40095000000000003 0.10350999999999999 0.07192000000000004
4 0.83203 0.40163000000000004 0.10351999999999995 0.07056000000000001
5 0.075195 0.1635 0.08202999999999999 0.031200000000000006
5 0.27441499999999996 0.33853500000000003 0.10547000000000001 0.06104999999999999
5 0.46338 0.3365 0.10840000000000005 0.054279999999999995
5 0.6498999999999999 0.339895 0.10839999999999994 0.05562999999999996
5 0.83154 0.337855 0.10839999999999994 0.054269999999999985
5 0.27051000000000003 0.6139749999999999 0.08983999999999998 0.06649000000000005
5 0.46094 0.6126199999999999 0.08983999999999998 0.06647999999999998
5 0.6498999999999999 0.6119399999999999 0.09082000000000001 0.06511999999999996
5 0.82959 0.6132949999999999 0.09082000000000001 0.06513000000000002
9 0.5473600000000001 0.111261 0.7666000000000001 0.146538
9 0.549315 0.66893 0.77637 0.054279999999999995
10 0.189455 0.3962 0.03125 0.36905999999999994
10 0.355955 0.39756 0.032230000000000036 0.36906
10 0.554685 0.39756 0.03125 0.36906
10 0.741215 0.39756 0.03125 0.36906
10 0.909175 0.39756 0.03125 0.36906
10 0.188965 0.6126149999999999 0.04003000000000001 0.06377
10 0.35596 0.6126149999999999 0.040039999999999965 0.06377
10 0.55518 0.6139749999999999 0.040040000000000076 0.06377
10 0.7397499999999999 0.6132949999999999 0.040039999999999965 0.062409999999999966
10 0.90967 0.6139749999999999 0.040039999999999965 0.06377
10 0.190915 0.18656499999999998 0.04199 0.047490000000000004
10 0.35497999999999996 0.187925 0.04199999999999998 0.047490000000000004
10 0.5542 0.187925 0.04200000000000004 0.047490000000000004
10 0.740725 0.188605 0.04198999999999997 0.048850000000000005
10 0.907715 0.188605 0.04199000000000008 0.048850000000000005
11 0.0693345 0.8039350000000001 0.064451 0.19403000000000004
11 0.01757805 0.67232 0.031249900000000004 0.03934000000000004
11 0.36426000000000003 0.755765 0.015620000000000023 0.09769000000000005
11 0.5537099999999999 0.79308 0.041019999999999945 0.10176000000000007
11 0.46973 0.8073300000000001 0.08007999999999993 0.22524
11 0.657225 0.8052900000000001 0.0898500000000001 0.22660000000000002
11 0.8349599999999999 0.8100400000000001 0.09765999999999997 0.22524
11 0.92285 0.79851 0.029299999999999993 0.08548
11 0.81885 0.6784250000000001 0.12012 0.029850000000000043
8 0.13086 0.630935 0.03515999999999998 0.12483
8 0.95166 0.63365 0.05175999999999992 0.11940000000000006
8 0.5595699999999999 0.5095 0.03710000000000002 0.05834
