1 0.519725 0.5022332 0.91595 0.9910736
2 0.301025 0.16518 0.039449999999999985 0.0625
2 0.17753 0.174105 0.07375999999999999 0.03125
2 0.7367049999999999 0.16518 0.039450000000000096 0.0625
2 0.849915 0.174105 0.06689 0.03125
2 0.192965 0.36495999999999995 0.06003 0.11384
2 0.39108 0.36272000000000004 0.05831999999999998 0.11384
2 0.19211 0.5725450000000001 0.05831999999999998 0.11831000000000003
2 0.39194 0.5725450000000001 0.06003999999999998 0.11831000000000003
2 0.192965 0.7845949999999999 0.06003 0.12276999999999993
2 0.393655 0.7845949999999999 0.06002999999999997 0.12276999999999993
2 0.52144 0.36272499999999996 0.05831999999999998 0.10937000000000002
2 0.65266 0.36272000000000004 0.056599999999999984 0.11384
2 0.58748 0.38058000000000003 0.056599999999999984 0.14955999999999997
2 0.84477 0.36719 0.07376000000000005 0.09598000000000001
2 0.849915 0.572545 0.07374999999999998 0.09599000000000002
2 0.8567750000000001 0.780135 0.0737500000000001 0.10936999999999997
2 0.5660400000000001 0.55804 0.037739999999999996 0.125
2 0.616635 0.554685 0.039449999999999985 0.12722999999999995
2 0.65866 0.5591550000000001 0.02744000000000002 0.12723000000000007
2 0.5188649999999999 0.561385 0.03259000000000001 0.12723
2 0.568615 0.771205 0.039449999999999985 0.12722999999999995
2 0.618355 0.773435 0.039449999999999985 0.12722999999999995
2 0.6629499999999999 0.7779050000000001 0.029159999999999964 0.12723000000000007
2 0.52058 0.77679 0.03602000000000005 0.125
2 0.9022300000000001 0.36719 0.02744000000000002 0.09151999999999999
2 0.787305 0.36495500000000003 0.027449999999999974 0.09151000000000004
2 0.9082300000000001 0.5725450000000001 0.029159999999999964 0.10045000000000004
2 0.791595 0.574775 0.02915000000000001 0.10045000000000004
2 0.91681 0.77902 0.029160000000000075 0.10268
2 0.79846 0.779015 0.029159999999999964 0.11160999999999999
2 0.51801 0.15402 0.09605999999999998 0.08928
2 0.51715 0.0390625 0.029160000000000075 0.05580299999999999
2 0.6363650000000001 0.9486650000000001 0.04459000000000002 0.053570000000000007
2 0.5557449999999999 0.9497800000000001 0.04459000000000002 0.05579999999999996
2 0.86278 0.9430799999999999 0.0343 0.05134000000000005
2 0.917665 0.94085 0.03430999999999995 0.05134000000000005
2 0.81132 0.9430799999999999 0.0343 0.05134000000000005
2 0.35763 0.939735 0.029159999999999964 0.03125
2 0.42024 0.939735 0.03088000000000002 0.03125
2 0.18782500000000002 0.95424 0.07719000000000001 0.05133999999999994
5 0.19211 0.640625 0.09261999999999998 0.02679000000000009
5 0.39022500000000004 0.638395 0.09090999999999999 0.02678999999999998
5 0.39193500000000003 0.8482149999999999 0.09090999999999999 0.017850000000000033
5 0.19211 0.851565 0.09261999999999998 0.02008999999999994
5 0.861065 0.8404050000000001 0.16466999999999998 0.020090000000000052
6 0.584905 0.43415499999999996 0.24013 0.10044999999999998
9 0.5231585000000001 0.235495 0.891943 0.08258999999999997
9 0.523158 0.696425 0.8988039999999999 0.03125
10 0.30017 0.487725 0.041159999999999974 0.36831
10 0.08405 0.49219 0.037739999999999996 0.36830000000000007
10 0.745285 0.472095 0.039449999999999985 0.33704999999999996
10 0.30017000000000005 0.6841550000000001 0.051460000000000006 0.02454999999999996
10 0.08576249999999999 0.68527 0.04459500000000001 0.017859999999999987
10 0.0874775 0.289065 0.04802500000000001 0.037949999999999984
10 0.298455 0.285715 0.05489000000000005 0.03571000000000002
10 0.7418549999999999 0.285715 0.05317000000000005 0.03571000000000002
4 0.301885 0.0848235 0.08918999999999999 0.071433
4 0.7367049999999999 0.08482050000000001 0.09090999999999994 0.084819
