1 0.504594 0.5058575 0.8591120000000001 0.986325
2 0.18683 0.16406 0.06125999999999998 0.0918
2 0.25804 0.16504000000000002 0.059719999999999995 0.08984
2 0.47013499999999997 0.16455 0.05819000000000002 0.09082000000000001
2 0.54135 0.16504 0.059719999999999995 0.09179999999999999
2 0.75957 0.163085 0.05820000000000003 0.08985
2 0.833075 0.163085 0.058189999999999964 0.08985
2 0.22052 0.33008 0.1317 0.08594000000000002
2 0.50536 0.328615 0.13169999999999998 0.08690999999999999
2 0.7909649999999999 0.32959 0.13017 0.08692
2 0.222815 0.48975 0.12711 0.09081999999999996
2 0.50536 0.48975 0.12558000000000002 0.09081999999999996
2 0.794025 0.48975 0.12711000000000006 0.09081999999999996
2 0.222815 0.6543 0.12711 0.08983999999999992
2 0.50689 0.65381 0.12557999999999997 0.0908199999999999
2 0.794025 0.65381 0.12711000000000006 0.0908199999999999
2 0.21975499999999998 0.8203100000000001 0.11484999999999998 0.08984000000000003
2 0.7932600000000001 0.819335 0.11638000000000004 0.09179000000000004
2 0.41730500000000004 0.8188500000000001 0.08422999999999997 0.09082000000000001
2 0.59954 0.8212900000000001 0.08116000000000001 0.09179999999999999
3 0.5949450000000001 0.954105 0.10567000000000004 0.08203000000000005
3 0.41424 0.944825 0.10260000000000002 0.10448999999999997
5 0.22052 0.399905 0.15925999999999998 0.06542999999999999
5 0.50536 0.400875 0.15313999999999994 0.06542999999999999
5 0.7932600000000001 0.40039 0.15313999999999994 0.0625
5 0.21822 0.563475 0.18836000000000003 0.06640999999999997
5 0.50689 0.563965 0.17763999999999996 0.06738999999999995
5 0.79479 0.56201 0.17764000000000002 0.06738
8 0.41347500000000004 0.861815 0.18070999999999998 0.061530000000000085
9 0.5045925 0.0546875 0.8437950000000001 0.07617099999999999
9 0.505362 0.237795 0.848396 0.047850000000000004
9 0.5045919999999999 0.6879850000000001 0.8468559999999999 0.11035000000000006
9 0.49693600000000004 0.885255 0.834608 0.043949999999999934
10 0.39432999999999996 0.47363 0.05665999999999999 0.30664
10 0.33155 0.47314500000000004 0.05665999999999999 0.30761
10 0.1049 0.47265999999999997 0.05665999999999999 0.30663999999999997
10 0.6194500000000001 0.47168 0.056660000000000044 0.30664
10 0.68224 0.47265999999999997 0.056660000000000044 0.30663999999999997
10 0.9058200000000001 0.47363 0.056660000000000044 0.30664
10 0.6194500000000001 0.6293949999999999 0.056660000000000044 0.008789999999999965
10 0.68224 0.629885 0.056660000000000044 0.007809999999999984
10 0.90735 0.62988 0.05665999999999993 0.005859999999999976
10 0.39432999999999996 0.6303749999999999 0.05665999999999999 0.008789999999999965
10 0.33308000000000004 0.6303749999999999 0.05665999999999999 0.008789999999999965
10 0.1064305 0.6303749999999999 0.05665899999999999 0.008789999999999965
8 0.33078 0.11327999999999999 0.052059999999999995 0.009760000000000005
8 0.39280000000000004 0.11426 0.050539999999999974 0.011720000000000008
8 0.6171549999999999 0.11327999999999999 0.05513000000000001 0.011719999999999994
8 0.68377 0.113285 0.05665999999999993 0.013670000000000002
8 0.105665 0.11133 0.05818999999999999 0.009759999999999991
8 0.906585 0.11279 0.04901 0.01074
11 0.79479 0.886715 0.19602000000000008 0.025390000000000024
11 0.7902 0.95459 0.12558000000000002 0.08496000000000004
3 0.21439999999999998 0.955565 0.1317 0.08301000000000003
10 0.10490050000000001 0.28613500000000003 0.05359900000000001 0.06641000000000002
10 0.33078 0.28662 0.052059999999999995 0.06738
10 0.39433 0.28613500000000003 0.05359999999999998 0.06641000000000002
10 0.6194500000000001 0.28613500000000003 0.05053999999999992 0.06641000000000002
10 0.681475 0.28564500000000004 0.05513000000000001 0.06739
10 0.9058200000000001 0.28662 0.05053999999999992 0.06738
