1 0.49609485000000003 0.503 0.9863303 0.994
2 0.0717775 0.349 0.03613299999999999 0.09800000000000003
2 0.16699 0.349 0.035160000000000025 0.09800000000000003
2 0.262205 0.347 0.03613000000000002 0.09800000000000003
2 0.919435 0.35 0.036129999999999995 0.09600000000000003
2 0.82324 0.349 0.03515999999999997 0.09800000000000003
2 0.7275400000000001 0.347 0.03515999999999997 0.09800000000000003
2 0.59082 0.349 0.03516000000000008 0.09800000000000003
2 0.49463 0.35 0.03614000000000006 0.09600000000000003
2 0.39844 0.346 0.035160000000000025 0.09600000000000003
2 0.922855 0.595 0.037109999999999976 0.118
2 0.825195 0.5960000000000001 0.037109999999999976 0.12
2 0.728515 0.5960000000000001 0.037109999999999976 0.12
2 0.592775 0.6000000000000001 0.03711000000000009 0.12
2 0.495605 0.5980000000000001 0.03809000000000007 0.12
2 0.398435 0.599 0.03711000000000003 0.118
2 0.263675 0.5980000000000001 0.037109999999999976 0.12
2 0.16406500000000002 0.5960000000000001 0.037110000000000004 0.12
2 0.07128899999999999 0.5960000000000001 0.03710999999999999 0.12
3 0.49951 0.866 0.06347999999999998 0.244
4 0.0698235 0.497 0.081053 0.05400000000000005
4 0.163575 0.501 0.08105 0.05400000000000005
4 0.262205 0.501 0.08105000000000001 0.05400000000000005
4 0.731445 0.495 0.08007000000000009 0.05399999999999999
4 0.828125 0.499 0.08007000000000009 0.05400000000000005
4 0.922365 0.499 0.08105000000000007 0.05400000000000005
6 0.0717775 0.6779999999999999 0.040039000000000005 0.039999999999999925
6 0.16748000000000002 0.679 0.04003999999999999 0.041999999999999926
6 0.26317999999999997 0.681 0.04004000000000002 0.041999999999999926
6 0.9213899999999999 0.675 0.040039999999999965 0.041999999999999926
6 0.82568 0.677 0.040039999999999965 0.041999999999999926
6 0.72803 0.679 0.040039999999999965 0.041999999999999926
6 0.601075 0.6659999999999999 0.07518999999999998 0.04799999999999993
6 0.49756 0.665 0.07519999999999999 0.04999999999999993
6 0.395995 0.665 0.07518999999999998 0.04999999999999993
7 0.085449 0.35 0.006835999999999995 0.09200000000000003
7 0.180175 0.35 0.006830000000000003 0.09200000000000003
7 0.248535 0.348 0.006830000000000003 0.09200000000000003
7 0.27588 0.348 0.006840000000000013 0.09200000000000003
7 0.382815 0.348 0.009770000000000001 0.09600000000000003
7 0.41211 0.348 0.007819999999999994 0.09600000000000003
7 0.48096 0.35 0.006839999999999957 0.09600000000000003
7 0.576175 0.35 0.007810000000000095 0.09600000000000003
7 0.604495 0.345 0.007810000000000095 0.09800000000000003
7 0.740235 0.347 0.007809999999999984 0.09800000000000003
7 0.71338 0.349 0.006839999999999957 0.09800000000000003
7 0.80957 0.346 0.007819999999999938 0.09600000000000003
7 0.047851500000000005 0.5940000000000001 0.009765000000000003 0.124
7 0.090332 0.5960000000000001 0.010742000000000002 0.124
7 0.14404 0.5940000000000001 0.01074 0.124
7 0.18701 0.5960000000000001 0.01074 0.124
7 0.25049 0.597 0.010739999999999972 0.118
7 0.27539 0.5980000000000001 0.009760000000000046 0.11599999999999999
7 0.37890500000000005 0.597 0.009770000000000001 0.122
7 0.42041 0.597 0.010739999999999972 0.122
7 0.47412 0.599 0.010740000000000027 0.122
7 0.5161100000000001 0.599 0.010740000000000083 0.122
7 0.570315 0.597 0.009770000000000056 0.122
7 0.61475 0.597 0.010739999999999972 0.122
7 0.751465 0.595 0.010749999999999926 0.122
7 0.708985 0.593 0.009770000000000056 0.122
7 0.805175 0.593 0.010750000000000037 0.122
7 0.848635 0.595 0.009769999999999945 0.122
7 0.9443349999999999 0.591 0.009769999999999945 0.122
7 0.901365 0.5920000000000001 0.009769999999999945 0.124
6 0.17382625 0.087 0.3320275 0.041999999999999996
6 0.819825 0.08399999999999999 0.33104999999999996 0.039999999999999994
8 0.49463 0.47 0.05176000000000003 0.08000000000000002
8 0.49512 0.303 0.035160000000000025 0.10999999999999999
8 0.576175 0.026 0.025390000000000024 0.036
8 0.414065 0.026 0.025389999999999968 0.036
8 0.49365499999999995 0.028 0.07715 0.036
8 0.050781 0.752 0.021484000000000003 0.03600000000000003
8 0.0957055 0.75 0.021489000000000008 0.03600000000000003
8 0.146485 0.752 0.02149000000000001 0.03600000000000003
8 0.19091999999999998 0.752 0.022460000000000008 0.03600000000000003
8 0.28711 0.754 0.02148 0.03600000000000003
8 0.24219 0.754 0.02148 0.03600000000000003
8 0.398925 0.8480000000000001 0.032230000000000036 0.136
8 0.597655 0.849 0.03125 0.134
8 0.706055 0.753 0.02149000000000001 0.038000000000000034
8 0.750975 0.752 0.021489999999999898 0.03600000000000003
8 0.80176 0.753 0.021480000000000055 0.038000000000000034
8 0.848145 0.75 0.02246999999999999 0.03600000000000003
8 0.8974599999999999 0.75 0.021480000000000055 0.03600000000000003
8 0.944335 0.75 0.02149000000000001 0.03600000000000003
9 0.49609625 0.19 0.9765675 0.124
9 0.4975578 0.71 0.9755843999999999 0.04799999999999993
10 0.344725 0.437 0.019530000000000047 0.378
10 0.445315 0.438 0.019529999999999992 0.376
10 0.543945 0.436 0.019530000000000047 0.376
10 0.646485 0.439 0.019530000000000047 0.378
10 0.343265 0.659 0.03222999999999998 0.06599999999999995
10 0.4458 0.661 0.03221999999999997 0.06599999999999995
10 0.547365 0.659 0.03222999999999998 0.06599999999999995
10 0.649905 0.6599999999999999 0.03222999999999998 0.05999999999999994
10 0.3418 0.23399999999999999 0.03320000000000001 0.032
10 0.44482 0.236 0.03417999999999999 0.027999999999999997
10 0.54541 0.235 0.03417999999999999 0.025999999999999995
10 0.64795 0.238 0.03417999999999999 0.027999999999999997
11 0.0742185 0.867 0.04687500000000001 0.20599999999999996
11 0.17041 0.867 0.047860000000000014 0.20599999999999996
11 0.266115 0.869 0.04785000000000003 0.20599999999999996
11 0.9199200000000001 0.867 0.04687999999999992 0.21799999999999997
11 0.82422 0.869 0.04687999999999992 0.21799999999999997
11 0.728515 0.868 0.04686999999999997 0.21199999999999997
