1 0.4942695 0.4999977 0.914041 0.9946046
2 0.4255 0.20755 0.07163999999999998 0.10782000000000003
2 0.59169 0.20484999999999998 0.07164000000000004 0.10782
2 0.176215 0.43127 0.07163 0.10782000000000003
2 0.4255 0.41779 0.07735999999999998 0.11319999999999997
2 0.59599 0.41779 0.07450000000000001 0.11319999999999997
2 0.8065899999999999 0.42857500000000004 0.07735999999999998 0.11320999999999998
2 0.179085 0.6347700000000001 0.07163 0.11052000000000006
2 0.8123199999999999 0.63342 0.07735999999999998 0.10782000000000003
2 0.595985 0.64555 0.06877 0.15364
2 0.432665 0.6495949999999999 0.06877 0.15095000000000003
2 0.180515 0.84771 0.06877 0.1159
2 0.43266499999999997 0.8490599999999999 0.07449 0.11859999999999993
2 0.5974200000000001 0.84636 0.07164000000000004 0.11860000000000004
2 0.809455 0.8490599999999999 0.07162999999999997 0.11859999999999993
5 0.179085 0.490565 0.11175 0.021569999999999978
5 0.181945 0.69542 0.11175000000000002 0.021560000000000024
5 0.179085 0.909705 0.11175 0.018869999999999942
5 0.43553 0.913745 0.10888000000000003 0.021569999999999978
5 0.600285 0.91105 0.11175000000000002 0.021560000000000024
5 0.80802 0.909705 0.10887999999999998 0.018869999999999942
5 0.8123199999999999 0.69003 0.11174000000000006 0.021560000000000024
5 0.809455 0.48787 0.11175000000000002 0.021559999999999968
5 0.597425 0.479785 0.11175000000000002 0.021570000000000034
5 0.43266499999999997 0.47709 0.10315000000000002 0.021560000000000024
5 0.594555 0.26415 0.1117499999999999 0.021560000000000024
5 0.4298 0.26415 0.10887999999999998 0.021560000000000024
6 0.54871 0.7237199999999999 0.39828 0.14824000000000004
6 0.48997 0.070081 0.6131800000000001 0.118598
9 0.497133 0.214285 0.8911140000000001 0.08355000000000001
