2 0.83887 0.89655 0.03320000000000001 0.07609999999999995
2 0.75928 0.8959550000000001 0.03417999999999999 0.07490999999999992
2 0.649905 0.89774 0.036129999999999995 0.07372000000000001
2 0.55322 0.89655 0.03417999999999999 0.07609999999999995
2 0.48486 0.89655 0.03417999999999999 0.07609999999999995
2 0.41553 0.89655 0.03417999999999999 0.07609999999999995
2 0.34619 0.89774 0.03417999999999999 0.07610000000000006
1 0.59424 0.62782 0.6025400000000001 0.73246
2 0.347655 0.7479199999999999 0.03320999999999996 0.07609999999999995
2 0.555175 0.748515 0.03222999999999998 0.07728999999999997
2 0.48633 0.748515 0.03320000000000001 0.07728999999999997
2 0.41747999999999996 0.7479199999999999 0.03221999999999997 0.07609999999999995
2 0.63965 0.725325 0.039059999999999984 0.08322999999999992
2 0.759765 0.747325 0.037109999999999976 0.07728999999999997
2 0.83838 0.7479199999999999 0.03614000000000006 0.07609999999999995
2 0.7587900000000001 0.591555 0.03515999999999997 0.07967000000000002
2 0.837405 0.591555 0.03222999999999998 0.07967000000000002
2 0.837405 0.44233 0.03222999999999998 0.06896000000000002
2 0.759275 0.44233 0.03222999999999998 0.06896000000000002
2 0.63965 0.39596 0.03320000000000001 0.07372000000000001
2 0.640135 0.55767 0.036129999999999995 0.08323999999999998
2 0.555665 0.591555 0.03125 0.07967000000000002
2 0.5561499999999999 0.442925 0.028320000000000012 0.06777
2 0.418455 0.591555 0.032230000000000036 0.07967000000000002
2 0.486325 0.59215 0.03125 0.07848
2 0.34912 0.59215 0.03417999999999999 0.07848
2 0.48779 0.44233 0.028320000000000012 0.06896000000000002
2 0.418945 0.44233 0.029289999999999983 0.06896000000000002
2 0.350095 0.44233 0.03027000000000002 0.06657999999999997
2 0.251955 0.44471 0.031249999999999972 0.05469999999999997
2 0.213865 0.44530499999999995 0.03125 0.05351
2 0.16455 0.45006 0.026359999999999995 0.05349999999999999
2 0.127925 0.45006 0.031250000000000014 0.05349999999999999
2 0.231445 0.5915600000000001 0.04101000000000002 0.08204
2 0.22949 0.744355 0.04102 0.08560999999999996
2 0.9453100000000001 0.44054499999999996 0.03320000000000001 0.07729000000000003
2 0.946775 0.5897749999999999 0.036129999999999995 0.08084999999999998
5 0.34863500000000003 0.65755 0.058589999999999975 0.05708000000000002
5 0.416995 0.65755 0.054690000000000016 0.05708000000000002
5 0.484865 0.65993 0.05370999999999998 0.05708000000000002
5 0.5556650000000001 0.65755 0.054690000000000016 0.05708000000000002
5 0.639645 0.6278250000000001 0.054690000000000016 0.057070000000000065
5 0.83789 0.65874 0.05468000000000006 0.05708000000000002
5 0.75586 0.65755 0.05468000000000006 0.05708000000000002
5 0.345215 0.797265 0.05567 0.029730000000000034
5 0.41503999999999996 0.79905 0.054680000000000006 0.02854000000000001
5 0.48584000000000005 0.79905 0.053720000000000045 0.026160000000000072
5 0.55371 0.79905 0.05274000000000001 0.026160000000000072
5 0.63916 0.7788349999999999 0.05371999999999999 0.026150000000000007
5 0.83691 0.798455 0.056640000000000024 0.027349999999999985
5 0.75879 0.797265 0.056640000000000024 0.027349999999999985
5 0.944825 0.65696 0.053710000000000035 0.06302000000000008
6 0.231445 0.648035 0.046869999999999995 0.03329000000000004
6 0.22802499999999998 0.8002400000000001 0.05371000000000001 0.030919999999999948
4 0.34961 0.39298500000000003 0.044920000000000015 0.02735000000000004
4 0.41796999999999995 0.394175 0.044920000000000015 0.027349999999999985
4 0.48828 0.394175 0.04491999999999996 0.027349999999999985
4 0.55566 0.39298500000000003 0.04491999999999996 0.02735000000000004
4 0.7587900000000001 0.394175 0.04491999999999996 0.027349999999999985
4 0.8369150000000001 0.394175 0.044930000000000025 0.027349999999999985
4 0.947265 0.39477 0.044930000000000025 0.021399999999999975
4 0.63818 0.34126 0.05176000000000003 0.02854000000000001
8 0.640625 0.5017849999999999 0.04686999999999997 0.03328999999999993
8 0.5556650000000001 0.5392399999999999 0.042970000000000064 0.034479999999999955
8 0.48828499999999997 0.54043 0.04296999999999995 0.034479999999999955
8 0.41747999999999996 0.54162 0.043940000000000035 0.034480000000000066
8 0.34863500000000003 0.5410250000000001 0.04297000000000001 0.03566999999999998
8 0.8383799999999999 0.54043 0.04393999999999998 0.034479999999999955
8 0.7592749999999999 0.54043 0.043950000000000045 0.034479999999999955
8 0.9467749999999999 0.54043 0.043950000000000045 0.034479999999999955
9 0.597655 0.36385 0.59961 0.10702
9 0.5952149999999999 0.496435 0.59667 0.05351000000000006
9 0.594725 0.82402 0.59375 0.03092000000000006
9 0.5952149999999999 0.940545 0.59667 0.016649999999999943
9 0.592285 0.9809749999999999 0.59667 0.011890000000000067
10 0.27051000000000003 0.6468499999999999 0.015620000000000023 0.19738
10 0.183595 0.646255 0.015630000000000005 0.19618999999999998
10 0.311035 0.678955 0.016610000000000014 0.25920999999999994
10 0.38134500000000005 0.678955 0.014649999999999996 0.25683
10 0.450685 0.67955 0.014649999999999996 0.2580199999999999
10 0.519045 0.678955 0.014650000000000052 0.25683
10 0.67578 0.635555 0.015620000000000078 0.24851
10 0.60254 0.63615 0.015619999999999967 0.24731999999999998
10 0.8769549999999999 0.67836 0.019529999999999936 0.26039999999999996
10 0.797855 0.677765 0.019530000000000047 0.25683
10 0.72266 0.6783600000000001 0.011719999999999953 0.25802
10 0.79834 0.812125 0.02636000000000005 0.009510000000000018
10 0.876465 0.81272 0.026370000000000005 0.010699999999999932
10 0.7231449999999999 0.8115300000000001 0.018549999999999955 0.010700000000000043
10 0.67529 0.766945 0.022460000000000035 0.016650000000000054
10 0.60156 0.766945 0.021479999999999944 0.016650000000000054
10 0.51953 0.812125 0.021480000000000055 0.009510000000000018
10 0.449705 0.81272 0.020509999999999973 0.008320000000000105
10 0.30957 0.81272 0.02148 0.008320000000000105
10 0.37988 0.813315 0.02148 0.009510000000000018
10 0.312015 0.529135 0.020510000000000028 0.040429999999999966
10 0.38086 0.5309200000000001 0.02148 0.03924000000000005
10 0.45215000000000005 0.5309200000000001 0.02148 0.03924000000000005
10 0.518555 0.52973 0.02149000000000001 0.03924000000000005
10 0.60156 0.49287000000000003 0.021479999999999944 0.03924
10 0.675295 0.49168 0.020510000000000028 0.03924
10 0.79785 0.52973 0.021480000000000055 0.03924000000000005
10 0.8754850000000001 0.52854 0.020509999999999917 0.03923999999999994
10 0.7231449999999999 0.52973 0.01464999999999994 0.03924000000000005
10 0.184575 0.5315099999999999 0.025389999999999996 0.030919999999999948
10 0.27002000000000004 0.5332950000000001 0.026359999999999995 0.03210999999999997
10 0.268555 0.77943 0.02149000000000001 0.07016
10 0.9091800000000001 0.797855 0.025399999999999978 0.03805000000000003
10 0.907225 0.6640900000000001 0.019529999999999936 0.22948000000000002
10 0.90869 0.52973 0.024419999999999997 0.036860000000000004
11 0.59375 0.962545 0.5976600000000001 0.02021000000000006
