2 0.871585 0.920455 0.026369999999999894 0.06579000000000002
2 0.834965 0.920455 0.025390000000000024 0.06579000000000002
2 0.766605 0.920455 0.025390000000000024 0.06579000000000002
2 0.7299800000000001 0.919255 0.024419999999999997 0.06579000000000002
2 0.8720749999999999 0.78708 0.025389999999999913 0.06698000000000004
2 0.834965 0.78708 0.025390000000000024 0.06698000000000004
2 0.766605 0.787675 0.025390000000000024 0.06579000000000002
2 0.7299800000000001 0.787675 0.02636000000000005 0.06579000000000002
4 0.8525400000000001 0.85945 0.09765999999999997 0.046660000000000035
4 0.746095 0.86005 0.09961000000000009 0.045460000000000056
4 0.8525400000000001 0.6052599999999999 0.09765999999999997 0.031100000000000017
4 0.746585 0.60586 0.0986300000000001 0.032299999999999995
4 0.853025 0.72368 0.09472999999999998 0.05024000000000006
4 0.74707 0.72189 0.09766000000000008 0.04903999999999997
2 0.730465 0.6567000000000001 0.025390000000000024 0.06219999999999992
2 0.76709 0.6567000000000001 0.02636000000000005 0.06219999999999992
2 0.87256 0.6567000000000001 0.02635999999999994 0.06219999999999992
2 0.834965 0.6567000000000001 0.025390000000000024 0.06219999999999992
2 0.87354 0.41268 0.028320000000000012 0.059799999999999964
2 0.83545 0.41268 0.028320000000000012 0.059799999999999964
2 0.87256 0.53469 0.02635999999999994 0.06220000000000003
2 0.835935 0.53469 0.025390000000000024 0.06220000000000003
2 0.766605 0.53469 0.025390000000000024 0.06220000000000003
2 0.730465 0.535285 0.025390000000000024 0.06101000000000001
2 0.660155 0.53469 0.025389999999999913 0.06220000000000003
2 0.623535 0.53409 0.026370000000000005 0.061000000000000054
2 0.76709 0.41268 0.028320000000000012 0.059799999999999964
2 0.7299800000000001 0.41328 0.028320000000000012 0.061
2 0.66064 0.41328 0.0283199999999999 0.061
2 0.6220699999999999 0.41328 0.029299999999999993 0.061
2 0.555175 0.535285 0.026370000000000005 0.06101000000000001
2 0.519045 0.53469 0.026370000000000005 0.06220000000000003
2 0.44872999999999996 0.53469 0.026359999999999995 0.06220000000000003
2 0.412595 0.53469 0.026370000000000005 0.06220000000000003
2 0.5561499999999999 0.41268 0.028320000000000012 0.059799999999999964
2 0.518555 0.41328 0.029290000000000038 0.061
2 0.44873 0.41268 0.028320000000000012 0.059799999999999964
2 0.40967 0.41208 0.028320000000000012 0.061
2 0.518555 0.787675 0.025390000000000024 0.06579000000000002
2 0.555665 0.7882750000000001 0.025390000000000024 0.06699
2 0.6245099999999999 0.7882750000000001 0.024419999999999997 0.06699
2 0.66113 0.7882750000000001 0.023439999999999905 0.06699
2 0.518065 0.920455 0.026370000000000005 0.06818999999999997
2 0.554685 0.9198550000000001 0.025390000000000024 0.06699
2 0.6245099999999999 0.9198550000000001 0.024419999999999997 0.06699
2 0.6606449999999999 0.920455 0.024409999999999932 0.06579000000000002
4 0.532715 0.860045 0.10449000000000003 0.04785000000000006
4 0.6386700000000001 0.860045 0.10351999999999995 0.04785000000000006
4 0.42969 0.85885 0.09766000000000002 0.045460000000000056
2 0.412595 0.920455 0.026370000000000005 0.06818999999999997
2 0.450195 0.9198550000000001 0.025390000000000024 0.06699
2 0.41308500000000004 0.787675 0.025389999999999968 0.06579000000000002
2 0.449705 0.7882750000000001 0.026370000000000005 0.06459000000000004
2 0.41308500000000004 0.6567000000000001 0.025389999999999968 0.06219999999999992
2 0.450195 0.6567000000000001 0.025390000000000024 0.06219999999999992
2 0.519535 0.6567000000000001 0.025390000000000024 0.06219999999999992
2 0.556155 0.6567000000000001 0.026370000000000005 0.06219999999999992
4 0.430665 0.723085 0.09765000000000001 0.04905000000000004
4 0.532715 0.7224900000000001 0.10059000000000001 0.05023999999999995
4 0.43066499999999996 0.60586 0.09571000000000002 0.032299999999999995
4 0.53418 0.60586 0.09960000000000008 0.032299999999999995
4 0.640135 0.60586 0.10058999999999996 0.032299999999999995
2 0.624515 0.6567000000000001 0.026370000000000005 0.06219999999999992
2 0.661135 0.6567000000000001 0.025390000000000024 0.06219999999999992
4 0.639645 0.723085 0.09960999999999998 0.04905000000000004
1 0.6425799999999999 0.64115 0.5293 0.70096
2 0.16454999999999997 0.394735 0.03222 0.06459000000000004
2 0.23584 0.395335 0.03417999999999999 0.06339
2 0.3252 0.39293999999999996 0.056640000000000024 0.061
2 0.325685 0.51555 0.03027000000000002 0.06219999999999998
2 0.237305 0.51794 0.03125 0.06219999999999998
2 0.32666 0.64115 0.030279999999999974 0.06220000000000003
2 0.237305 0.64115 0.03125 0.06220000000000003
2 0.327145 0.773325 0.03125 0.07057000000000002
2 0.32715 0.90431 0.029299999999999993 0.06938
2 0.96289 0.44079 0.02734000000000003 0.06818000000000002
2 0.96045 0.57775 0.030279999999999974 0.07416
4 0.23242000000000002 0.5938950000000001 0.06250000000000003 0.04664999999999997
4 0.32324 0.592705 0.0625 0.04664999999999997
4 0.32372999999999996 0.7182999999999999 0.06934000000000001 0.049040000000000084
5 0.4043 0.8283499999999999 0.04491999999999996 0.022719999999999962
5 0.449705 0.829545 0.04394999999999999 0.022730000000000028
5 0.51172 0.8283499999999999 0.044920000000000015 0.022719999999999962
5 0.55664 0.828945 0.04491999999999996 0.021529999999999938
5 0.6167 0.8283499999999999 0.04393999999999998 0.022719999999999962
5 0.662595 0.8283499999999999 0.043950000000000045 0.022719999999999962
5 0.725095 0.829545 0.043950000000000045 0.022730000000000028
5 0.77051 0.829545 0.04491999999999996 0.022730000000000028
5 0.830565 0.829545 0.043949999999999934 0.022730000000000028
5 0.87598 0.829545 0.04492000000000007 0.022730000000000028
6 0.40869 0.96651 0.03613999999999995 0.02391999999999994
6 0.446775 0.96651 0.036129999999999995 0.02391999999999994
6 0.5166 0.96531 0.03515999999999997 0.02391999999999994
6 0.555175 0.96531 0.036129999999999995 0.02391999999999994
6 0.622555 0.964115 0.036129999999999995 0.023929999999999896
6 0.659665 0.96531 0.036130000000000106 0.02391999999999994
6 0.728515 0.964115 0.035150000000000015 0.023929999999999896
6 0.766115 0.964115 0.036129999999999995 0.023929999999999896
6 0.83301 0.96531 0.03515999999999997 0.02391999999999994
6 0.874515 0.96651 0.036129999999999995 0.02391999999999994
6 0.962895 0.485645 0.03125 0.02631
6 0.9599599999999999 0.6255999999999999 0.041019999999999945 0.023920000000000052
8 0.944825 0.39892 0.03027000000000002 0.017939999999999956
8 0.9375 0.41567 0.013679999999999914 0.013160000000000005
8 0.9824200000000001 0.397725 0.02734000000000003 0.015550000000000008
9 0.64209 0.33792 0.5205 0.04903999999999997
9 0.644045 0.470695 0.52441 0.05143000000000003
9 0.643555 0.577755 0.52539 0.028710000000000013
9 0.6425799999999999 0.692585 0.52344 0.014350000000000085
9 0.643065 0.824165 0.52441 0.014349999999999974
9 0.64209 0.9557450000000001 0.52246 0.009569999999999967
5 0.23584 0.558615 0.047860000000000014 0.02153000000000005
5 0.325685 0.555625 0.047850000000000004 0.022730000000000028
5 0.326175 0.6830149999999999 0.04883000000000004 0.021529999999999938
5 0.239745 0.6830149999999999 0.047850000000000004 0.021529999999999938
5 0.32666 0.819975 0.047860000000000014 0.022729999999999917
5 0.32715 0.95395 0.039059999999999984 0.02512000000000003
10 0.391605 0.535285 0.007809999999999984 0.06101000000000001
10 0.469725 0.535285 0.007809999999999984 0.06101000000000001
10 0.498045 0.535285 0.007809999999999984 0.06101000000000001
10 0.57666 0.536485 0.006840000000000068 0.05861000000000005
10 0.6025400000000001 0.536485 0.00782000000000005 0.05861000000000005
10 0.68115 0.536485 0.006839999999999957 0.05861000000000005
10 0.70947 0.535885 0.006840000000000068 0.05981000000000003
10 0.78711 0.537085 0.007819999999999938 0.05981000000000003
10 0.81494 0.537085 0.006839999999999957 0.05981000000000003
10 0.893065 0.537085 0.006830000000000003 0.05981000000000003
10 0.8911150000000001 0.65849 0.006830000000000003 0.05621999999999994
10 0.8540049999999999 0.65969 0.006830000000000003 0.05621999999999994
10 0.8168949999999999 0.65969 0.006830000000000003 0.05621999999999994
10 0.7856449999999999 0.65969 0.006830000000000003 0.05621999999999994
10 0.748535 0.65969 0.006830000000000003 0.05621999999999994
10 0.7124 0.65969 0.006839999999999957 0.05621999999999994
10 0.6792 0.65969 0.006839999999999957 0.05621999999999994
10 0.64209 0.66089 0.006840000000000068 0.05621999999999994
10 0.6049800000000001 0.66089 0.006840000000000068 0.05621999999999994
10 0.5737300000000001 0.65969 0.006840000000000068 0.05621999999999994
10 0.53662 0.66089 0.006839999999999957 0.05621999999999994
10 0.49951 0.66089 0.006840000000000013 0.05621999999999994
10 0.467285 0.65969 0.006830000000000003 0.05621999999999994
10 0.430175 0.66089 0.006830000000000003 0.05621999999999994
10 0.393065 0.65969 0.006830000000000003 0.05621999999999994
10 0.393065 0.786485 0.006830000000000003 0.06101000000000001
10 0.4292 0.78828 0.006840000000000013 0.06220000000000003
10 0.46631 0.788875 0.006839999999999957 0.06101000000000001
10 0.49951 0.7876799999999999 0.006840000000000013 0.061000000000000054
10 0.53662 0.78828 0.006839999999999957 0.06220000000000003
10 0.5727549999999999 0.78828 0.006830000000000003 0.06220000000000003
10 0.71191 0.7876799999999999 0.005859999999999976 0.061000000000000054
10 0.74805 0.7876799999999999 0.005859999999999976 0.061000000000000054
10 0.78613 0.78828 0.005859999999999976 0.06220000000000003
10 0.81641 0.788875 0.005859999999999976 0.06101000000000001
10 0.8535200000000001 0.78828 0.005860000000000087 0.06220000000000003
10 0.88965 0.7876799999999999 0.005860000000000087 0.061000000000000054
10 0.391605 0.920455 0.007809999999999984 0.06101000000000001
10 0.429685 0.92105 0.007809999999999984 0.06220000000000003
10 0.46582 0.9216500000000001 0.007819999999999994 0.061000000000000054
10 0.498045 0.92105 0.007809999999999984 0.06220000000000003
10 0.535155 0.920455 0.007809999999999984 0.06101000000000001
10 0.5727549999999999 0.9216500000000001 0.006830000000000003 0.061000000000000054
10 0.6040049999999999 0.920455 0.006830000000000003 0.06101000000000001
10 0.64209 0.920455 0.006840000000000068 0.06101000000000001
10 0.67822 0.92105 0.006840000000000068 0.06220000000000003
10 0.71094 0.91986 0.005859999999999976 0.06220000000000003
10 0.74805 0.91986 0.005859999999999976 0.06220000000000003
10 0.78516 0.91986 0.005859999999999976 0.06220000000000003
10 0.81543 0.920455 0.005859999999999976 0.06101000000000001
10 0.85303 0.92105 0.0048799999999999955 0.06220000000000003
10 0.890625 0.920455 0.005849999999999911 0.06101000000000001
10 0.60596 0.78708 0.006840000000000068 0.06220000000000003
10 0.64209 0.788875 0.006840000000000068 0.06101000000000001
10 0.67822 0.78708 0.006840000000000068 0.06220000000000003
10 0.938965 0.5747599999999999 0.006830000000000003 0.07296000000000002
10 0.938965 0.719495 0.006830000000000003 0.07296999999999998
10 0.938965 0.770335 0.010749999999999926 0.028710000000000013
10 0.938965 0.623205 0.010749999999999926 0.023930000000000007
10 0.98242 0.45574000000000003 0.009759999999999991 0.03587999999999997
10 0.94629 0.454545 0.005859999999999976 0.04307
10 0.94824 0.43002 0.009759999999999991 0.005979999999999985
10 0.98291 0.432415 0.014640000000000097 0.010770000000000002
10 0.938965 0.5317000000000001 0.008789999999999965 0.01315999999999995
10 0.938965 0.67703 0.010749999999999926 0.01195999999999997
10 0.39307000000000003 0.6261950000000001 0.010740000000000027 0.010770000000000057
10 0.429685 0.6262 0.009770000000000001 0.01316000000000006
10 0.46679499999999996 0.6262 0.009770000000000001 0.01316000000000006
10 0.49951 0.626795 0.010739999999999972 0.011970000000000036
10 0.536135 0.6262 0.009769999999999945 0.01316000000000006
10 0.57373 0.6255999999999999 0.010739999999999972 0.011960000000000082
10 0.604005 0.6262 0.010750000000000037 0.01316000000000006
10 0.6416 0.6262 0.009760000000000102 0.01316000000000006
10 0.67871 0.626795 0.009759999999999991 0.011970000000000036
10 0.711425 0.6262 0.010750000000000037 0.01316000000000006
10 0.748535 0.6255999999999999 0.010749999999999926 0.011960000000000082
10 0.78467 0.625 0.010739999999999972 0.01316000000000006
10 0.816405 0.625 0.009769999999999945 0.01316000000000006
10 0.854005 0.625 0.010750000000000037 0.01316000000000006
10 0.8911100000000001 0.6238 0.010740000000000083 0.01316000000000006
10 0.893555 0.5 0.009770000000000056 0.01195999999999997
10 0.81494 0.5 0.010739999999999972 0.01195999999999997
10 0.7876 0.5005999999999999 0.010739999999999972 0.01315999999999995
10 0.60205 0.5 0.010739999999999972 0.01195999999999997
10 0.680175 0.5 0.010750000000000037 0.01195999999999997
10 0.70947 0.5005999999999999 0.010740000000000083 0.01315999999999995
10 0.57617 0.49939999999999996 0.009759999999999991 0.013160000000000005
10 0.49756 0.4988 0.010739999999999972 0.011960000000000026
10 0.46972499999999995 0.49939999999999996 0.009770000000000001 0.013160000000000005
10 0.39111 0.4988 0.010739999999999972 0.011960000000000026
10 0.39209 0.751795 0.010739999999999972 0.008369999999999989
10 0.42871000000000004 0.7523949999999999 0.011720000000000008 0.009569999999999967
10 0.467285 0.753585 0.010750000000000037 0.009569999999999967
10 0.49902 0.7523949999999999 0.011720000000000008 0.009569999999999967
10 0.5376 0.7523949999999999 0.010739999999999972 0.009569999999999967
10 0.572265 0.7511950000000001 0.011709999999999998 0.009569999999999967
10 0.60498 0.7523949999999999 0.010739999999999972 0.009569999999999967
10 0.6416 0.753585 0.011720000000000064 0.009569999999999967
10 0.677735 0.751795 0.011709999999999998 0.010769999999999946
10 0.71094 0.751795 0.011719999999999953 0.010769999999999946
10 0.74805 0.7523949999999999 0.011719999999999953 0.009569999999999967
10 0.78467 0.7523949999999999 0.010739999999999972 0.009569999999999967
10 0.81592 0.7523949999999999 0.010739999999999972 0.009569999999999967
10 0.85303 0.751795 0.010740000000000083 0.010769999999999946
10 0.88965 0.7511950000000001 0.009760000000000102 0.009569999999999967
10 0.88965 0.8863650000000001 0.009760000000000102 0.00717000000000001
10 0.8530249999999999 0.8863650000000001 0.008789999999999965 0.00717000000000001
10 0.81543 0.8863650000000001 0.009759999999999991 0.00717000000000001
10 0.785155 0.88517 0.009769999999999945 0.007179999999999964
10 0.7480450000000001 0.88517 0.009769999999999945 0.007179999999999964
10 0.710445 0.88577 0.008790000000000076 0.005979999999999985
10 0.67871 0.886965 0.009759999999999991 0.008369999999999989
10 0.640625 0.885765 0.009770000000000056 0.008369999999999989
10 0.603515 0.885765 0.009770000000000056 0.008369999999999989
10 0.572755 0.886965 0.008790000000000076 0.008369999999999989
10 0.535155 0.885765 0.009769999999999945 0.008369999999999989
10 0.49804499999999996 0.885765 0.009770000000000001 0.008369999999999989
10 0.46630499999999997 0.886965 0.00879000000000002 0.008369999999999989
10 0.42871 0.8863650000000001 0.009759999999999991 0.00717000000000001
10 0.3916 0.88517 0.009759999999999991 0.007179999999999964
10 0.919435 0.40012000000000003 0.018550000000000066 0.029899999999999982
10 0.919435 0.492225 0.014650000000000052 0.15191000000000004
10 0.92041 0.6022700000000001 0.022460000000000035 0.06818000000000002
