1 0.498837 0.5404774999999999 0.864806 0.901045
2 0.263405 0.171665 0.04895000000000002 0.07047
2 0.32692 0.16941499999999998 0.05012 0.06897
2 0.6031500000000001 0.16342 0.05012000000000005 0.06896
2 0.66725 0.16116999999999998 0.05011999999999994 0.07046
2 0.83916 0.30884500000000004 0.05127999999999999 0.06297000000000003
2 0.76457 0.30884500000000004 0.05127999999999999 0.06297000000000003
2 0.69464 0.307345 0.05127999999999999 0.06297000000000003
2 0.62354 0.307345 0.05127999999999999 0.06297000000000003
2 0.5501199999999999 0.307345 0.0512800000000001 0.06297000000000003
2 0.48251999999999995 0.30884500000000004 0.05127999999999994 0.06297000000000003
2 0.414335 0.307345 0.05010999999999999 0.06297000000000003
2 0.344405 0.30584500000000003 0.05010999999999999 0.06297000000000003
2 0.27564 0.30584500000000003 0.05012 0.06297000000000003
2 0.20979 0.30884500000000004 0.046619999999999995 0.06297000000000003
2 0.14219 0.307345 0.04662000000000001 0.06297000000000003
2 0.142775 0.4985 0.045450000000000004 0.09145999999999999
2 0.210375 0.5 0.04544999999999999 0.09146000000000004
2 0.27739 0.5 0.04662000000000005 0.09146000000000004
2 0.34557000000000004 0.50075 0.04546 0.08996000000000004
2 0.41608500000000004 0.50075 0.048949999999999994 0.08996000000000004
2 0.486015 0.502245 0.05129 0.09894999999999998
2 0.55361 0.503745 0.05127999999999999 0.09895000000000004
2 0.62471 0.502245 0.05127999999999999 0.09894999999999998
2 0.69464 0.5052449999999999 0.05127999999999999 0.09894999999999998
2 0.765735 0.503745 0.05128999999999995 0.09895000000000004
2 0.8345 0.505995 0.05127999999999999 0.10045000000000004
2 0.834495 0.683655 0.04895000000000005 0.13493
2 0.7645649999999999 0.67916 0.04894999999999994 0.13494000000000006
2 0.691145 0.676165 0.04895000000000005 0.13493
2 0.623545 0.676165 0.04895000000000005 0.13493
2 0.553615 0.676165 0.04894999999999994 0.13493
2 0.482515 0.676165 0.04895000000000005 0.13493
2 0.414335 0.670165 0.04779 0.13493
2 0.34731500000000004 0.670165 0.048949999999999994 0.13493
2 0.27972 0.670165 0.048960000000000004 0.13493
2 0.21154 0.665665 0.04777999999999999 0.13493
2 0.146855 0.665665 0.04895000000000001 0.13493
2 0.276805 0.835835 0.04779 0.10044999999999993
2 0.207455 0.834335 0.048949999999999994 0.10045000000000004
2 0.40851000000000004 0.838835 0.04777999999999999 0.10044999999999993
2 0.47669 0.840325 0.048960000000000004 0.10044999999999993
2 0.575175 0.843325 0.04779 0.10044999999999993
9 0.494755 0.272865 0.7890499999999999 0.026990000000000014
9 0.49824999999999997 0.44977500000000004 0.78904 0.026990000000000014
9 0.491255 0.60795 0.77739 0.04347999999999996
9 0.502912 0.230885 0.847316 0.06897
9 0.499998 0.776615 0.8578039999999999 0.06596999999999997
11 0.745335 0.8740600000000001 0.25290999999999997 0.15292000000000006
3 0.028555 0.8733150000000001 0.052448 0.13943000000000005
