1 0.41276209999999997 0.592775 0.8203158 0.80469
4 0.26107 0.548825 0.17318000000000003 0.0703100000000001
4 0.439455 0.5678700000000001 0.10807 0.032220000000000026
2 0.43685 0.61621 0.06640000000000001 0.0625
2 0.304035 0.6167 0.04296999999999995 0.06347999999999998
2 0.214845 0.6171850000000001 0.044270000000000004 0.06445000000000001
2 0.214845 0.742675 0.044270000000000004 0.06542999999999999
3 0.25456 0.947755 0.0638 0.09472999999999998
2 0.253255 0.861815 0.06381000000000003 0.03222999999999998
2 0.434245 0.8667 0.07161000000000001 0.06738
2 0.43164 0.742675 0.06639999999999996 0.061529999999999974
2 0.302085 0.7421850000000001 0.04427000000000003 0.06445000000000001
2 0.67578 0.86426 0.05467999999999995 0.06835999999999998
2 0.70573 0.7280249999999999 0.05730000000000002 0.06542999999999999
2 0.61263 0.73193 0.019540000000000002 0.06738
4 0.7141949999999999 0.54346 0.07943 0.03417999999999999
2 0.710935 0.59424 0.05729000000000006 0.06738
2 0.61393 0.604005 0.02214000000000005 0.07129000000000008
2 0.6145849999999999 0.470215 0.020830000000000015 0.07518999999999998
2 0.7070350000000001 0.45947 0.05728999999999995 0.06738
2 0.67513 0.34326 0.06640000000000001 0.030279999999999974
2 0.43685 0.48729999999999996 0.06640000000000001 0.062499999999999944
2 0.43815 0.36035 0.06640000000000001 0.0625
2 0.21614499999999998 0.48828000000000005 0.044270000000000004 0.06250000000000006
2 0.303385 0.48828000000000005 0.041669999999999985 0.06250000000000006
2 0.304035 0.36084 0.04296999999999995 0.06152000000000002
2 0.21679500000000002 0.36133 0.04296999999999998 0.0625
4 0.08138100000000001 0.569335 0.11067800000000001 0.035150000000000015
4 0.30794 0.31787 0.06120000000000003 0.028320000000000012
4 0.21939999999999998 0.316405 0.061200000000000004 0.029290000000000038
4 0.43684999999999996 0.315915 0.08463999999999999 0.026370000000000005
4 0.08268 0.43994 0.08983999999999999 0.02636000000000005
4 0.439455 0.4375 0.08984999999999999 0.025399999999999978
4 0.30664 0.43799 0.07161999999999996 0.024419999999999997
4 0.21939999999999998 0.438965 0.07161999999999999 0.024410000000000043
5 0.08202899999999999 0.40576 0.091142 0.028320000000000012
2 0.0839855 0.3623 0.066409 0.0625
2 0.0820295 0.49023000000000005 0.06510099999999999 0.06250000000000006
5 0.43684999999999996 0.40381 0.08983999999999998 0.028320000000000012
5 0.30534 0.403805 0.07162000000000002 0.026370000000000005
5 0.21614499999999998 0.403805 0.07291 0.026370000000000005
5 0.0833345 0.53662 0.080731 0.03614000000000006
5 0.43684500000000004 0.535645 0.08202999999999999 0.036129999999999995
5 0.30728999999999995 0.5366200000000001 0.05990000000000001 0.03417999999999999
5 0.21223999999999998 0.53564 0.05989999999999998 0.0341800000000001
5 0.4375 0.6616200000000001 0.09896000000000005 0.030279999999999974
5 0.076822 0.665035 0.09895599999999999 0.03125
2 0.08268450000000001 0.61816 0.066411 0.0625
5 0.214845 0.6616200000000001 0.07291000000000003 0.032220000000000026
5 0.303385 0.663575 0.07290999999999997 0.03222999999999998
5 0.709635 0.512695 0.07291000000000003 0.04297000000000001
5 0.7109350000000001 0.6416 0.08333000000000002 0.02734000000000003
5 0.6113249999999999 0.782225 0.04557 0.027350000000000096
5 0.43489500000000003 0.91211 0.09115000000000001 0.02734000000000003
5 0.673825 0.91455 0.08203000000000005 0.03613999999999995
6 0.43229 0.78662 0.07811999999999997 0.02635999999999994
6 0.710285 0.77588 0.07943 0.02635999999999994
6 0.304035 0.788085 0.05859000000000003 0.027349999999999985
6 0.21419500000000002 0.788085 0.05859 0.027349999999999985
6 0.7760450000000001 0.24511499999999997 0.041669999999999985 0.025389999999999996
6 0.56901 0.246585 0.03645999999999994 0.024410000000000015
8 0.671225 0.2251 0.16015000000000001 0.06934000000000001
8 0.679035 0.335935 0.12109000000000003 0.05273
6 0.677085 0.38183500000000004 0.19011 0.05468999999999996
4 0.7168 0.39209 0.13671999999999995 0.05566000000000004
5 0.61328 0.6533199999999999 0.04687999999999992 0.025399999999999978
8 0.71159 0.68018 0.0716199999999999 0.028320000000000012
8 0.61393 0.683595 0.07162000000000002 0.03125
4 0.21354499999999998 0.697265 0.06771000000000002 0.027349999999999985
4 0.30078499999999997 0.69678 0.06770999999999999 0.028320000000000012
8 0.435545 0.694825 0.04557 0.026370000000000005
8 0.259115 0.885745 0.10157000000000002 0.037109999999999976
9 0.4153655 0.289555 0.8046890000000001 0.06542999999999999
9 0.4095052 0.43408 0.8059896 0.09667999999999999
9 0.4101552 0.66748 0.8072895999999999 0.05371999999999999
9 0.41015625 0.79199 0.8046875 0.05078000000000005
10 0.15560000000000002 0.562015 0.027340000000000003 0.17285
10 0.365235 0.562015 0.02735000000000004 0.17285
10 0.51107 0.560055 0.027339999999999975 0.17285000000000006
10 0.54362 0.5581050000000001 0.02733999999999992 0.17285000000000006
10 0.809895 0.5581050000000001 0.02342999999999995 0.17285000000000006
10 0.365885 0.356935 0.026050000000000018 0.08104999999999996
10 0.51172 0.355955 0.026040000000000008 0.08105000000000001
10 0.54427 0.355955 0.026039999999999952 0.08105000000000001
10 0.809895 0.35546500000000003 0.02342999999999995 0.08202999999999999
10 0.60742 0.34961 0.037760000000000016 0.07032
10 0.7486999999999999 0.33447499999999997 0.03646000000000005 0.04199000000000003
10 0.6640600000000001 0.71826 0.023440000000000016 0.07323999999999997
10 0.759765 0.71777 0.022129999999999983 0.07421999999999995
10 0.66406 0.75928 0.026040000000000063 0.006840000000000068
10 0.76042 0.7587900000000001 0.026040000000000063 0.00782000000000005
10 0.66406 0.67334 0.026040000000000063 0.01660000000000006
10 0.759765 0.67285 0.027349999999999985 0.015620000000000078
10 0.663415 0.532225 0.019530000000000047 0.17969000000000002
10 0.76237 0.532715 0.019540000000000002 0.17871000000000004
10 0.66341 0.640625 0.022139999999999938 0.035150000000000015
10 0.76172 0.640625 0.02084000000000008 0.035150000000000015
10 0.80729 0.65967 0.02864 0.028320000000000012
10 0.546875 0.659665 0.03125 0.030269999999999908
10 0.511065 0.66113 0.03255000000000002 0.02733999999999992
10 0.36523 0.6640600000000001 0.037760000000000016 0.029299999999999993
10 0.1543 0.6616200000000001 0.03775999999999999 0.028320000000000012
10 0.1543 0.462405 0.03775999999999999 0.026370000000000005
10 0.36784 0.462405 0.037760000000000016 0.026370000000000005
10 0.509115 0.46045 0.03645000000000004 0.026359999999999995
10 0.544925 0.458495 0.03255000000000008 0.026370000000000005
10 0.66406 0.43066499999999996 0.026040000000000063 0.023430000000000006
10 0.76172 0.43164 0.02864 0.02343999999999996
10 0.809245 0.45947499999999997 0.027349999999999985 0.024409999999999987
10 0.809895 0.305175 0.02342999999999995 0.01855000000000001
10 0.7486999999999999 0.3042 0.039059999999999984 0.018559999999999965
10 0.60677 0.305175 0.039059999999999984 0.01855000000000001
10 0.544925 0.306155 0.02994999999999992 0.020510000000000028
10 0.511065 0.30566499999999996 0.029949999999999977 0.019529999999999992
10 0.366535 0.306155 0.029950000000000032 0.020510000000000028
10 0.365885 0.40674 0.03125 0.01856000000000002
10 0.511065 0.40576 0.029949999999999977 0.01856000000000002
10 0.54297 0.40527 0.02864 0.017579999999999985
10 0.8085899999999999 0.40576 0.026039999999999952 0.016600000000000004
10 0.15560000000000002 0.40869 0.027340000000000003 0.01856000000000002
10 0.15560000000000002 0.358885 0.024740000000000012 0.08105000000000001
2 0.677735 0.972655 0.04296999999999995 0.03907000000000005
2 0.438805 0.972655 0.07030999999999998 0.042970000000000064
7 0.45052 0.97363 0.03386 0.041020000000000056
7 0.41927 0.97363 0.02864 0.041020000000000056
7 0.6770799999999999 0.972655 0.039059999999999984 0.03711000000000009
