2 0.52002 0.48700999999999994 0.08886 0.13635999999999998
2 0.526365 0.729705 0.08788999999999997 0.13798999999999995
2 0.513675 0.242695 0.08789000000000002 0.12824999999999998
2 0.31689500000000004 0.36201 0.05370999999999998 0.13636000000000004
2 0.15283000000000002 0.607955 0.06348000000000001 0.13799000000000006
2 0.153805 0.36201 0.06542999999999999 0.13636000000000004
2 0.7143550000000001 0.36038499999999996 0.06738999999999995 0.12986999999999999
2 0.72705 0.61039 0.06738 0.13636000000000004
2 0.90039 0.608765 0.06835999999999998 0.1363700000000001
2 0.890625 0.36526000000000003 0.06834999999999991 0.13635999999999998
2 0.734375 0.14204450000000002 0.060550000000000104 0.092531
2 0.81543 0.14204450000000002 0.06054000000000004 0.092531
2 0.20703 0.15341 0.06054000000000001 0.09254
2 0.28418 0.151785 0.06053999999999998 0.09253
2 0.15039 0.8457749999999999 0.06446 0.1396099999999999
2 0.72705 0.8392850000000001 0.06152000000000002 0.10388999999999993
7 0.27002000000000004 0.36201 0.036140000000000005 0.14286
7 0.37695 0.362015 0.03320000000000001 0.13960999999999996
7 0.774415 0.36119999999999997 0.03320999999999996 0.14123999999999998
7 0.663085 0.359575 0.03320999999999996 0.14123000000000002
7 0.7866200000000001 0.6055200000000001 0.04393999999999998 0.1428600000000001
7 0.672855 0.61039 0.04296999999999995 0.14286
7 0.8481449999999999 0.61039 0.043950000000000045 0.14286
7 0.78564 0.8538950000000001 0.0341800000000001 0.14285000000000003
7 0.67578 0.85065 0.03515999999999997 0.14286
7 0.88965 0.85633 0.03515999999999997 0.14448000000000005
7 0.9238299999999999 0.85714 0.03515999999999997 0.14286
7 0.10302549999999999 0.60633 0.03612900000000001 0.14124000000000003
7 0.205565 0.607955 0.036129999999999995 0.14122999999999997
7 0.271975 0.608765 0.036129999999999995 0.13961
7 0.380855 0.607955 0.037109999999999976 0.14122999999999997
1 0.4980465 0.5162355 0.935547 0.944809
7 0.282715 0.142045 0.04981000000000002 0.056809999999999986
7 0.169435 0.362825 0.036129999999999995 0.14122999999999997
7 0.134275 0.362015 0.032229999999999995 0.13960999999999996
7 0.1005855 0.849025 0.031249 0.13961
7 0.208985 0.850645 0.03125 0.13961
2 0.90723 0.85714 0.06835999999999998 0.13636000000000004
