1 0.48566 0.5397925 0.70228 0.920415
2 0.26805 0.19204 0.039559999999999984 0.08304
2 0.52028 0.19377 0.04550000000000004 0.07612000000000002
2 0.7744800000000001 0.185985 0.045499999999999985 0.08823
2 0.65381 0.17128 0.045500000000000096 0.06920000000000001
2 0.3996 0.173875 0.04352 0.06747
2 0.272995 0.36678 0.057370000000000004 0.09687999999999997
2 0.273985 0.5588249999999999 0.057370000000000004 0.09689000000000003
2 0.272995 0.7543249999999999 0.057370000000000004 0.09689000000000003
2 0.386745 0.7543249999999999 0.05737000000000003 0.09689000000000003
2 0.52671 0.36678 0.05836000000000002 0.09687999999999997
2 0.527695 0.5588249999999999 0.05834999999999996 0.09689000000000003
2 0.529175 0.75346 0.05737000000000003 0.08823999999999999
2 0.7814049999999999 0.370245 0.051429999999999976 0.09689000000000003
2 0.78289 0.5605549999999999 0.05044000000000004 0.09689000000000003
2 0.382295 0.365915 0.05242999999999998 0.07092999999999999
2 0.384765 0.56142 0.05341000000000001 0.08131999999999995
2 0.6340250000000001 0.37889 0.05341000000000007 0.05881999999999998
2 0.635015 0.57007 0.05340999999999996 0.07786000000000004
2 0.63452 0.750865 0.05044000000000004 0.07267000000000001
4 0.26953499999999997 0.12370300000000001 0.08010999999999999 0.05017400000000001
4 0.520275 0.122838 0.08111000000000007 0.051904000000000006
4 0.40207499999999996 0.1098625 0.10781000000000002 0.03979499999999998
4 0.652325 0.1064025 0.10781000000000007 0.039795
4 0.77547 0.11332249999999999 0.08109999999999995 0.05017500000000001
6 0.41691500000000004 0.446365 0.16321000000000002 0.10726999999999998
6 0.67656 0.44723 0.1740799999999999 0.10899999999999999
6 0.417405 0.641005 0.16616999999999998 0.09168999999999994
6 0.67903 0.6444650000000001 0.17508 0.08822999999999992
6 0.40257 0.24481 0.07122 0.10554000000000002
6 0.6651849999999999 0.240485 0.07221 0.10380999999999999
7 0.228485 0.36678 0.029670000000000002 0.09687999999999997
7 0.31899 0.36851500000000004 0.02868000000000004 0.09688999999999998
7 0.22997 0.558825 0.030659999999999993 0.10034999999999994
7 0.319485 0.5605549999999999 0.02967000000000003 0.10035000000000005
7 0.228485 0.750865 0.029670000000000002 0.10034999999999994
7 0.320475 0.754325 0.029669999999999974 0.10034999999999994
7 0.4817 0.36851500000000004 0.029679999999999984 0.10035
7 0.5746800000000001 0.366785 0.02968000000000004 0.10035
7 0.482195 0.558825 0.030669999999999975 0.10034999999999994
7 0.5766549999999999 0.5622849999999999 0.029669999999999974 0.10035000000000005
7 0.484175 0.7560549999999999 0.03067000000000003 0.10035000000000005
7 0.57715 0.7577849999999999 0.03066000000000002 0.10035000000000005
7 0.738875 0.366785 0.029669999999999974 0.10035
7 0.74184 0.5640149999999999 0.02968000000000004 0.10035000000000005
7 0.80168 0.56142 0.03066000000000002 0.09862000000000004
9 0.484665 0.27249 0.68249 0.057099999999999984
10 0.38180000000000003 0.91782 0.02374000000000004 0.15744000000000002
10 0.4817 0.91782 0.02572000000000002 0.15052
2 0.27497499999999997 0.9143600000000001 0.03362999999999999 0.043259999999999965
2 0.43917 0.8572649999999999 0.01978000000000002 0.015569999999999973
2 0.557365 0.8615900000000001 0.02472999999999992 0.013839999999999963
2 0.7235400000000001 0.864185 0.03066000000000002 0.015569999999999973
