1 0.47274615 0.505371 0.9432677 0.915038
2 0.100665 0.21631 0.05895 0.08106000000000002
2 0.334815 0.2207 0.048949999999999994 0.08008000000000004
2 0.46385 0.220215 0.046719999999999984 0.07715000000000002
2 0.531145 0.22070499999999998 0.04561000000000004 0.07813
2 0.66018 0.220705 0.043379999999999974 0.07617000000000002
2 0.7263649999999999 0.220215 0.04449000000000003 0.07715000000000002
2 0.857065 0.220705 0.05005000000000004 0.07617000000000002
2 0.10011 0.37695 0.05784 0.08008000000000004
2 0.333145 0.38086 0.047829999999999984 0.07812000000000002
2 0.462735 0.38134999999999997 0.04449000000000003 0.0791
2 0.528365 0.38134999999999997 0.04227000000000003 0.0791
2 0.657395 0.38037 0.04226999999999992 0.0791
2 0.72358 0.38134999999999997 0.043379999999999974 0.0791
2 0.8537250000000001 0.38086 0.04782999999999993 0.07812000000000002
2 0.099555 0.540035 0.05673 0.08202999999999994
2 0.334815 0.54297 0.048949999999999994 0.08398000000000005
2 0.46107 0.54199 0.04116000000000003 0.08008000000000004
2 0.528365 0.543455 0.04005000000000003 0.08301000000000003
2 0.85317 0.5424800000000001 0.044499999999999984 0.08300000000000007
2 0.723025 0.5317350000000001 0.04449000000000003 0.05957000000000001
2 0.65795 0.5366249999999999 0.041159999999999974 0.07128999999999996
2 0.099555 0.709475 0.05673 0.08887
2 0.33426 0.7109399999999999 0.05005999999999999 0.08984000000000003
2 0.09566150000000001 0.878905 0.046716999999999995 0.08984999999999999
2 0.460515 0.71143 0.04227000000000003 0.09082000000000001
2 0.52614 0.711425 0.042260000000000075 0.08887
2 0.461065 0.8779300000000001 0.04783000000000004 0.08789999999999998
2 0.85317 0.87988 0.048939999999999984 0.09179999999999999
2 0.72024 0.8789100000000001 0.05227999999999999 0.08594000000000002
2 0.8537250000000001 0.711425 0.05005000000000004 0.08887
2 0.72358 0.706545 0.045600000000000085 0.08301000000000003
2 0.6579550000000001 0.7075199999999999 0.04561000000000004 0.08300000000000007
3 0.5889850000000001 0.89502 0.07674999999999998 0.12597999999999998
3 0.33037 0.895015 0.06452000000000002 0.1220699999999999
4 0.338155 0.157715 0.10679 0.047850000000000004
4 0.5016700000000001 0.15918 0.17352 0.05078000000000002
4 0.6974400000000001 0.15674 0.17352 0.045899999999999996
4 0.86485 0.157225 0.11680000000000001 0.046869999999999995
4 0.1017815 0.32959 0.096777 0.032220000000000026
4 0.33592999999999995 0.333985 0.08676 0.03321000000000002
4 0.5 0.33154 0.14793999999999996 0.03417999999999999
4 0.696325 0.33447 0.14683000000000002 0.03417999999999999
4 0.86096 0.33447 0.08676000000000006 0.03417999999999999
4 0.1017795 0.476075 0.11012100000000001 0.059569999999999956
4 0.33871 0.47802500000000003 0.10121999999999998 0.059569999999999956
4 0.49889000000000006 0.478515 0.16574000000000005 0.06054999999999994
4 0.698 0.47753999999999996 0.16796 0.06053999999999998
4 0.85595 0.479005 0.10568 0.059569999999999956
4 0.1040065 0.135745 0.13904699999999998 0.054690000000000016
5 0.104006 0.266115 0.130148 0.04395000000000002
5 0.3376 0.27441499999999996 0.08788000000000001 0.03321000000000002
5 0.50056 0.274415 0.15128000000000003 0.035150000000000015
5 0.6974400000000001 0.274905 0.15127999999999997 0.036129999999999995
5 0.85929 0.27539 0.08787999999999996 0.035160000000000025
5 0.10011149999999999 0.42725 0.09343699999999999 0.028320000000000012
5 0.33537 0.43115000000000003 0.08120000000000005 0.028319999999999956
5 0.496665 0.43115000000000003 0.15016999999999997 0.028319999999999956
5 0.692995 0.431155 0.15573000000000004 0.026370000000000005
5 0.85651 0.43164 0.08675999999999995 0.027339999999999975
5 0.100669 0.6005849999999999 0.099002 0.042970000000000064
5 0.33426 0.601565 0.08342000000000005 0.04296999999999995
5 0.493885 0.6005849999999999 0.14683000000000002 0.042970000000000064
5 0.8542799999999999 0.601075 0.07564000000000004 0.03808999999999996
5 0.10067 0.7636700000000001 0.08787999999999999 0.023440000000000016
5 0.336485 0.765625 0.08565 0.02149000000000001
5 0.457175 0.7636700000000001 0.08009 0.021480000000000055
5 0.534485 0.76416 0.07452999999999999 0.022460000000000035
5 0.85929 0.76416 0.08787999999999996 0.020500000000000074
6 0.72525 0.78711 0.24250000000000005 0.08984000000000003
6 0.7302550000000001 0.6113299999999999 0.24805 0.10937999999999992
8 0.39988999999999997 0.20117000000000002 0.03226000000000001 0.03319999999999998
8 0.40156000000000003 0.37256 0.03782000000000002 0.030279999999999974
8 0.59288 0.37256 0.037819999999999965 0.032220000000000026
8 0.595665 0.19922 0.03671000000000002 0.03516
8 0.7858700000000001 0.37158 0.041159999999999974 0.03417999999999999
8 0.78977 0.199705 0.037819999999999965 0.036129999999999995
8 0.239155 0.33545 0.02668999999999999 0.04785999999999996
8 0.238045 0.16260000000000002 0.01335 0.04003999999999999
8 0.33704 0.11084 0.035599999999999965 0.03417999999999999
8 0.39710999999999996 0.121585 0.09566000000000002 0.020510000000000014
8 0.468855 0.1108385 0.036709999999999965 0.03808299999999999
8 0.497215 0.11962999999999999 0.03337000000000001 0.01659999999999999
8 0.532255 0.1098635 0.03671000000000002 0.041993
8 0.59399 0.117675 0.09343999999999997 0.02441
8 0.66185 0.1084005 0.037820000000000076 0.041019
8 0.69633 0.11914 0.031139999999999946 0.013680000000000012
8 0.731365 0.1074235 0.03671000000000002 0.03711300000000001
8 0.8337 0.11768 0.1746399999999999 0.016600000000000004
8 0.939935 0.11084 0.03559000000000001 0.03417999999999999
8 0.28754 0.11963000000000001 0.05896000000000001 0.012700000000000003
8 0.23971 0.1005855 0.03894000000000003 0.03710899999999999
8 0.16852 0.1083965 0.10121999999999999 0.019527000000000003
8 0.1056725 0.10058700000000001 0.035595 0.033206
8 0.0428255 0.109373 0.07897699999999999 0.023433999999999996
9 0.4738594 0.094729 0.9299212 0.08594199999999999
9 0.470523 0.29247999999999996 0.916574 0.08300000000000002
9 0.4705215 0.624025 0.918797 0.09961000000000009
9 0.4699682 0.7832049999999999 0.9243636000000001 0.06054999999999999
10 0.147385 0.21045000000000003 0.012229999999999991 0.07324
10 0.0561735 0.20947500000000002 0.012234999999999996 0.07519
10 0.057842 0.16406500000000002 0.020021999999999998 0.015630000000000005
10 0.14683000000000002 0.16504000000000002 0.02002000000000001 0.017580000000000012
