1 0.70855 0.4753705 0.5521400000000001 0.916259
1 0.221367 0.4667511 0.408546 0.9137978
2 0.116235 0.221675 0.02735 0.08375000000000002
2 0.14871499999999999 0.22291 0.027350000000000013 0.08128000000000002
2 0.32906 0.23645500000000003 0.02906000000000003 0.08375000000000002
2 0.36154 0.23645500000000003 0.02906000000000003 0.08375000000000002
2 0.49658 0.24261 0.022219999999999962 0.0665
2 0.528205 0.24261 0.023930000000000007 0.0665
2 0.6905950000000001 0.227835 0.030770000000000075 0.07635000000000003
2 0.726495 0.230295 0.030769999999999964 0.07634999999999997
2 0.529915 0.415025 0.030769999999999964 0.10098999999999997
2 0.492305 0.415025 0.030769999999999964 0.10098999999999997
2 0.492305 0.598525 0.030769999999999964 0.10345000000000004
2 0.5290600000000001 0.599755 0.029059999999999975 0.10591000000000006
2 0.90513 0.294335 0.03590000000000004 0.06651000000000001
2 0.708545 0.41133 0.05298999999999998 0.10837999999999998
2 0.7102550000000001 0.591135 0.05298999999999998 0.10836999999999997
2 0.7076899999999999 0.78325 0.05812000000000006 0.11821999999999999
2 0.36154 0.415025 0.03248000000000001 0.10591
2 0.324785 0.41256499999999996 0.030769999999999964 0.10591
2 0.36068500000000003 0.59483 0.03077000000000002 0.11084000000000005
2 0.32393 0.59483 0.03247999999999995 0.11084000000000005
2 0.12991 0.40517000000000003 0.05470000000000001 0.11084
2 0.128205 0.584975 0.05471000000000001 0.11577000000000004
2 0.1282025 0.7734 0.058115000000000014 0.11821999999999999
2 0.89829 0.413795 0.07008000000000003 0.09359
2 0.90171 0.593595 0.07007999999999992 0.09359000000000006
2 0.900855 0.77586 0.07179000000000002 0.09851999999999994
2 0.707695 0.13054 0.01708999999999994 0.04926
2 0.13504 0.1194595 0.010259999999999991 0.04680099999999998
2 0.41452999999999995 0.174875 0.018799999999999983 0.019710000000000005
2 0.395725 0.174875 0.011970000000000036 0.009849999999999998
2 0.573505 0.181035 0.015390000000000015 0.022170000000000023
2 0.5606800000000001 0.18227 0.006840000000000068 0.014779999999999988
3 0.3094 0.82266 0.044440000000000035 0.18719999999999992
3 0.465815 0.827585 0.04614999999999997 0.18718999999999997
4 0.12307699999999999 0.33251 0.099146 0.049260000000000026
4 0.33931500000000003 0.34236500000000003 0.10769000000000001 0.04926999999999998
4 0.510255 0.34482999999999997 0.10769000000000006 0.049260000000000026
4 0.70513 0.33867 0.09401999999999999 0.04680000000000001
4 0.70684 0.502465 0.09401999999999999 0.054190000000000016
4 0.123077 0.50246 0.095726 0.06403999999999993
4 0.341025 0.512315 0.11110999999999999 0.06402999999999998
4 0.510255 0.51601 0.11111000000000004 0.06649999999999995
5 0.1282045 0.47537 0.08205099999999999 0.03939999999999999
5 0.34188 0.48522 0.10255999999999998 0.04433999999999999
5 0.5094 0.48768500000000004 0.09913999999999995 0.044330000000000036
5 0.707695 0.48275999999999997 0.08547000000000005 0.04433999999999999
6 0.35299 0.140395 0.14187999999999995 0.05419
6 0.465815 0.141625 0.06324999999999997 0.041870000000000004
7 0.326495 0.56404 0.023930000000000007 0.044340000000000046
7 0.364105 0.56404 0.023930000000000007 0.044340000000000046
7 0.90171 0.5615749999999999 0.06665999999999994 0.029550000000000076
9 0.2239305 0.32143 0.39657899999999996 0.11084
9 0.2230755 0.660095 0.39486899999999997 0.07389000000000001
9 0.63932 0.32143 0.39658 0.11084
9 0.633335 0.67118 0.39487 0.0665
10 0.605125 0.44581 0.023930000000000007 0.21182
10 0.644445 0.44704499999999997 0.023930000000000007 0.21428999999999998
10 0.77094 0.44581 0.02393999999999996 0.21182
10 0.810255 0.44704499999999997 0.023929999999999896 0.21428999999999998
10 0.0290595 0.43718999999999997 0.020512999999999997 0.21427999999999997
10 0.06666649999999999 0.43842 0.023930999999999994 0.21182
10 0.191455 0.44211999999999996 0.02392999999999998 0.21427999999999997
10 0.23077 0.44089 0.023940000000000017 0.21181999999999995
10 0.065812 0.5948249999999999 0.029059999999999996 0.10099000000000002
10 0.1906 0.5985199999999999 0.029060000000000002 0.09852000000000005
10 0.0290595 0.59483 0.020512999999999997 0.09606000000000003
10 0.230765 0.59606 0.03077000000000002 0.09852000000000005
10 0.603415 0.60345 0.030769999999999964 0.09852000000000005
10 0.6444449999999999 0.60345 0.030770000000000075 0.09852000000000005
10 0.772645 0.600985 0.030769999999999964 0.09853
10 0.81111 0.60345 0.029060000000000086 0.09852000000000005
10 0.06581200000000001 0.31404 0.022222000000000006 0.03201999999999999
10 0.0299145 0.31527 0.022223 0.034479999999999955
10 0.19230999999999998 0.31650500000000004 0.02221999999999999 0.03694999999999998
10 0.23077 0.31527499999999997 0.023940000000000017 0.03941
10 0.6042700000000001 0.320195 0.022220000000000018 0.03941
10 0.644445 0.320195 0.023930000000000007 0.03941
10 0.771795 0.32143 0.022229999999999972 0.03693999999999997
10 0.81111 0.32266 0.022219999999999906 0.03939999999999999
11 0.36495500000000003 0.804185 0.06666999999999995 0.15517000000000003
11 0.53761 0.801725 0.09402000000000005 0.15025
5 0.126494 0.874385 0.06837199999999999 0.08374999999999999
5 0.7094 0.8867 0.06838 0.08374000000000004
4 0.3453 0.163795 0.09572000000000003 0.05173
4 0.90256 0.238915 0.06154000000000004 0.03941000000000003
4 0.5085500000000001 0.182265 0.09402000000000005 0.04433000000000001
2 0.129915 0.035714499999999996 0.030770000000000006 0.017241
4 0.129913 0.070197 0.06837399999999999 0.05665
4 0.127351 0.157635 0.152138 0.02955000000000002
4 0.705125 0.081282 0.06667000000000001 0.059115999999999995
4 0.7034199999999999 0.16871999999999998 0.15898 0.03694
10 0.069231 0.216745 0.011966000000000004 0.08866999999999997
10 0.194015 0.219215 0.011970000000000008 0.08867
10 0.771795 0.22537 0.011970000000000036 0.0862
10 0.6453 0.22290500000000002 0.01195999999999997 0.08621000000000004
10 0.771795 0.17857 0.018809999999999993 0.012319999999999998
10 0.6453 0.174875 0.018799999999999928 0.009849999999999998
10 0.195725 0.16995 0.018809999999999993 0.009860000000000008
10 0.0692305 0.167485 0.018802999999999993 0.009849999999999998
