1 0.459151 0.5229085 0.875818 0.889483
2 0.0710785 0.5040450000000001 0.040849 0.07547000000000004
2 0.13317 0.5 0.04084 0.07816000000000001
2 0.195265 0.49461 0.04085 0.07816000000000001
2 0.272875 0.491915 0.04575000000000001 0.07277
2 0.341505 0.48922 0.04574999999999996 0.07278000000000001
2 0.41176500000000005 0.48922 0.04575000000000001 0.07278000000000001
2 0.48202500000000004 0.48651999999999995 0.04575000000000001 0.07278000000000001
2 0.553105 0.48651999999999995 0.04738999999999993 0.07278000000000001
2 0.620915 0.48383 0.04574999999999996 0.07278000000000001
2 0.622545 0.613205 0.04574999999999996 0.07817000000000007
2 0.553925 0.6118600000000001 0.04574999999999996 0.08086000000000004
2 0.48366 0.613205 0.04575999999999997 0.07817000000000007
2 0.41176500000000005 0.6172500000000001 0.04575000000000001 0.08086000000000004
2 0.34313499999999997 0.6159049999999999 0.04575000000000001 0.07816999999999996
2 0.272875 0.6172500000000001 0.04575000000000001 0.08086000000000004
2 0.19852999999999998 0.618595 0.047380000000000005 0.07817000000000007
2 0.133985 0.6266849999999999 0.04575 0.07816999999999996
2 0.07107849999999999 0.626685 0.034312999999999996 0.07277
2 0.199345 0.74798 0.04249 0.07278000000000007
2 0.13562 0.75337 0.042480000000000004 0.07816000000000001
2 0.0694445 0.75876 0.040849 0.07278000000000007
2 0.27451000000000003 0.7466299999999999 0.04575999999999997 0.07008000000000003
2 0.343955 0.7452799999999999 0.04410999999999998 0.07277999999999996
2 0.41503500000000004 0.7452799999999999 0.04575000000000001 0.07277999999999996
2 0.48284000000000005 0.7452799999999999 0.04411999999999999 0.07277999999999996
2 0.553925 0.74124 0.04574999999999996 0.07007999999999992
2 0.625 0.7425900000000001 0.04411999999999994 0.07277999999999996
2 0.705885 0.74124 0.04574999999999996 0.07007999999999992
2 0.704245 0.6105149999999999 0.04574999999999996 0.07816999999999996
2 0.702615 0.48383 0.04574999999999996 0.07278000000000001
2 0.28513 0.363885 0.027780000000000027 0.05391000000000001
2 0.41666499999999995 0.361185 0.02940999999999999 0.05390999999999996
2 0.34967499999999996 0.361185 0.02940999999999999 0.05390999999999996
2 0.48202500000000004 0.361185 0.02940999999999999 0.05390999999999996
2 0.547385 0.361185 0.029409999999999936 0.05390999999999996
2 0.612745 0.35849 0.029409999999999936 0.0539
2 0.702615 0.366575 0.029409999999999936 0.05391000000000001
2 0.06372549999999999 0.38949 0.009802999999999992 0.056599999999999984
2 0.078431 0.38544500000000004 0.009804000000000007 0.05929000000000001
2 0.12745 0.3841 0.00979999999999999 0.056599999999999984
2 0.14051999999999998 0.3814 0.009800000000000003 0.056599999999999984
2 0.19117499999999998 0.37601 0.009810000000000013 0.056599999999999984
2 0.20425 0.37601 0.009800000000000003 0.056599999999999984
2 0.118465 0.27088999999999996 0.011429999999999996 0.05121999999999999
2 0.13317 0.268195 0.011440000000000006 0.051210000000000006
2 0.14951 0.268195 0.011440000000000006 0.051210000000000006
2 0.77369 0.366575 0.027779999999999916 0.05391000000000001
2 0.843955 0.363885 0.027770000000000072 0.05391000000000001
2 0.75817 0.25202 0.01307999999999998 0.04582
2 0.77451 0.25337 0.01307999999999998 0.04851999999999998
2 0.79085 0.25202 0.013080000000000092 0.04582
2 0.773695 0.48651999999999995 0.04739000000000004 0.07278000000000001
2 0.843955 0.48651999999999995 0.04739000000000004 0.07278000000000001
2 0.773695 0.6105149999999999 0.04739000000000004 0.07816999999999996
2 0.844775 0.613205 0.04575000000000007 0.07817000000000007
2 0.77206 0.73854 0.04737999999999998 0.07008000000000003
2 0.844775 0.7398899999999999 0.04575000000000007 0.07277999999999996
2 0.624185 0.86792 0.04574999999999996 0.07008000000000003
2 0.553925 0.86792 0.04574999999999996 0.07008000000000003
2 0.41503500000000004 0.8652299999999999 0.04575000000000001 0.07008000000000003
2 0.90523 0.48651999999999995 0.009800000000000031 0.07278000000000001
2 0.9166650000000001 0.48787 0.006530000000000036 0.07548000000000005
2 0.9117649999999999 0.614555 0.009809999999999985 0.07547000000000004
2 0.910945 0.7425900000000001 0.00817000000000001 0.07277999999999996
2 0.922385 0.6186 0.00490999999999997 0.07277999999999996
2 0.922385 0.7425900000000001 0.00490999999999997 0.07277999999999996
4 0.28513 0.31940999999999997 0.05066000000000004 0.035040000000000016
4 0.35048999999999997 0.31806 0.05065999999999998 0.032340000000000035
4 0.41585 0.31940999999999997 0.05066000000000004 0.035040000000000016
4 0.48202999999999996 0.31806 0.04902000000000001 0.032340000000000035
4 0.54657 0.315365 0.05065999999999993 0.03234999999999999
4 0.6151949999999999 0.31267 0.05064999999999997 0.032340000000000035
4 0.1299035 0.145555 0.106213 0.08625
4 0.77288 0.12803399999999998 0.11437999999999993 0.088952
7 0.417485 0.35849 0.024510000000000032 0.04851999999999995
7 0.48284 0.354445 0.027780000000000027 0.040429999999999966
7 0.54902 0.35175 0.02288000000000001 0.03503999999999996
7 0.613565 0.34906000000000004 0.024510000000000032 0.035040000000000016
7 0.69608 0.35040499999999997 0.009800000000000031 0.016169999999999962
7 0.710785 0.34770999999999996 0.009810000000000096 0.016180000000000028
7 0.76634 0.35984 0.009800000000000031 0.03503999999999996
7 0.781045 0.35849 0.009809999999999985 0.03233999999999998
7 0.8366 0.36388 0.009800000000000031 0.04852000000000001
7 0.85131 0.36388 0.009800000000000031 0.04852000000000001
8 0.23121000000000003 0.28841 0.02778 0.05930000000000002
8 0.036765 0.31671000000000005 0.027777999999999997 0.062
8 0.6683 0.28032 0.026140000000000052 0.05930000000000002
8 0.8798999999999999 0.27897500000000003 0.027780000000000027 0.06199000000000002
9 0.457516 0.42991999999999997 0.872548 0.05660000000000004
10 0.163395 0.36253500000000005 0.013069999999999998 0.056609999999999994
10 0.22549 0.355795 0.01307999999999998 0.06468999999999997
10 0.0972245 0.36523 0.014711000000000002 0.056599999999999984
10 0.034314 0.37061999999999995 0.013071999999999997 0.062
10 0.1004915 0.62399 0.017976999999999993 0.34232
10 0.16503 0.628035 0.016339999999999993 0.34501000000000004
10 0.22712 0.62264 0.016339999999999993 0.34502000000000005
10 0.035948 0.6266849999999999 0.016339999999999997 0.34231
10 0.667485 0.601075 0.01797000000000004 0.34501000000000004
10 0.73693 0.60512 0.01634000000000002 0.34231999999999996
10 0.80882 0.60512 0.01634000000000002 0.34231999999999996
10 0.8799049999999999 0.60782 0.01796999999999993 0.34232
10 0.6666650000000001 0.415095 0.019610000000000016 0.02695000000000003
10 0.737745 0.41779 0.02124999999999999 0.026959999999999984
10 0.80801 0.420485 0.021239999999999926 0.02695000000000003
10 0.88072 0.42318 0.01959999999999995 0.026959999999999984
10 0.1004915 0.4407 0.017976999999999993 0.024260000000000004
10 0.164215 0.444745 0.017969999999999986 0.021569999999999978
10 0.226305 0.43935 0.017969999999999986 0.021559999999999968
10 0.035948 0.4434 0.016339999999999997 0.024260000000000004
10 0.0980395 0.411055 0.016340999999999994 0.029649999999999954
10 0.035948 0.41913500000000004 0.016339999999999997 0.02965000000000001
10 0.1634 0.408355 0.016339999999999993 0.02965000000000001
10 0.22549000000000002 0.402965 0.016339999999999993 0.02965000000000001
10 0.88072 0.39353 0.01633999999999991 0.032340000000000035
10 0.81046 0.390835 0.01634000000000002 0.03234999999999999
10 0.73856 0.390835 0.01634000000000002 0.02695000000000003
10 0.66667 0.390835 0.01634000000000002 0.02695000000000003
10 0.737745 0.34097 0.011430000000000051 0.06738
10 0.8104549999999999 0.34097 0.013070000000000026 0.06738
10 0.8807149999999999 0.343665 0.013070000000000026 0.06738999999999995
10 0.6674800000000001 0.343665 0.011440000000000006 0.06738999999999995
