1 0.41747 0.75263 0.45994 0.49473999999999996
2 0.33974 0.567365 0.025639999999999996 0.052629999999999955
2 0.38221000000000005 0.567365 0.024040000000000006 0.052629999999999955
2 0.42388000000000003 0.567365 0.024040000000000006 0.052629999999999955
2 0.2484 0.702105 0.025639999999999996 0.06105000000000005
2 0.28045 0.702105 0.025639999999999996 0.06105000000000005
2 0.39984 0.702105 0.027239999999999986 0.05685000000000007
2 0.4367 0.703155 0.027239999999999986 0.05895000000000006
2 0.503205 0.703155 0.025650000000000006 0.05895000000000006
2 0.5352600000000001 0.703155 0.025639999999999996 0.05895000000000006
2 0.5697099999999999 0.703155 0.02403999999999995 0.05895000000000006
2 0.6017600000000001 0.703155 0.02403999999999995 0.05895000000000006
2 0.5993599999999999 0.838945 0.025639999999999996 0.06947000000000003
2 0.56891 0.8378950000000001 0.025639999999999996 0.06737000000000004
2 0.5384599999999999 0.8400000000000001 0.025639999999999996 0.06735999999999998
2 0.5080100000000001 0.8400000000000001 0.025639999999999996 0.06735999999999998
2 0.40064 0.8378950000000001 0.028839999999999977 0.07157000000000002
2 0.4383 0.8368450000000001 0.03365999999999997 0.06947000000000003
2 0.28365 0.8368450000000001 0.025639999999999996 0.06947000000000003
2 0.2516 0.8368450000000001 0.025639999999999996 0.06947000000000003
2 0.79968 0.64737 0.025639999999999996 0.07367999999999997
2 0.77003 0.648425 0.02404000000000006 0.07579000000000002
2 0.254005 0.282105 0.04327 0.04630999999999996
2 0.41185499999999997 0.285265 0.04487000000000002 0.04420999999999997
2 0.332535 0.19579000000000002 0.01762999999999998 0.016839999999999994
2 0.246795 0.449475 0.05768999999999999 0.09472999999999998
2 0.34775500000000004 0.45158 0.057689999999999964 0.09473999999999999
2 0.445515 0.45158 0.05769000000000002 0.09473999999999999
2 0.08974299999999999 0.473685 0.022433999999999996 0.042110000000000036
2 0.753205 0.77158 0.07370999999999994 0.05684
2 0.93189 0.772635 0.12020000000000008 0.05894999999999995
2 0.66266 0.769475 0.027240000000000042 0.06105000000000005
2 0.77003 0.451575 0.02404000000000006 0.052629999999999955
2 0.71314 0.44842 0.022440000000000015 0.05052000000000001
2 0.767625 0.373685 0.01923000000000008 0.03578999999999999
2 0.697115 0.7863150000000001 0.038470000000000004 0.09894999999999998
2 0.8125 0.78842 0.04166000000000003 0.09474000000000005
4 0.25721 0.24842 0.09133999999999998 0.03367999999999999
4 0.417465 0.25263 0.09134999999999999 0.03367999999999999
4 0.332535 0.177895 0.05609000000000003 0.023150000000000004
4 0.78125 0.594735 0.1939200000000001 0.03578999999999999
5 0.263625 0.74 0.08172999999999997 0.014739999999999975
5 0.41747 0.737895 0.08494000000000002 0.01473000000000002
5 0.55048 0.73895 0.14904 0.016839999999999966
5 0.55048 0.876845 0.14904 0.018950000000000022
5 0.41827000000000003 0.8768400000000001 0.08654 0.014740000000000086
5 0.26763000000000003 0.877895 0.08654 0.01685000000000003
5 0.784455 0.6884250000000001 0.06570999999999994 0.01263000000000003
6 0.76282 0.825265 0.2275600000000001 0.05895000000000006
7 0.82532 0.64737 0.022439999999999904 0.07367999999999997
7 0.7459899999999999 0.64737 0.02403999999999995 0.07367999999999997
7 0.20032 0.448425 0.03205999999999998 0.09262999999999999
7 0.30689500000000003 0.450525 0.030450000000000033 0.09262999999999999
7 0.391825 0.45158 0.030450000000000033 0.09473999999999999
7 0.487985 0.452635 0.030450000000000033 0.09262999999999999
7 0.401445 0.452635 0.030449999999999977 0.09262999999999999
7 0.292465 0.450525 0.030450000000000033 0.09262999999999999
7 0.78205 0.37158 0.009619999999999962 0.03999999999999998
7 0.7516 0.37368 0.009620000000000073 0.03999999999999998
7 0.75 0.45052499999999995 0.012820000000000054 0.05473
7 0.785255 0.45052499999999995 0.006410000000000027 0.05473
7 0.73077 0.44842 0.009619999999999962 0.05052000000000001
7 0.6971149999999999 0.447365 0.009610000000000007 0.05263000000000001
9 0.420675 0.6599999999999999 0.45353 0.03158000000000005
