1 0.50247025 0.5019547 0.9925795 0.9921906
2 0.846105 0.21093499999999998 0.15450999999999993 0.11133000000000001
2 0.84858 0.38378999999999996 0.15203999999999995 0.10937999999999998
2 0.850435 0.5463899999999999 0.14832999999999996 0.11425999999999997
2 0.846725 0.7251 0.14832999999999996 0.11426000000000003
2 0.270705 0.2168 0.06922999999999999 0.11328000000000002
2 0.27256 0.3833 0.07046 0.11230000000000001
2 0.273795 0.5458999999999999 0.07045000000000001 0.11327999999999999
2 0.27627 0.722655 0.07046 0.11133000000000004
2 0.6168100000000001 0.54492 0.05686000000000002 0.10742000000000002
2 0.61557 0.7231449999999999 0.05686000000000002 0.11231000000000002
2 0.6118650000000001 0.38427500000000003 0.059329999999999994 0.11620999999999998
2 0.50309 0.36328499999999997 0.054379999999999984 0.07617000000000002
2 0.389985 0.360355 0.04821000000000003 0.07030999999999998
2 0.39308 0.526855 0.049439999999999984 0.07715
2 0.39122500000000004 0.702145 0.04572999999999999 0.07030999999999998
2 0.5 0.526365 0.04820000000000002 0.07617000000000002
2 0.502475 0.704105 0.04821000000000003 0.07617000000000007
2 0.739185 0.916015 0.09641 0.11522999999999994
2 0.1687265 0.91943 0.30778700000000003 0.10253999999999996
3 0.6032150000000001 0.91943 0.11124999999999996 0.15332
3 0.81644 0.933595 0.053159999999999985 0.12304999999999999
2 0.5 0.19385 0.04820000000000002 0.07519999999999999
2 0.38937 0.19434 0.04698000000000002 0.07421999999999998
2 0.6118699999999999 0.21240499999999998 0.05686000000000002 0.11620999999999998
6 0.114957 0.121093 0.118666 0.046873999999999985
6 0.46230000000000004 0.22461 0.49196 0.12303999999999998
6 0.460445 0.39990499999999995 0.4932099999999999 0.11035
6 0.46415 0.57568 0.49319999999999997 0.09667999999999999
6 0.45674 0.748535 0.49319999999999997 0.06542999999999999
8 0.61063 0.083987 0.03956000000000004 0.050786000000000005
9 0.5055645 0.273925 0.978991 0.024409999999999987
