1 0.5017544 0.5029297 0.9964912 0.9941406
2 0.16784 0.187985 0.08304 0.09863000000000002
2 0.40877 0.190915 0.08304 0.09863
2 0.64269 0.190915 0.08304 0.09863
2 0.885965 0.18945 0.08305000000000007 0.09766
2 0.88947 0.344725 0.08304 0.10350999999999999
2 0.64854 0.34326 0.08304 0.10253999999999996
2 0.407015 0.34326 0.08421000000000001 0.10253999999999996
2 0.16784 0.34326 0.08304 0.10253999999999996
2 0.168425 0.5083 0.08654999999999999 0.11815999999999999
2 0.407015 0.50928 0.08655000000000002 0.11815999999999999
2 0.6467849999999999 0.50928 0.08655000000000002 0.11815999999999999
2 0.8853800000000001 0.5083 0.08653999999999995 0.11815999999999999
2 0.6444449999999999 0.683595 0.08655000000000002 0.11719000000000002
2 0.407015 0.68799 0.08655000000000002 0.11816000000000004
2 0.166085 0.6875 0.09357 0.12890000000000001
2 0.887135 0.6875 0.09472999999999998 0.12890000000000001
2 0.169005 0.8369150000000001 0.08071 0.07226999999999995
2 0.40877 0.835935 0.0807 0.07227000000000006
2 0.651465 0.835935 0.08187 0.07227000000000006
2 0.8888849999999999 0.833495 0.08187 0.07129000000000008
6 0.164914 0.223145 0.145032 0.07715
6 0.409355 0.223145 0.14503000000000005 0.07715
6 0.650295 0.226075 0.14503 0.07715
6 0.891225 0.224125 0.14503 0.07715
6 0.89474 0.38378500000000004 0.16374 0.08202999999999999
6 0.65029 0.385745 0.16374 0.08202999999999999
6 0.405265 0.38378500000000004 0.16257 0.08202999999999999
6 0.162571 0.38086 0.163738 0.08204
6 0.1578945 0.56543 0.19415099999999996 0.11132000000000009
6 0.40468000000000004 0.563965 0.18012 0.11231000000000002
6 0.6491199999999999 0.5668949999999999 0.18011999999999995 0.11231000000000002
6 0.8953249999999999 0.563965 0.17895000000000005 0.11231000000000002
6 0.52456 0.729 0.93684 0.07323999999999997
2 0.16842000000000001 0.077637 0.03975999999999999 0.010742000000000002
2 0.409355 0.077637 0.03977000000000003 0.010742000000000002
2 0.88655 0.078613 0.039759999999999907 0.010742000000000002
2 0.64503 0.078613 0.03859999999999997 0.010742000000000002
7 0.16725 0.180175 0.07720000000000002 0.07324999999999998
7 0.408185 0.172365 0.07719000000000004 0.047850000000000004
7 0.6327499999999999 0.19286999999999999 0.05145999999999995 0.08886000000000002
7 0.8877200000000001 0.19092 0.07252000000000003 0.08692
7 0.16725 0.33643 0.07486000000000001 0.08496000000000004
7 0.408185 0.308595 0.07719000000000004 0.029290000000000038
7 0.6467849999999999 0.344235 0.07484999999999997 0.09863
7 0.88889 0.326175 0.07486000000000004 0.06054999999999999
7 0.887715 0.45996499999999996 0.08187 0.019529999999999992
7 0.6350899999999999 0.50879 0.05613999999999997 0.10937999999999998
7 0.4076 0.489255 0.08304 0.07227
7 0.16725 0.470705 0.07720000000000002 0.037109999999999976
7 0.16666999999999998 0.644045 0.08771999999999999 0.03808999999999996
7 0.408185 0.640135 0.08187 0.018550000000000066
7 0.6444449999999999 0.6494150000000001 0.08187 0.04883000000000004
7 0.88713 0.636715 0.08772000000000002 0.025390000000000024
8 0.52573 0.830565 0.03158000000000005 0.09277000000000002
8 0.23391499999999998 0.0654295 0.021049999999999985 0.037109
8 0.270175 0.067383 0.021050000000000013 0.03711
8 0.305265 0.0664065 0.021050000000000013 0.037108999999999996
8 0.34152 0.0664065 0.021059999999999968 0.037108999999999996
8 0.10175400000000001 0.064453 0.021052 0.03711
8 0.065497 0.0654295 0.021051999999999994 0.037109
8 0.028069999999999998 0.0654295 0.021051999999999998 0.037109
8 0.473685 0.0668945 0.021049999999999958 0.03613299999999999
8 0.508775 0.0668945 0.021049999999999958 0.03613299999999999
8 0.547365 0.0668945 0.021050000000000013 0.03613299999999999
8 0.582455 0.0664065 0.021049999999999902 0.037108999999999996
8 0.71228 0.0683595 0.021059999999999968 0.037109
8 0.748535 0.067383 0.021049999999999902 0.03711
8 0.785965 0.0683595 0.021050000000000013 0.037109
8 0.822225 0.067383 0.021050000000000013 0.03711
8 0.950875 0.067383 0.021050000000000013 0.03711
8 0.988305 0.0678715 0.021050000000000013 0.036133
9 0.5035075 0.0512695 0.978945 0.081055
9 0.5087715 0.253905 0.975437 0.023430000000000034
9 0.5087715 0.5791 0.975437 0.023440000000000016
11 0.40819 0.896485 0.16374 0.19530999999999998
11 0.163156 0.895995 0.167248 0.20215000000000005
11 0.6461950000000001 0.8969750000000001 0.16725 0.20214999999999994
11 0.8883049999999999 0.888185 0.16725 0.19239000000000006
