1 0.3829034 0.559175 0.7629332 0.85207
2 0.21983 0.739645 0.10920000000000002 0.21893000000000007
2 0.34698 0.74556 0.10775999999999997 0.2189399999999999
2 0.47414 0.742605 0.10919999999999996 0.21892999999999996
2 0.09195300000000001 0.74556 0.10919400000000001 0.2189399999999999
2 0.1364965 0.387575 0.10632699999999999 0.15385000000000004
2 0.32759 0.387575 0.10631999999999997 0.15385000000000004
2 0.502875 0.38905 0.06896999999999998 0.16271999999999998
2 0.659485 0.38905 0.06608999999999998 0.16271999999999998
3 0.65445 0.8387549999999999 0.061779999999999946 0.26922999999999997
5 0.13649650000000002 0.468935 0.12356700000000001 0.038470000000000004
5 0.327585 0.467455 0.12357000000000001 0.029590000000000005
5 0.501435 0.473375 0.09194999999999998 0.02366999999999997
5 0.663795 0.476335 0.10345000000000004 0.02366999999999997
7 0.252875 0.38461500000000004 0.040230000000000016 0.15977000000000002
7 0.400865 0.38609499999999997 0.040230000000000044 0.16272999999999999
7 0.207615 0.38166 0.03591 0.16568000000000005
7 0.48707 0.389055 0.03448000000000001 0.15681
7 0.521555 0.389055 0.031609999999999916 0.15681
7 0.644395 0.387575 0.03304999999999991 0.15385000000000004
7 0.677445 0.389055 0.03017000000000003 0.15681
7 0.89655 0.48373 0.020120000000000027 0.13314000000000004
7 0.92241 0.50444 0.017240000000000033 0.12129999999999996
7 0.952585 0.516275 0.01149 0.10355000000000003
7 0.985635 0.532545 0.01149 0.07101000000000007
9 0.37931195 0.171595 0.7442561 0.06508999999999998
11 0.72414 0.44230499999999995 0.06034000000000006 0.14497
11 0.38865000000000005 0.529585 0.4842 0.07100999999999996
11 0.8354900000000001 0.6508849999999999 0.07901999999999998 0.059170000000000056
11 0.834055 0.786985 0.20833000000000002 0.18935000000000002
11 0.71121 0.788465 0.03736000000000006 0.06805000000000005
11 0.703305 0.714495 0.033050000000000024 0.06213000000000002
11 0.5560350000000001 0.71006 0.0402300000000001 0.07099999999999995
11 0.565375 0.789945 0.03017000000000003 0.059169999999999945
11 0.61279 0.83876 0.015799999999999925 0.25739999999999996
11 0.569685 0.8683449999999999 0.021549999999999958 0.05620999999999998
