1 0.4661355 0.534666 0.839309 0.928708
2 0.1494 0.20507999999999998 0.06241999999999999 0.07226000000000002
2 0.151395 0.36816499999999996 0.06374999999999999 0.08593
2 0.153385 0.527345 0.06241000000000001 0.09178999999999998
2 0.15272 0.700195 0.06374 0.09570999999999996
2 0.15272 0.887695 0.0664 0.10546999999999995
2 0.30876499999999996 0.20507999999999998 0.06241000000000002 0.07226000000000002
2 0.46414 0.20507999999999998 0.06242000000000003 0.07226000000000002
2 0.621515 0.20507999999999998 0.06108999999999998 0.07226000000000002
2 0.7802100000000001 0.2041 0.06242000000000003 0.07225999999999999
2 0.30943 0.36865499999999995 0.06374000000000002 0.08690999999999999
2 0.464805 0.367675 0.06375000000000003 0.08886999999999995
2 0.6228400000000001 0.36719 0.06374000000000002 0.08983999999999998
2 0.777555 0.368165 0.06506999999999996 0.08984999999999999
2 0.31009 0.527345 0.062419999999999976 0.09178999999999998
2 0.623505 0.52637 0.062409999999999966 0.09179999999999994
2 0.78154 0.52588 0.06241999999999992 0.09081999999999996
2 0.30943 0.7011700000000001 0.06374000000000002 0.09570000000000001
2 0.6228400000000001 0.699705 0.06374000000000002 0.09472999999999998
2 0.78154 0.69922 0.06241999999999992 0.09570000000000001
2 0.3081 0.887205 0.06640000000000001 0.10448999999999997
2 0.61886 0.886715 0.06640000000000001 0.10546999999999995
2 0.77822 0.887695 0.06640000000000001 0.10546999999999995
2 0.46547 0.53467 0.06508000000000003 0.10644000000000003
2 0.46547 0.708985 0.06242000000000003 0.11719000000000002
3 0.46547 0.956055 0.08897999999999995 0.08007000000000009
4 0.1567055 0.637695 0.14076899999999998 0.04686999999999997
4 0.314745 0.637205 0.14076999999999998 0.04784999999999995
4 0.6294850000000001 0.637205 0.14076999999999995 0.04784999999999995
4 0.789505 0.63672 0.14741000000000004 0.04687999999999992
5 0.151395 0.42041 0.08233000000000001 0.020499999999999963
5 0.30943 0.419925 0.08500000000000002 0.019529999999999992
5 0.464805 0.42041 0.08498999999999995 0.020499999999999963
5 0.62218 0.419925 0.08365999999999996 0.019529999999999992
5 0.154051 0.9526399999999999 0.108898 0.028320000000000012
5 0.310095 0.95166 0.11023 0.028320000000000012
5 0.624835 0.9526399999999999 0.10757000000000005 0.028320000000000012
5 0.78486 0.9526399999999999 0.1089 0.028320000000000012
6 0.5 0.594725 0.24834 0.1464899999999999
6 0.49336 0.796875 0.27224000000000004 0.1367100000000001
8 0.233735 0.3042 0.07436999999999999 0.036140000000000005
8 0.38845 0.30762 0.07304 0.039059999999999984
8 0.0796815 0.30957 0.055777 0.044920000000000015
8 0.5511250000000001 0.31103499999999995 0.06108999999999998 0.047850000000000004
8 0.70983 0.31005499999999997 0.06242000000000003 0.047850000000000004
8 0.86321 0.31201500000000004 0.03983999999999999 0.05370999999999998
8 0.15405000000000002 0.6015600000000001 0.04250000000000001 0.029299999999999993
8 0.30943 0.6015600000000001 0.04249999999999998 0.029299999999999993
8 0.624835 0.59961 0.043830000000000036 0.029299999999999993
8 0.7802100000000001 0.6015600000000001 0.04382000000000008 0.029299999999999993
2 0.46348 0.844235 0.09030000000000005 0.036129999999999995
9 0.4661355 0.11767449999999999 0.826029 0.086911
9 0.4641425 0.26317999999999997 0.8273550000000001 0.05175999999999997
9 0.4661345 0.452635 0.8233710000000001 0.04198999999999997
9 0.4667975 0.35205 0.832665 0.028319999999999956
9 0.4674635 0.77734 0.823373 0.0625
10 0.36985 0.400875 0.019919999999999993 0.07129000000000002
10 0.405045 0.40136499999999997 0.02124999999999999 0.07227
10 0.525895 0.40332 0.02124999999999999 0.07225999999999999
10 0.561755 0.400875 0.02124999999999999 0.07129000000000002
10 0.25033 0.40234499999999995 0.01992000000000002 0.07227
10 0.21182 0.40429499999999996 0.019919999999999993 0.07227
10 0.0922985 0.40136499999999997 0.01992300000000001 0.07227
10 0.057105 0.40185499999999996 0.015936000000000006 0.07129000000000002
10 0.683935 0.40380499999999997 0.02124999999999999 0.07129000000000002
10 0.71846 0.40039 0.021239999999999926 0.07226000000000005
10 0.840635 0.402835 0.02124999999999999 0.07128999999999996
10 0.873175 0.398435 0.014610000000000012 0.07227
10 0.212485 0.361815 0.023909999999999987 0.012689999999999979
10 0.24966500000000003 0.36133 0.02125000000000002 0.009759999999999991
10 0.0922995 0.36084 0.022581000000000004 0.010739999999999972
10 0.057105 0.36182000000000003 0.018592000000000004 0.010740000000000027
10 0.369855 0.36084 0.02256999999999998 0.010739999999999972
10 0.405045 0.36084 0.023909999999999987 0.010739999999999972
10 0.525895 0.36084 0.023910000000000098 0.010739999999999972
10 0.561755 0.35986 0.023910000000000098 0.010739999999999972
10 0.68393 0.361325 0.023900000000000032 0.01366999999999996
10 0.71846 0.35986 0.023900000000000032 0.010739999999999972
10 0.8412999999999999 0.36084 0.022579999999999933 0.010739999999999972
10 0.87384 0.359375 0.015939999999999954 0.005850000000000022
10 0.90969 0.41113 0.0398400000000001 0.029299999999999993
10 0.9077 0.34668 0.01992000000000005 0.09960000000000002
10 0.90903 0.285155 0.02523999999999993 0.025390000000000024
11 0.2084995 0.980465 0.32138100000000003 0.019530000000000047
