2 0.284695 0.27181500000000003 0.03469 0.03802999999999995
2 0.17143 0.27293 0.036739999999999995 0.0358
2 0.815305 0.27181500000000003 0.03469 0.03802999999999995
2 0.168365 0.37472 0.06327000000000002 0.06488000000000005
2 0.27041 0.37695999999999996 0.06325999999999998 0.06488
2 0.8112250000000001 0.372485 0.059189999999999965 0.051449999999999996
2 0.710205 0.372485 0.06123000000000001 0.051449999999999996
2 0.80714 0.4698 0.05918000000000001 0.05815999999999999
2 0.709185 0.4698 0.059189999999999965 0.05815999999999999
2 0.267345 0.473155 0.06123000000000001 0.055930000000000035
2 0.167345 0.473155 0.06123000000000001 0.055930000000000035
2 0.166325 0.576065 0.05919000000000002 0.07382999999999995
2 0.26632500000000003 0.579415 0.05919000000000002 0.07159000000000004
2 0.42245 0.574945 0.06530000000000002 0.07158999999999993
2 0.5224500000000001 0.5771850000000001 0.06530000000000002 0.07158999999999993
2 0.62449 0.572705 0.06529999999999991 0.07159000000000004
2 0.6204099999999999 0.464205 0.06530000000000002 0.06041000000000002
2 0.518365 0.46085 0.06530999999999998 0.05815999999999999
2 0.42245 0.46308499999999997 0.06530000000000002 0.05817
2 0.8040799999999999 0.580535 0.06530000000000002 0.06935000000000002
2 0.163265 0.675615 0.057150000000000006 0.08052999999999999
2 0.26632500000000003 0.675615 0.05919000000000002 0.08052999999999999
2 0.809185 0.6767350000000001 0.06735000000000002 0.07382999999999995
2 0.7081649999999999 0.67226 0.06938999999999995 0.07382
2 0.626535 0.34787500000000005 0.07755000000000001 0.11857000000000001
2 0.5255099999999999 0.345635 0.0796 0.11857000000000001
2 0.42449000000000003 0.348995 0.07756000000000002 0.11633000000000004
2 0.0857145 0.37584 0.016327000000000008 0.06264000000000003
2 0.0591835 0.37807999999999997 0.016327 0.06263999999999997
2 0.0836735 0.47426999999999997 0.016327000000000008 0.06263999999999997
2 0.0591835 0.47204 0.016327 0.06264000000000003
2 0.08673449999999999 0.27964500000000003 0.01836700000000001 0.04026999999999997
2 0.556125 0.16778500000000002 0.018369999999999997 0.05368999999999999
2 0.529595 0.166665 0.018369999999999997 0.05593000000000001
2 0.5030600000000001 0.16778500000000002 0.018360000000000043 0.05368999999999999
3 0.42244499999999996 0.68009 0.07346999999999998 0.08948
3 0.52449 0.68009 0.07346000000000003 0.08948
3 0.6224449999999999 0.678975 0.07347000000000004 0.08725000000000005
2 0.8785700000000001 0.370245 0.01427999999999996 0.055930000000000035
2 0.9071450000000001 0.3736 0.014290000000000025 0.05815999999999999
8 0.532655 0.06599425 0.11429 0.1140915
9 0.49387949999999997 0.519015 0.844901 0.049209999999999976
1 0.4816335 0.3892607 0.8775529999999999 0.7650986
10 0.48163500000000004 0.18121 0.01633000000000001 0.15660000000000002
10 0.579595 0.18121 0.016329999999999956 0.15660000000000002
