1 0.5098455 0.5514 0.9015289999999999 0.8972
2 0.33698 0.287385 0.11816000000000004 0.15420999999999999
2 0.48139999999999994 0.299065 0.11815999999999999 0.15887
2 0.621445 0.306075 0.11817 0.15421
2 0.77243 0.31307999999999997 0.11815999999999993 0.15888
2 0.77462 0.614485 0.11816000000000004 0.15421000000000007
2 0.6302 0.609815 0.11816000000000004 0.15420999999999996
2 0.48358999999999996 0.5957950000000001 0.11815999999999999 0.15421000000000007
2 0.340265 0.5864499999999999 0.11597000000000002 0.1542
2 0.1695855 0.28271 0.17286900000000002 0.1729
2 0.1663015 0.574765 0.17067699999999997 0.17756999999999995
7 0.1652055 0.574765 0.164109 0.16823000000000005
7 0.34026 0.58645 0.11160000000000003 0.14486
2 0.33916999999999997 0.925235 0.12254000000000004 0.14019000000000004
2 0.48358999999999996 0.925235 0.12254000000000004 0.14019000000000004
2 0.77571 0.93925 0.12471999999999994 0.1028
2 0.90591 0.943925 0.09627999999999992 0.10281000000000007
2 0.6312949999999999 0.9369149999999999 0.12035000000000007 0.1168300000000001
7 0.340265 0.92523 0.11597000000000002 0.13084000000000007
7 0.48578 0.92757 0.11815999999999999 0.13552000000000008
7 0.63129 0.9369149999999999 0.11597999999999997 0.10747000000000007
7 0.90591 0.946265 0.09190000000000009 0.09813000000000005
7 0.7757149999999999 0.9415899999999999 0.12035000000000007 0.08877999999999997
6 0.1225395 0.754675 0.074401 0.12617
2 0.90372 0.320095 0.10065999999999997 0.16355
2 0.9070050000000001 0.6238349999999999 0.09846999999999995 0.16354999999999997
5 0.9048149999999999 0.45794 0.10285 0.09345999999999993
5 0.907 0.764015 0.10284000000000004 0.09813000000000005
