1 0.4962313 0.52881 0.9874374 0.93848
2 0.203515 0.28955 0.08543 0.07324000000000003
2 0.494975 0.28808500000000004 0.08543 0.07227
2 0.7814049999999999 0.285645 0.08543 0.07325000000000001
2 0.201005 0.39502000000000004 0.08543 0.07324000000000003
2 0.484925 0.39502000000000004 0.08543 0.07324000000000003
2 0.785175 0.39404 0.08290999999999993 0.07323999999999997
2 0.7751300000000001 0.5019549999999999 0.08794000000000002 0.07616999999999996
2 0.49121000000000004 0.50244 0.08793999999999996 0.07519999999999999
2 0.201005 0.50342 0.08543 0.07519999999999993
2 0.201005 0.623535 0.10050999999999999 0.09473000000000009
2 0.49246 0.624515 0.10050000000000003 0.09472999999999998
2 0.7751300000000001 0.62256 0.10804000000000002 0.09471999999999992
2 0.20351999999999998 0.753905 0.11557999999999999 0.08984999999999999
2 0.48995 0.75293 0.11558000000000002 0.08983999999999992
2 0.7738700000000001 0.751955 0.1155799999999999 0.08984999999999999
2 0.11306750000000002 0.1792 0.040205000000000005 0.04980000000000001
2 0.292715 0.1792 0.042710000000000026 0.04980000000000001
2 0.40452 0.177735 0.040200000000000014 0.048829999999999985
2 0.5804 0.176755 0.040200000000000014 0.048829999999999985
2 0.69347 0.17724499999999999 0.040200000000000014 0.04980999999999999
2 0.8743749999999999 0.17578 0.05025000000000002 0.05077999999999999
2 0.20226499999999997 0.17871 0.09799 0.05077999999999999
2 0.491205 0.17676 0.09799000000000002 0.05077999999999999
2 0.780155 0.17578 0.09799000000000002 0.05077999999999999
3 0.487435 0.933595 0.20101000000000002 0.12304999999999999
6 0.498744 0.311035 0.962312 0.04003000000000001
6 0.1997485 0.43213 0.208543 0.06347999999999998
6 0.48995 0.430665 0.21106000000000003 0.06445000000000001
6 0.775125 0.429685 0.20855 0.06445000000000001
6 0.778895 0.541995 0.23114999999999997 0.06641000000000008
6 0.491205 0.541995 0.23367000000000004 0.06641000000000008
6 0.19598100000000002 0.543945 0.231158 0.06641000000000008
6 0.4861795 0.666505 0.836681 0.05760999999999994
6 0.4836675 0.8188500000000001 0.937185 0.04393999999999998
7 0.11558 0.179195 0.03518000000000002 0.047850000000000004
7 0.203515 0.17870999999999998 0.09045 0.04882
7 0.292715 0.17870999999999998 0.03266999999999998 0.04882
7 0.40452 0.17724499999999999 0.03517999999999999 0.047849999999999976
7 0.49121000000000004 0.176755 0.08793999999999996 0.048829999999999985
7 0.581655 0.17626999999999998 0.03769 0.047859999999999986
7 0.69347 0.17626999999999998 0.03517999999999999 0.047859999999999986
7 0.7814049999999999 0.17578 0.09045000000000003 0.046880000000000005
7 0.875625 0.175295 0.042710000000000026 0.047850000000000004
7 0.13818999999999998 0.28808999999999996 0.040199999999999986 0.07422000000000001
7 0.26382 0.28906 0.040200000000000014 0.07422000000000001
7 0.46734 0.28711 0.04019999999999996 0.07422000000000001
7 0.51256 0.28906 0.040200000000000014 0.07422000000000001
7 0.7575400000000001 0.28711 0.047740000000000005 0.07422000000000001
7 0.80779 0.28613 0.047740000000000005 0.07422000000000004
7 0.84171 0.39404 0.040200000000000014 0.07323999999999997
7 0.42965 0.39404 0.04019999999999996 0.07323999999999997
7 0.75628 0.39307000000000003 0.055279999999999996 0.07324000000000003
7 0.518845 0.39307000000000003 0.05779000000000001 0.07324000000000003
7 0.2299 0.39551000000000003 0.047740000000000005 0.07422000000000001
7 0.17965 0.39551000000000003 0.047740000000000005 0.07422000000000001
7 0.18216 0.50293 0.047740000000000005 0.07421999999999995
7 0.228645 0.50293 0.05024999999999999 0.07421999999999995
7 0.451005 0.50244 0.03266999999999998 0.08105999999999997
7 0.521355 0.50342 0.042710000000000026 0.08106000000000002
7 0.74623 0.50488 0.055279999999999996 0.08007999999999998
7 0.8002499999999999 0.50488 0.05276000000000003 0.08007999999999998
7 0.805275 0.623045 0.052769999999999984 0.09375
7 0.751255 0.622075 0.050249999999999906 0.09375
7 0.5238700000000001 0.623045 0.027639999999999998 0.09375
7 0.423365 0.624025 0.042710000000000026 0.09375
7 0.265075 0.624025 0.027630000000000043 0.09375
7 0.13442 0.625 0.027640000000000012 0.09376000000000007
6 0.5037665 0.08252000000000001 0.962307 0.040040000000000006
8 0.7751250000000001 0.90332 0.1733699999999999 0.12304000000000004
8 0.20226 0.901365 0.17335999999999996 0.12304999999999999
9 0.49622885 0.1245115 0.9773823 0.057617000000000015
9 0.49623 0.214845 0.97236 0.02929000000000001
9 0.4987425 0.4375 0.9673350000000001 0.013680000000000025
9 0.49372 0.548825 0.96734 0.013670000000000071
9 0.4987425 0.678715 0.9673350000000001 0.01366999999999996
8 0.48492500000000005 0.8530249999999999 0.25125000000000003 0.018549999999999955
10 0.33291499999999996 0.916015 0.027629999999999988 0.06640999999999997
10 0.6394500000000001 0.916995 0.027639999999999998 0.06641000000000008
10 0.0766355 0.912595 0.052769 0.053710000000000035
10 0.90201 0.9116249999999999 0.05025999999999997 0.053710000000000035
11 0.203515 0.909665 0.08543 0.07714999999999994
11 0.7738700000000001 0.907715 0.0954799999999999 0.08496999999999999
