1 0.6792 0.5118360000000001 0.56152 0.970748
1 0.19921655 0.596795 0.3945269 0.80083
2 0.5034150000000001 0.293175 0.04199000000000003 0.08775000000000002
2 0.6167 0.29178 0.04200000000000004 0.08774000000000001
2 0.862305 0.287605 0.04100999999999999 0.09053
2 0.75 0.28691 0.041020000000000056 0.09192
2 0.6821299999999999 0.294565 0.03808 0.09053000000000003
2 0.504885 0.466575 0.041010000000000046 0.08913000000000004
2 0.617675 0.46588 0.04198999999999997 0.08774000000000004
2 0.686035 0.46448500000000004 0.04199000000000008 0.09053000000000005
2 0.864255 0.46169499999999997 0.04296999999999995 0.09052999999999994
2 0.75293 0.46448500000000004 0.041020000000000056 0.09053000000000005
2 0.7529300000000001 0.6155999999999999 0.039059999999999984 0.11141999999999996
2 0.685055 0.617685 0.04198999999999997 0.11280999999999997
2 0.61719 0.6190800000000001 0.041020000000000056 0.11282000000000003
2 0.50293 0.621865 0.04102 0.12395
2 0.865235 0.621865 0.04100999999999999 0.12117
2 0.748535 0.16016999999999998 0.04003000000000001 0.08077999999999999
2 0.86084 0.16086499999999998 0.040039999999999965 0.07938999999999999
2 0.68213 0.16294999999999998 0.040040000000000076 0.08077999999999999
2 0.61572 0.16294999999999998 0.040039999999999965 0.08077999999999999
2 0.501465 0.166435 0.040030000000000066 0.07939000000000002
2 0.33691499999999996 0.6636500000000001 0.019529999999999992 0.08218000000000003
2 0.31054499999999996 0.6629499999999999 0.019529999999999992 0.08077999999999996
2 0.33691000000000004 0.529245 0.017579999999999985 0.06685000000000002
2 0.31054499999999996 0.52855 0.019529999999999992 0.06824000000000002
2 0.049805 0.6573800000000001 0.017578000000000003 0.07799999999999996
2 0.0737305 0.65947 0.016601000000000005 0.0766
2 0.0756835 0.526465 0.016601000000000005 0.06685000000000002
2 0.0527345 0.52716 0.015625 0.06546000000000002
2 0.16992000000000002 0.4039 0.017580000000000012 0.058499999999999996
2 0.193355 0.40529 0.019529999999999992 0.06128
2 0.2168 0.40529 0.017580000000000012 0.058499999999999996
2 0.1875 0.532035 0.05077999999999999 0.07799000000000006
2 0.18799 0.669915 0.04003999999999999 0.09470999999999996
2 0.096678 0.776465 0.048824000000000006 0.04874999999999996
2 0.19043 0.78064 0.04882 0.04596
2 0.28613 0.78343 0.05077999999999999 0.04596
2 0.49805 0.764625 0.08007999999999998 0.02784999999999993
3 0.09765499999999999 0.9150400000000001 0.07617 0.13370000000000004
4 0.19971 0.35724500000000003 0.14746 0.04038999999999998
4 0.5083 0.552925 0.10449999999999998 0.025069999999999926
4 0.875975 0.5494399999999999 0.10547000000000006 0.023680000000000034
6 0.20654 0.44011 0.15918 0.10306000000000004
6 0.210445 0.575205 0.19043 0.10585
6 0.20801000000000003 0.72075 0.19726000000000002 0.09332000000000007
6 0.524415 0.6929000000000001 0.20703 0.12673999999999996
6 0.8686499999999999 0.690805 0.17479999999999996 0.12535000000000007
7 0.031738 0.524375 0.020508000000000002 0.07102999999999998
7 0.10009699999999999 0.52368 0.02050600000000001 0.06963999999999998
7 0.288575 0.52646 0.020509999999999973 0.06963999999999998
7 0.36377000000000004 0.52646 0.020500000000000018 0.06963999999999998
7 0.361815 0.6636500000000001 0.020510000000000028 0.08218000000000003
7 0.288575 0.662955 0.020509999999999973 0.08635000000000004
7 0.097167 0.656685 0.020505999999999996 0.08216999999999997
7 0.029785 0.655295 0.020508 0.08216999999999997
7 0.14844000000000002 0.53203 0.027340000000000003 0.08078000000000002
7 0.23632999999999998 0.53203 0.027340000000000003 0.08078000000000002
7 0.228025 0.67131 0.024409999999999987 0.0947
7 0.15674 0.664345 0.022460000000000008 0.10026999999999997
7 0.24120999999999998 0.402505 0.02343999999999999 0.06684999999999997
7 0.15039 0.40529499999999996 0.02148 0.06685000000000002
7 0.50049 0.172005 0.03221999999999997 0.05989
7 0.6137699999999999 0.172005 0.032220000000000026 0.05989
7 0.858395 0.28412000000000004 0.03125 0.05014000000000002
7 0.858885 0.447075 0.03027000000000002 0.030649999999999955
7 0.50049 0.598885 0.034180000000000044 0.04457
7 0.61426 0.591925 0.03515999999999997 0.03342999999999996
7 0.6821299999999999 0.6232599999999999 0.032220000000000026 0.09609999999999996
4 0.688475 0.241645 0.09375 0.029249999999999998
2 0.196285 0.32033500000000004 0.01953000000000002 0.033430000000000015
9 0.68848 0.36560000000000004 0.5332000000000001 0.06546000000000002
9 0.6787099999999999 0.05501349999999999 0.54492 0.045960999999999995
9 0.1987297 0.729805 0.3857406 0.041789999999999994
9 0.68066 0.70543 0.54492 0.023679999999999923
10 0.43848 0.226325 0.017579999999999985 0.19916999999999999
10 0.572265 0.222145 0.017569999999999975 0.19917
10 0.9316450000000001 0.21518 0.019529999999999936 0.2103
10 0.799315 0.21936 0.020510000000000028 0.20474000000000003
10 0.9375 0.5313399999999999 0.02540000000000009 0.21865999999999997
10 0.802245 0.537605 0.024410000000000043 0.23676999999999998
10 0.574215 0.543175 0.019530000000000047 0.23677000000000004
10 0.437985 0.5424800000000001 0.020510000000000028 0.23816000000000004
10 0.4375 0.33287 0.03515999999999997 0.013920000000000043
10 0.572265 0.33078 0.035150000000000015 0.01532
10 0.7988299999999999 0.32939 0.03515999999999997 0.01532
10 0.93164 0.32799 0.03515999999999997 0.01532
10 0.438475 0.41225500000000004 0.03125 0.022289999999999976
10 0.5737300000000001 0.41295000000000004 0.030279999999999974 0.02367999999999998
10 0.802735 0.40668499999999996 0.03125 0.022289999999999976
10 0.9375 0.408775 0.03516000000000008 0.026469999999999994
10 0.931155 0.0954065 0.036129999999999995 0.026467000000000004
10 0.796875 0.10097400000000001 0.035150000000000015 0.03203199999999999
10 0.5712900000000001 0.105848 0.03515999999999997 0.033423999999999995
10 0.441405 0.11072399999999999 0.035150000000000015 0.03203199999999999
11 0.43994 0.8001400000000001 0.03808 0.03203999999999996
11 0.57324 0.801535 0.039059999999999984 0.03203
11 0.805175 0.80362 0.03808999999999996 0.03064
11 0.93848 0.80223 0.039059999999999984 0.03064
11 0.68994 0.740945 0.06933999999999996 0.02785000000000004
11 0.68213 0.9115599999999999 0.5459 0.16015999999999997
11 0.191405 0.90738 0.07227 0.0766
11 0.28174 0.912955 0.08106 0.07938999999999996
11 0.260745 0.8447100000000001 0.24805 0.054320000000000035
11 0.6894549999999999 0.79457 0.18945 0.06546000000000007
2 0.868165 0.787605 0.08789000000000002 0.04875000000000007
11 0.55078 0.378135 0.13672 0.03761000000000003
11 0.82178 0.371865 0.14746000000000004 0.041789999999999994
