1 0.501443 0.5004897 0.997114 0.9892606
2 0.13997 0.148925 0.05772000000000001 0.08887
2 0.38889 0.14795 0.05628 0.08886
2 0.63636 0.14795 0.057719999999999994 0.08886
2 0.88961 0.148925 0.05628 0.08887
2 0.1378085 0.28076 0.07648300000000001 0.09082000000000001
2 0.38744500000000004 0.280765 0.07937 0.09276999999999999
2 0.637805 0.28125 0.08080999999999994 0.09179999999999999
2 0.88961 0.280275 0.07647999999999999 0.09375
2 0.1349195 0.421875 0.088021 0.10350999999999999
2 0.388165 0.421875 0.08368999999999999 0.10350999999999999
2 0.638525 0.421875 0.08224999999999993 0.10350999999999999
2 0.88961 0.42139000000000004 0.08226 0.10254000000000002
2 0.1363625 0.5742149999999999 0.085135 0.11133000000000004
2 0.38744500000000004 0.573245 0.07937 0.11132999999999993
2 0.6363650000000001 0.5742149999999999 0.08080999999999994 0.11133000000000004
2 0.886725 0.572265 0.08224999999999993 0.11133000000000004
2 0.38961 0.7338849999999999 0.07791999999999999 0.11817
2 0.1370855 0.73389 0.080809 0.12012
2 0.637085 0.73242 0.07647000000000004 0.11914000000000002
2 0.8881699999999999 0.731935 0.07647999999999999 0.11817
3 0.5129900000000001 0.911135 0.14574000000000004 0.14649
4 0.6342 0.06152455 0.14286 0.1054709
4 0.89105 0.06152455 0.14286 0.1054709
4 0.386 0.06152455 0.14286 0.1054709
4 0.1305915 0.06152455 0.142857 0.1054709
6 0.509381 0.1875 0.949498 0.07812000000000002
6 0.5137105 0.32372999999999996 0.949499 0.0791
6 0.509381 0.47168 0.949498 0.07811999999999997
6 0.5165935 0.620115 0.949493 0.07813000000000003
6 0.5021625 0.78467 0.961035 0.07909999999999995
7 0.657285 0.154785 0.03319000000000005 0.07715000000000001
7 0.621935 0.154785 0.03462999999999994 0.07715000000000001
7 0.907645 0.154295 0.03463000000000005 0.07617
7 0.872295 0.154295 0.03318999999999994 0.07617
7 0.155845 0.28369 0.03463000000000002 0.08496000000000001
7 0.11832500000000001 0.282715 0.03463000000000001 0.08496999999999999
7 0.1190485 0.423825 0.038962999999999984 0.09960999999999998
7 0.15800999999999998 0.423825 0.03896000000000002 0.09960999999999998
7 0.36869 0.423825 0.038959999999999995 0.09960999999999998
7 0.40837 0.423825 0.03752 0.09960999999999998
7 0.65801 0.422365 0.03752 0.10059000000000001
7 0.61833 0.422365 0.038959999999999995 0.10059000000000001
7 0.86941 0.422365 0.038959999999999995 0.10059000000000001
7 0.9083699999999999 0.421875 0.038959999999999995 0.09960999999999998
7 0.9062049999999999 0.5737300000000001 0.03751000000000004 0.10839999999999994
7 0.86724 0.5737300000000001 0.03752 0.10839999999999994
7 0.6565650000000001 0.57471 0.03751000000000004 0.10839999999999994
7 0.61833 0.5737300000000001 0.038959999999999995 0.10839999999999994
7 0.40693 0.57422 0.03752 0.10741999999999996
7 0.367965 0.57422 0.03750999999999999 0.10741999999999996
7 0.158005 0.733395 0.03319 0.11719000000000002
7 0.1103885 0.7338849999999999 0.021642999999999996 0.11817
7 0.332615 0.73291 0.024529999999999996 0.12401999999999991
7 0.43650500000000003 0.7334 0.024529999999999996 0.12303999999999993
7 0.582255 0.731935 0.024530000000000052 0.12403000000000008
7 0.690475 0.7324250000000001 0.024530000000000052 0.12304999999999999
7 0.9415549999999999 0.7334 0.024530000000000052 0.12303999999999993
7 0.834775 0.731935 0.024530000000000052 0.12403000000000008
9 0.502887 0.11572099999999999 0.982686 0.204098
10 0.633475 0.89844 0.031749999999999945 0.11328000000000005
10 0.38744500000000004 0.89941 0.030310000000000004 0.11327999999999994
10 0.38383500000000004 0.8237300000000001 0.043289999999999995 0.03613999999999995
10 0.632035 0.824705 0.04329000000000005 0.036129999999999995
11 0.712845 0.90137 0.054830000000000045 0.13671999999999995
10 0.632755 0.973145 0.04473000000000005 0.036129999999999995
11 0.8860049999999999 0.901365 0.14719000000000004 0.13476999999999995
10 0.194082 0.901365 0.278496 0.13280999999999998
