1 0.503906 0.5020789999999999 0.917968 0.824102
2 0.166015 0.176595 0.029289999999999983 0.06786999999999999
2 0.200195 0.175205 0.02929000000000001 0.06786999999999999
2 0.23535 0.17451499999999998 0.029299999999999993 0.06925
2 0.270995 0.173825 0.03027000000000002 0.06787000000000001
2 0.30713 0.172435 0.030279999999999974 0.06786999999999999
2 0.342285 0.17174499999999998 0.03027000000000002 0.06925
2 0.379395 0.17174499999999998 0.03027000000000002 0.06925
2 0.462405 0.16759000000000002 0.03027000000000002 0.06926000000000002
2 0.49853499999999995 0.16759000000000002 0.030269999999999964 0.06926000000000002
2 0.535155 0.16482 0.029289999999999927 0.06925999999999999
2 0.620605 0.168975 0.03027000000000002 0.06925
2 0.65674 0.168975 0.030280000000000085 0.06925
2 0.6928700000000001 0.17036 0.030279999999999974 0.06926000000000002
2 0.7299800000000001 0.17036 0.030279999999999974 0.06926000000000002
2 0.765135 0.17174499999999998 0.03027000000000002 0.06925
2 0.802245 0.17036 0.03027000000000002 0.06926000000000002
2 0.8383799999999999 0.17174499999999998 0.030279999999999974 0.06925
2 0.785645 0.31301999999999996 0.026370000000000005 0.07756000000000002
2 0.753415 0.31301999999999996 0.026369999999999894 0.07756000000000002
2 0.67285 0.311635 0.02734000000000003 0.07757000000000003
2 0.63916 0.31233 0.02636000000000005 0.07618000000000003
2 0.49853499999999995 0.311635 0.03416999999999998 0.07757000000000003
2 0.3584 0.311635 0.02734000000000003 0.07757000000000003
2 0.32616999999999996 0.31301999999999996 0.027339999999999975 0.07756000000000002
2 0.24756 0.311635 0.026360000000000022 0.07757000000000003
2 0.21387 0.31301999999999996 0.027340000000000003 0.07756000000000002
2 0.10058700000000001 0.308865 0.027345999999999995 0.07757000000000003
2 0.10058349999999999 0.45083 0.023432999999999995 0.09555999999999998
2 0.21387 0.45499 0.027340000000000003 0.0928
2 0.24316500000000002 0.454295 0.027350000000000013 0.09140999999999999
2 0.32616999999999996 0.45499 0.027339999999999975 0.0928
2 0.35741999999999996 0.4536 0.027339999999999975 0.0928
2 0.63965 0.45568 0.02734000000000003 0.09142
2 0.67285 0.45637000000000005 0.02734000000000003 0.09280000000000005
2 0.75488 0.45637000000000005 0.02733999999999992 0.09280000000000005
2 0.788085 0.45637000000000005 0.027349999999999985 0.09280000000000005
2 0.91797 0.454295 0.02734000000000003 0.09695000000000004
2 0.49804499999999996 0.454295 0.03710999999999992 0.09973000000000004
2 0.098634 0.608035 0.031252 0.09695000000000009
2 0.22998000000000002 0.6094200000000001 0.04394000000000001 0.10526000000000002
2 0.34228499999999995 0.6101099999999999 0.04394999999999999 0.10663999999999996
2 0.498535 0.60942 0.043950000000000045 0.09972000000000003
2 0.65674 0.61219 0.04394000000000009 0.10526000000000002
2 0.7719750000000001 0.61288 0.043950000000000045 0.10664000000000007
2 0.9199200000000001 0.613575 0.02734000000000003 0.09694999999999998
2 0.081055 0.16759000000000002 0.027344000000000007 0.07202
2 0.1132795 0.172435 0.027341000000000004 0.07341
2 0.93164 0.168975 0.02734000000000003 0.07203000000000001
2 0.8974599999999999 0.17174499999999998 0.02734000000000003 0.07203000000000001
2 0.91797 0.31233 0.023440000000000016 0.07618000000000003
2 0.463375 0.31371 0.020509999999999973 0.07618000000000003
2 0.532715 0.31233 0.020509999999999917 0.07618000000000003
2 0.46191000000000004 0.473685 0.017579999999999985 0.06370999999999999
2 0.5351600000000001 0.473685 0.01758000000000004 0.06370999999999999
4 0.22949 0.400275 0.08398 0.01939000000000002
4 0.34130499999999997 0.397505 0.08300999999999997 0.01939000000000002
4 0.22754 0.5394749999999999 0.08398 0.03463000000000005
4 0.34130499999999997 0.54086 0.08300999999999997 0.034620000000000095
4 0.49804499999999996 0.542245 0.08398999999999995 0.03462999999999994
4 0.657225 0.542245 0.0839899999999999 0.03462999999999994
4 0.7724599999999999 0.5436300000000001 0.08398000000000005 0.034619999999999984
4 0.655275 0.398895 0.0839899999999999 0.013850000000000029
4 0.771485 0.396125 0.08399000000000001 0.013850000000000029
5 0.22754000000000002 0.50831 0.07812 0.022160000000000013
5 0.34179499999999996 0.509005 0.07812999999999998 0.023550000000000015
5 0.657225 0.510385 0.07812999999999992 0.02354999999999996
5 0.77197 0.510385 0.07910000000000006 0.02354999999999996
6 0.089844 0.66967 0.087892 0.04848000000000008
6 0.22803 0.67867 0.07909999999999998 0.03601999999999994
6 0.34179499999999996 0.6807449999999999 0.08202999999999999 0.04016999999999993
6 0.65674 0.68144 0.07909999999999995 0.038779999999999926
6 0.77393 0.68144 0.07909999999999995 0.038779999999999926
6 0.49511499999999997 0.6759 0.20312999999999998 0.03602000000000005
6 0.9174800000000001 0.68144 0.09082000000000001 0.04710000000000003
5 0.497555 0.51593 0.05957000000000001 0.029079999999999995
4 0.49756 0.377425 0.06152000000000002 0.029090000000000005
7 0.113285 0.174515 0.019530000000000006 0.06649
7 0.166995 0.153735 0.025389999999999996 0.01938999999999999
7 0.236325 0.150275 0.025389999999999996 0.018009999999999998
7 0.20117000000000002 0.155125 0.027340000000000003 0.02492999999999998
7 0.461915 0.150275 0.027349999999999985 0.02631
7 0.49854 0.147505 0.028320000000000067 0.02631
7 0.535155 0.14889 0.027349999999999985 0.02632000000000001
7 0.6567400000000001 0.147505 0.028320000000000012 0.02631
7 0.6938500000000001 0.17036 0.028320000000000012 0.06648000000000001
7 0.72949 0.150275 0.02734000000000003 0.02631
7 0.7651399999999999 0.153045 0.028320000000000012 0.02631
7 0.62061 0.14404 0.0283199999999999 0.016620000000000024
7 0.328125 0.28324 0.02149000000000001 0.012460000000000027
7 0.46387 0.30332000000000003 0.01758000000000004 0.04985999999999996
7 0.532715 0.30262999999999995 0.018549999999999955 0.05402000000000001
7 0.49853500000000006 0.3054 0.032230000000000036 0.05956
7 0.63916 0.28878 0.024419999999999997 0.029079999999999995
7 0.67334 0.28808999999999996 0.024419999999999997 0.027700000000000002
7 0.753415 0.29086 0.024409999999999932 0.027700000000000002
7 0.786135 0.290165 0.025390000000000024 0.029090000000000005
7 0.91797 0.31301999999999996 0.023440000000000016 0.07480000000000003
7 0.49853500000000006 0.41551499999999997 0.032230000000000036 0.019389999999999963
8 0.46094 0.41412499999999997 0.027339999999999975 0.04155000000000003
8 0.53613 0.41274500000000003 0.02733999999999992 0.04155000000000003
9 0.5043925 0.11772650000000001 0.9091750000000001 0.047087000000000004
9 0.5058605 0.22784000000000001 0.910159 0.05956
9 0.504884 0.37327 0.912112 0.05956
9 0.5019525 0.5436300000000001 0.910155 0.059559999999999946
9 0.5019525 0.68352 0.910155 0.05956000000000006
10 0.43799 0.290855 0.012699999999999989 0.07478999999999997
10 0.5556650000000001 0.290855 0.01366999999999996 0.07478999999999997
10 0.16748000000000002 0.30125 0.012700000000000017 0.07617999999999997
10 0.143065 0.301245 0.012689999999999979 0.07340999999999998
10 0.83447 0.29986 0.012700000000000045 0.07617999999999997
10 0.859865 0.300555 0.01269000000000009 0.07478999999999997
10 0.16601500000000002 0.52562 0.015630000000000005 0.2036
10 0.1416 0.52562 0.015619999999999995 0.2036
10 0.40625 0.52008 0.015619999999999967 0.2036
10 0.58789 0.5187 0.015619999999999967 0.20360000000000006
10 0.835935 0.52701 0.015630000000000033 0.2036
10 0.862305 0.52701 0.015630000000000033 0.2036
10 0.88916 0.303325 0.006840000000000068 0.07757000000000003
10 0.87793 0.30748 0.005859999999999976 0.07756000000000002
10 0.94287 0.300555 0.006839999999999957 0.07478999999999997
10 0.890625 0.454295 0.007810000000000095 0.08587
10 0.9443349999999999 0.45221500000000003 0.007809999999999984 0.09003
10 0.88037 0.46052499999999996 0.0048799999999999955 0.09003
10 0.557125 0.52424 0.014650000000000052 0.20914
10 0.438475 0.5235449999999999 0.01366999999999996 0.21053
10 0.945805 0.61011 0.008790000000000076 0.0928
10 0.894045 0.611495 0.008789999999999965 0.09003000000000005
10 0.88037 0.6142650000000001 0.0048799999999999955 0.09557000000000004
10 0.073242 0.29363 0.0078119999999999995 0.07201999999999997
10 0.12793000000000002 0.302635 0.007820000000000008 0.07340999999999998
10 0.11865 0.468835 0.006839999999999999 0.062329999999999997
10 0.0786135 0.46191000000000004 0.0048829999999999985 0.05956
10 0.06396450000000001 0.46121500000000004 0.004883000000000005 0.05817
10 0.0722655 0.44875 0.009764999999999996 0.09417999999999999
10 0.126465 0.45706500000000005 0.008790000000000006 0.09419000000000005
10 0.069824 0.60249 0.006835999999999995 0.09418000000000004
10 0.125 0.60665 0.007819999999999994 0.08864000000000005
10 0.11816 0.624655 0.005860000000000004 0.058169999999999944
10 0.0810545 0.62188 0.005859000000000003 0.060939999999999994
10 0.950195 0.46953 0.00391000000000008 0.055400000000000005
10 0.93652 0.46814500000000003 0.005859999999999976 0.05817
10 0.89941 0.47021999999999997 0.005859999999999976 0.05956
10 0.90088 0.6301950000000001 0.0048799999999999955 0.06371000000000004
10 0.93701 0.6295 0.0048799999999999955 0.06232000000000004
10 0.063965 0.62188 0.002930000000000002 0.060939999999999994
10 0.072754 0.33726 0.010742000000000002 0.015240000000000031
10 0.12744 0.346265 0.010740000000000013 0.013850000000000029
10 0.14307 0.344875 0.016600000000000004 0.013850000000000029
10 0.16748000000000002 0.34557 0.014640000000000014 0.012460000000000027
10 0.438475 0.33518000000000003 0.015630000000000033 0.013860000000000039
10 0.555665 0.33448500000000003 0.015630000000000033 0.012470000000000037
10 0.83496 0.34418499999999996 0.015619999999999967 0.015230000000000021
10 0.86035 0.34557 0.015620000000000078 0.015240000000000031
10 0.88916 0.34834 0.010740000000000083 0.012459999999999971
10 0.87842 0.35111000000000003 0.006839999999999957 0.012459999999999971
10 0.94287 0.34418499999999996 0.010739999999999972 0.012470000000000037
10 0.95215 0.501385 0.005860000000000087 0.008309999999999984
10 0.9443349999999999 0.5 0.007809999999999984 0.00832000000000005
10 0.93701 0.5 0.006839999999999957 0.005540000000000045
10 0.899905 0.5020800000000001 0.008789999999999965 0.0041600000000000525
10 0.891605 0.50208 0.007809999999999984 0.009699999999999986
10 0.88037 0.5069250000000001 0.006839999999999957 0.00277000000000005
10 0.894045 0.65997 0.008789999999999965 0.0041600000000000525
10 0.9458 0.658585 0.010739999999999972 0.004149999999999987
10 0.8373999999999999 0.663435 0.022460000000000035 0.06925000000000003
10 0.8637699999999999 0.66482 0.022460000000000035 0.06925999999999999
10 0.74121 0.6108 0.005859999999999976 0.09417999999999993
10 0.80371 0.6108 0.005859999999999976 0.09417999999999993
10 0.68848 0.611495 0.005859999999999976 0.09556999999999993
10 0.62451 0.6108 0.006839999999999957 0.09417999999999993
10 0.31006 0.608035 0.006839999999999957 0.09140999999999999
10 0.37158 0.6094200000000001 0.006840000000000013 0.09418000000000004
10 0.25927999999999995 0.608035 0.006840000000000013 0.09140999999999999
10 0.19775500000000001 0.605955 0.006829999999999975 0.09279000000000004
10 0.588375 0.6544350000000001 0.020510000000000028 0.06786999999999999
10 0.55713 0.659975 0.020499999999999963 0.062329999999999997
10 0.437985 0.659975 0.020510000000000028 0.062329999999999997
10 0.405765 0.657205 0.020510000000000028 0.06786999999999999
10 0.166015 0.6606650000000001 0.02149000000000001 0.06371000000000004
10 0.14111 0.65928 0.022460000000000008 0.06372
10 0.125 0.65374 0.009759999999999991 0.005539999999999989
10 0.06933600000000001 0.6502749999999999 0.0078119999999999995 0.004149999999999987
10 0.0791015 0.49446 0.005859000000000003 0.005539999999999989
10 0.06347649999999999 0.493765 0.007813 0.006929999999999992
10 0.260745 0.499305 0.007809999999999984 0.006930000000000047
10 0.22900500000000001 0.499305 0.008789999999999992 0.006930000000000047
10 0.19677499999999998 0.497925 0.008789999999999992 0.006929999999999992
10 0.309085 0.497925 0.008789999999999965 0.006929999999999992
10 0.342285 0.497925 0.008789999999999965 0.006929999999999992
10 0.374025 0.497925 0.007809999999999984 0.006929999999999992
10 0.6894549999999999 0.497925 0.007809999999999984 0.006929999999999992
10 0.65625 0.499305 0.007819999999999938 0.006930000000000047
10 0.623535 0.499305 0.008789999999999965 0.006930000000000047
10 0.739745 0.499305 0.008790000000000076 0.006930000000000047
10 0.771485 0.500695 0.007809999999999984 0.006930000000000047
10 0.8046850000000001 0.500695 0.007809999999999984 0.006930000000000047
10 0.0732425 0.24931 0.011719000000000007 0.016620000000000024
10 0.12793000000000002 0.25831000000000004 0.009760000000000005 0.015239999999999976
10 0.14307 0.25762 0.016600000000000004 0.016619999999999996
10 0.16846 0.25554 0.016600000000000004 0.015240000000000004
10 0.43799 0.246535 0.016600000000000004 0.013850000000000029
10 0.5561499999999999 0.245845 0.01660000000000006 0.012470000000000037
10 0.83447 0.254845 0.01660000000000006 0.013850000000000001
10 0.8598600000000001 0.256235 0.01660000000000006 0.013850000000000001
10 0.888185 0.25900500000000004 0.01269000000000009 0.013849999999999973
10 0.87793 0.262465 0.007819999999999938 0.015229999999999966
10 0.94287 0.256235 0.012699999999999934 0.013850000000000001
10 0.9443349999999999 0.402355 0.009769999999999945 0.009690000000000032
10 0.8911100000000001 0.40582 0.010740000000000083 0.011079999999999979
10 0.88037 0.40928 0.006839999999999957 0.012459999999999971
10 0.862305 0.410665 0.019530000000000047 0.02908999999999995
10 0.836425 0.410665 0.020510000000000028 0.02908999999999995
10 0.588375 0.40097 0.020510000000000028 0.03186
10 0.55713 0.40374 0.020499999999999963 0.03186
10 0.4375 0.402355 0.019540000000000002 0.03184999999999999
10 0.406735 0.403045 0.020510000000000028 0.030469999999999997
10 0.141605 0.407895 0.019529999999999992 0.03184999999999999
10 0.166015 0.407895 0.019529999999999992 0.03184999999999999
10 0.8042 0.435595 0.006839999999999957 0.006929999999999992
10 0.7709950000000001 0.43628500000000003 0.006830000000000003 0.008309999999999984
10 0.7387699999999999 0.43421 0.006840000000000068 0.006919999999999982
10 0.68945 0.466065 0.005859999999999976 0.05679000000000001
10 0.73926 0.46745000000000003 0.005859999999999976 0.05678
10 0.7714799999999999 0.468835 0.005860000000000087 0.05679000000000001
10 0.80469 0.46745000000000003 0.005859999999999976 0.05678
10 0.65625 0.466065 0.005859999999999976 0.05679000000000001
10 0.62305 0.46745000000000003 0.005859999999999976 0.05678
10 0.688965 0.43421 0.006830000000000003 0.006919999999999982
10 0.65674 0.43421 0.006839999999999957 0.006919999999999982
10 0.623535 0.43421 0.006830000000000003 0.006919999999999982
10 0.8037099999999999 0.558865 0.011720000000000064 0.009690000000000087
10 0.7412099999999999 0.558865 0.011720000000000064 0.009690000000000087
10 0.68848 0.55817 0.011719999999999953 0.01108000000000009
10 0.62451 0.55817 0.012699999999999934 0.01108000000000009
10 0.37256 0.55748 0.012700000000000045 0.009700000000000042
10 0.31055 0.55748 0.011720000000000008 0.009700000000000042
10 0.46777 0.5595600000000001 0.011720000000000008 0.01108000000000009
10 0.53027 0.558865 0.011719999999999953 0.009690000000000087
10 0.51953 0.434905 0.009759999999999991 0.008309999999999984
10 0.477055 0.434905 0.008789999999999965 0.008309999999999984
10 0.25878500000000004 0.55679 0.013670000000000015 0.011079999999999979
10 0.19775500000000001 0.55471 0.012690000000000007 0.012460000000000027
10 0.37402500000000005 0.433515 0.009770000000000001 0.008309999999999984
10 0.342285 0.433515 0.008789999999999965 0.008309999999999984
10 0.30957 0.43421 0.009759999999999991 0.009699999999999986
10 0.19775500000000001 0.43421 0.008789999999999992 0.009699999999999986
10 0.22900500000000001 0.43421 0.008789999999999992 0.009699999999999986
10 0.26123 0.43421 0.00878000000000001 0.009699999999999986
10 0.37402 0.466065 0.005860000000000032 0.05679000000000001
10 0.3418 0.46745000000000003 0.005859999999999976 0.05678
10 0.30957 0.46745000000000003 0.005859999999999976 0.05678
10 0.26073999999999997 0.46745000000000003 0.005860000000000032 0.05678
10 0.22852 0.46745000000000003 0.005859999999999976 0.05678
10 0.19727 0.46745000000000003 0.005859999999999976 0.05678
10 0.47753999999999996 0.468835 0.005860000000000032 0.05954999999999999
10 0.51953 0.47021999999999997 0.005860000000000087 0.05956
10 0.47705 0.5006900000000001 0.006840000000000013 0.0041600000000000525
10 0.51904 0.5020800000000001 0.006840000000000068 0.0041600000000000525
10 0.467285 0.611495 0.006830000000000003 0.09556999999999993
10 0.530275 0.61219 0.007809999999999984 0.09417999999999993
10 0.197265 0.655815 0.011709999999999998 0.006929999999999992
10 0.25928 0.6572 0.010739999999999972 0.006920000000000037
10 0.37305 0.659275 0.011720000000000008 0.008309999999999929
10 0.31006 0.6572 0.010739999999999972 0.006920000000000037
10 0.688965 0.6613549999999999 0.010749999999999926 0.004149999999999987
10 0.62402 0.65997 0.011719999999999953 0.0041600000000000525
10 0.74072 0.66066 0.010740000000000083 0.005539999999999989
10 0.805175 0.65997 0.010750000000000037 0.0041600000000000525
10 0.072266 0.39612 0.013672000000000004 0.011080000000000034
10 0.12549 0.40443 0.01074 0.011079999999999979
10 0.069336 0.550555 0.009765999999999997 0.009689999999999976
10 0.12451 0.556095 0.01074 0.012469999999999981
10 0.11718500000000001 0.591415 0.0078099999999999975 0.00831000000000004
10 0.080566 0.587255 0.006836000000000009 0.00831000000000004
10 0.0634765 0.587255 0.00585900000000001 0.00831000000000004
10 0.11865500000000001 0.432825 0.008790000000000006 0.009689999999999976
10 0.08007800000000001 0.427975 0.0078119999999999995 0.00831000000000004
10 0.0634765 0.427975 0.00585900000000001 0.00831000000000004
10 0.93701 0.43421 0.006839999999999957 0.009699999999999986
10 0.898925 0.43628500000000003 0.006830000000000003 0.008309999999999984
10 0.95166 0.43767500000000004 0.006840000000000068 0.008309999999999984
11 0.422365 0.795015 0.04394999999999999 0.024930000000000008
11 0.5717749999999999 0.797785 0.043950000000000045 0.024930000000000008
11 0.92041 0.750695 0.030279999999999974 0.013849999999999918
11 0.1074215 0.7493099999999999 0.023437 0.016619999999999968
11 0.22949 0.8116350000000001 0.08007999999999998 0.14681
11 0.3418 0.8130200000000001 0.08008000000000004 0.14682000000000006
11 0.65625 0.817175 0.08007999999999993 0.14681
11 0.7724599999999999 0.8130200000000001 0.08008000000000004 0.14682000000000006
2 0.91943 0.833105 0.022460000000000035 0.09003000000000005
7 0.918945 0.8331 0.019530000000000047 0.08726
11 0.50244 0.058864 0.26073999999999997 0.045706
