4 0.36068 0.36328 0.11197999999999997 0.009759999999999991
4 0.509765 0.362795 0.15494999999999998 0.00879000000000002
4 0.511065 0.5737300000000001 0.11848999999999998 0.006840000000000068
4 0.66927 0.36133 0.08333999999999997 0.009759999999999991
4 0.67448 0.573245 0.08333999999999997 0.007810000000000095
4 0.210285 0.57666 0.10807 0.006840000000000068
4 0.361325 0.574705 0.07943 0.008789999999999965
1 0.3938802 0.607425 0.7747396 0.7519500000000001
4 0.21354 0.362795 0.16145999999999996 0.014649999999999996
4 0.056640499999999996 0.57715 0.079427 0.009760000000000102
2 0.66862 0.327145 0.029940000000000078 0.03125
5 0.059896 0.43555 0.067708 0.011720000000000008
5 0.36067499999999997 0.4375 0.06770999999999999 0.011719999999999953
5 0.21028999999999998 0.43652 0.10025999999999999 0.011720000000000008
5 0.5071599999999999 0.43652 0.10025999999999996 0.011720000000000008
5 0.509115 0.54346 0.10676999999999998 0.010740000000000083
5 0.6705749999999999 0.43555 0.06771000000000005 0.011720000000000008
5 0.66992 0.5439449999999999 0.06640000000000001 0.011709999999999998
5 0.36067499999999997 0.5439449999999999 0.06770999999999999 0.011709999999999998
5 0.208335 0.54248 0.10677 0.010739999999999972
5 0.21354499999999998 0.65576 0.10677 0.010739999999999972
5 0.056641 0.5439449999999999 0.06640599999999999 0.011709999999999998
5 0.36263 0.65723 0.06640000000000001 0.011719999999999953
5 0.6679649999999999 0.65625 0.06771000000000005 0.011719999999999953
5 0.511715 0.65625 0.10677000000000003 0.011719999999999953
5 0.208335 0.875975 0.10416999999999998 0.007809999999999984
5 0.509115 0.87695 0.10676999999999998 0.011719999999999953
5 0.671875 0.8769549999999999 0.06511 0.009769999999999945
8 0.36133 0.8125 0.13932 0.039060000000000095
8 0.36002500000000004 0.861325 0.08202999999999999 0.025390000000000024
9 0.3919265 0.688965 0.7552070000000001 0.010749999999999926
9 0.3932273 0.9082 0.7682254000000001 0.011719999999999953
10 0.41602 0.9140649999999999 0.011719999999999953 0.06445000000000001
10 0.30794 0.9140649999999999 0.011720000000000008 0.06445000000000001
10 0.416015 0.868165 0.019529999999999992 0.027349999999999985
10 0.307945 0.868165 0.019529999999999992 0.027349999999999985
10 0.30794 0.958985 0.024739999999999984 0.027349999999999985
10 0.41471 0.958985 0.02474000000000004 0.027349999999999985
8 0.584635 0.333495 0.020830000000000015 0.026370000000000005
8 0.753255 0.328615 0.022129999999999983 0.036129999999999995
2 0.50781 0.944825 0.08854000000000001 0.053710000000000035
2 0.207685 0.947755 0.09245000000000003 0.053709999999999924
11 0.673175 0.8998999999999999 0.09375 0.012700000000000045
3 0.35677000000000003 0.924805 0.06509999999999999 0.10546999999999995
3 0.673825 0.947755 0.055989999999999984 0.05760999999999994
2 0.534505 0.7348650000000001 0.03777000000000008 0.05957000000000001
2 0.533205 0.844725 0.04037000000000002 0.06054999999999999
2 0.483075 0.844725 0.041669999999999985 0.06054999999999999
2 0.23242000000000002 0.844725 0.04035999999999998 0.05859000000000003
2 0.18554500000000002 0.846195 0.04036999999999999 0.05957000000000001
2 0.67057 0.844725 0.04947999999999997 0.05859000000000003
2 0.67057 0.7334 0.04947999999999997 0.058600000000000096
2 0.48177000000000003 0.7348650000000001 0.03645999999999999 0.05957000000000001
2 0.23177 0.736815 0.03645999999999999 0.0595699999999999
2 0.18555 0.736815 0.03775999999999999 0.0595699999999999
2 0.359375 0.735835 0.04686999999999997 0.05957000000000001
2 0.5338499999999999 0.6245149999999999 0.03646000000000005 0.05957000000000001
2 0.484375 0.623535 0.03645000000000004 0.05957000000000001
2 0.23307 0.6254850000000001 0.03646000000000002 0.05957000000000001
2 0.1875 0.626465 0.03645999999999999 0.05957000000000001
2 0.18554500000000002 0.512695 0.032549999999999996 0.05468999999999996
2 0.23242000000000002 0.513675 0.037760000000000016 0.05468999999999996
2 0.48307 0.512695 0.03645999999999999 0.05468999999999996
2 0.5338499999999999 0.51172 0.03646000000000005 0.05663999999999997
2 0.6699200000000001 0.5126999999999999 0.04818 0.05663999999999997
2 0.36002500000000004 0.51172 0.04816999999999999 0.05663999999999997
2 0.36067499999999997 0.623535 0.04687000000000002 0.05761000000000005
2 0.671225 0.6230450000000001 0.048169999999999935 0.06054999999999999
2 0.66862 0.40625 0.045579999999999954 0.048819999999999975
2 0.36197999999999997 0.407225 0.04687999999999998 0.04883000000000004
2 0.5332 0.40869 0.037760000000000016 0.05176000000000003
2 0.48241999999999996 0.40869 0.03775999999999996 0.05176000000000003
2 0.18814999999999998 0.40869 0.03775999999999999 0.05176000000000003
2 0.23307 0.407715 0.03646000000000002 0.05174999999999996
2 0.0611975 0.40674 0.046875 0.04980000000000001
2 0.0572915 0.513675 0.04947900000000001 0.05468999999999996
2 0.360025 0.831545 0.06901000000000002 0.03222999999999998
