1 0.41992250000000003 0.513296 0.689455 0.875928
2 0.16113 0.25627500000000003 0.05077999999999999 0.14623000000000003
2 0.28759999999999997 0.257015 0.05175999999999997 0.14475000000000002
2 0.41308999999999996 0.25554 0.05077999999999999 0.14476
2 0.53906 0.257015 0.05078000000000005 0.14475000000000002
2 0.66748 0.25627500000000003 0.05176000000000003 0.14623000000000003
2 0.16016 0.542095 0.05077999999999999 0.15952999999999995
2 0.28564500000000004 0.543575 0.05175000000000002 0.15953
2 0.41259999999999997 0.543575 0.05175999999999997 0.15953
2 0.54053 0.542095 0.05175999999999992 0.15952999999999995
2 0.66748 0.543575 0.05176000000000003 0.15953
2 0.918455 0.267355 0.04981000000000002 0.10634999999999997
2 0.86328 0.267355 0.04491999999999996 0.10634999999999997
2 0.919435 0.5096 0.04784999999999995 0.10930000000000001
2 0.86426 0.5096 0.041019999999999945 0.10930000000000001
3 0.53711 0.85303 0.07421999999999995 0.1935
4 0.16064 0.1743 0.09668 0.023639999999999994
4 0.28662 0.17577500000000001 0.09667999999999999 0.023630000000000012
4 0.41553 0.17577500000000001 0.09667999999999999 0.023630000000000012
4 0.5415 0.1743 0.09668000000000004 0.023639999999999994
4 0.66943 0.17577500000000001 0.09667999999999999 0.023630000000000012
4 0.16211 0.40103500000000003 0.1211 0.07829000000000003
4 0.2876 0.40029499999999996 0.12012000000000003 0.07680999999999999
4 0.416995 0.40324499999999996 0.12109000000000003 0.07680999999999999
4 0.544925 0.401775 0.12108999999999998 0.07680999999999999
4 0.671875 0.40251000000000003 0.12108999999999992 0.07827999999999996
5 0.163085 0.343425 0.10547000000000001 0.04282999999999998
5 0.28613500000000003 0.344905 0.10547000000000001 0.04282999999999998
5 0.416995 0.343425 0.10547000000000001 0.04282999999999998
5 0.544435 0.344165 0.10644999999999999 0.04430999999999996
5 0.673825 0.345645 0.10546999999999995 0.044310000000000016
5 0.896485 0.33160999999999996 0.14256999999999997 0.031019999999999992
8 0.79736 0.36189499999999997 0.06152000000000002 0.25997
8 0.97461 0.242245 0.041020000000000056 0.06203
8 0.97412 0.31018999999999997 0.04200000000000004 0.06204000000000004
8 0.950195 0.38848 0.09375 0.062039999999999984
8 0.1074235 0.15731 0.025393 0.019199999999999995
8 0.161135 0.15731 0.06641000000000002 0.019199999999999995
8 0.22461 0.15879 0.044920000000000015 0.019200000000000023
8 0.28808500000000004 0.15731 0.06641000000000002 0.019199999999999995
8 0.35058500000000004 0.15953 0.04492999999999997 0.020680000000000004
8 0.416995 0.15879 0.06640999999999997 0.019200000000000023
8 0.47753999999999996 0.160265 0.044920000000000015 0.019210000000000005
8 0.605955 0.15805000000000002 0.043949999999999934 0.020680000000000004
8 0.722165 0.15805 0.026369999999999894 0.023639999999999994
8 0.541505 0.15731 0.06739000000000006 0.019199999999999995
8 0.668945 0.155835 0.06641000000000008 0.019210000000000005
9 0.4189475 0.65953 0.675785 0.06056000000000006
9 0.42236399999999996 0.33677999999999997 0.678712 0.03545999999999999
9 0.420409 0.13662950000000001 0.674802 0.11964100000000001
10 0.11963 0.542835 0.01074 0.15804999999999997
10 0.20264 0.5435749999999999 0.01074 0.15657
10 0.24463000000000001 0.5435749999999999 0.01074 0.15657
10 0.32764 0.544315 0.010739999999999972 0.15805000000000002
10 0.37158 0.542095 0.010740000000000027 0.15657000000000004
10 0.45557000000000003 0.5450550000000001 0.010740000000000027 0.15657
10 0.5014649999999999 0.544315 0.010749999999999982 0.15805000000000002
10 0.58545 0.54579 0.010739999999999972 0.15510000000000002
10 0.6293949999999999 0.5450550000000001 0.010749999999999926 0.15953000000000006
10 0.71338 0.5450550000000001 0.010739999999999972 0.15657
10 0.092285 0.25923 0.014648000000000008 0.11373999999999998
10 0.12451500000000001 0.25997 0.01465000000000001 0.11521999999999996
10 0.19775500000000001 0.26071 0.014650000000000024 0.11373999999999998
10 0.251465 0.26292499999999996 0.014650000000000024 0.11520999999999998
10 0.322755 0.261445 0.014649999999999996 0.11521
10 0.37646500000000005 0.26071 0.014649999999999996 0.11373999999999998
10 0.45166 0.26292499999999996 0.014639999999999986 0.11520999999999998
10 0.5043949999999999 0.262185 0.01464999999999994 0.11373
10 0.577635 0.26071 0.014650000000000052 0.11373999999999998
10 0.632325 0.26071 0.014650000000000052 0.11373999999999998
10 0.705565 0.25997 0.014650000000000052 0.11521999999999996
10 0.739745 0.26071 0.014650000000000052 0.11373999999999998
10 0.11963 0.6285099999999999 0.018559999999999993 0.013299999999999979
10 0.202635 0.6285099999999999 0.018549999999999983 0.013299999999999979
10 0.24560500000000002 0.629245 0.018549999999999983 0.01477000000000006
10 0.328125 0.629985 0.019530000000000047 0.013290000000000024
10 0.37451 0.62703 0.01856000000000002 0.013299999999999979
10 0.45752000000000004 0.630725 0.018559999999999965 0.01476999999999995
10 0.50342 0.630725 0.01856000000000002 0.01476999999999995
10 0.585935 0.630725 0.019530000000000047 0.01476999999999995
10 0.6308549999999999 0.632205 0.019529999999999936 0.01476999999999995
10 0.7158199999999999 0.632205 0.019540000000000002 0.01476999999999995
10 0.092284 0.32127 0.018552 0.010340000000000016
10 0.12451 0.32201 0.018559999999999993 0.008860000000000035
10 0.196775 0.323485 0.01855000000000001 0.008869999999999989
10 0.25049 0.32422 0.018559999999999993 0.010340000000000016
10 0.322755 0.323485 0.01855000000000001 0.008869999999999989
10 0.37744 0.32275 0.01856000000000002 0.010340000000000016
10 0.450685 0.32496 0.018549999999999955 0.008860000000000035
10 0.5043949999999999 0.32496 0.018549999999999955 0.008860000000000035
10 0.578615 0.32275 0.018550000000000066 0.010340000000000016
10 0.6342749999999999 0.32275 0.018549999999999955 0.010340000000000016
10 0.706545 0.32275 0.018550000000000066 0.010340000000000016
10 0.7407250000000001 0.32275 0.018549999999999955 0.010340000000000016
10 0.12012 0.45421 0.01758 0.019199999999999995
10 0.203125 0.45642499999999997 0.017569999999999975 0.017729999999999968
10 0.24560500000000002 0.45642499999999997 0.018549999999999983 0.017729999999999968
10 0.327635 0.45716500000000004 0.01855000000000001 0.019210000000000005
10 0.37256 0.45494999999999997 0.01856000000000002 0.017720000000000014
10 0.455565 0.45716500000000004 0.018549999999999955 0.019210000000000005
10 0.501465 0.45642499999999997 0.018549999999999955 0.017729999999999968
10 0.5849599999999999 0.45938 0.01758000000000004 0.017720000000000014
10 0.62842 0.45864 0.01856000000000002 0.013299999999999979
10 0.71387 0.45864499999999997 0.01757999999999993 0.016250000000000042
10 0.092284 0.191285 0.018552 0.022150000000000003
10 0.12451 0.192025 0.018559999999999993 0.023629999999999984
10 0.19775500000000001 0.19276 0.018549999999999983 0.022159999999999985
10 0.25049 0.195715 0.018559999999999993 0.022150000000000003
10 0.32177500000000003 0.19424 0.01855000000000001 0.022160000000000013
10 0.37646500000000005 0.19276 0.01855000000000001 0.022159999999999985
10 0.45166 0.194975 0.01856000000000002 0.023630000000000012
10 0.5043949999999999 0.19424 0.018549999999999955 0.022160000000000013
10 0.577635 0.19276 0.018550000000000066 0.022159999999999985
10 0.6333 0.19276 0.01856000000000002 0.022159999999999985
10 0.705565 0.192025 0.018550000000000066 0.023629999999999984
10 0.739745 0.19276 0.018550000000000066 0.022159999999999985
11 0.163085 0.84121 0.07812999999999999 0.17578000000000005
11 0.28467 0.84195 0.0791 0.17725999999999997
11 0.66846 0.8434250000000001 0.07910000000000006 0.17725000000000002
11 0.41455 0.849335 0.05565999999999999 0.12113000000000007
11 0.6723600000000001 0.73264 0.10253999999999996 0.05022000000000004
11 0.74316 0.72304 0.04491999999999996 0.10192000000000001
11 0.858885 0.670605 0.1748099999999999 0.08566999999999991
11 0.87256 0.807975 0.14745999999999992 0.18611
