1 0.50048828 0.50131925 0.99902344 0.9973615
2 0.42334 0.346305 0.03808 0.08839000000000002
2 0.50342 0.344985 0.03808000000000006 0.08839000000000002
2 0.58301 0.349605 0.03515999999999997 0.09763
2 0.66162 0.346305 0.03614000000000006 0.08839000000000002
2 0.739745 0.348945 0.036129999999999995 0.08838999999999997
2 0.964355 0.35686 0.036129999999999995 0.08840000000000003
2 0.9668 0.508575 0.03516000000000008 0.09366999999999998
2 0.7412099999999999 0.503955 0.03515999999999997 0.09234999999999999
2 0.663085 0.503955 0.035150000000000015 0.09234999999999999
2 0.58301 0.505275 0.03515999999999997 0.09234999999999999
2 0.50488 0.505275 0.035160000000000025 0.09234999999999999
2 0.42383000000000004 0.505275 0.035160000000000025 0.09234999999999999
2 0.584475 0.68008 0.03808999999999996 0.10421999999999998
2 0.422855 0.6814 0.03711000000000003 0.10421999999999998
2 0.0439455 0.352905 0.019531 0.08839000000000002
2 0.0732425 0.352905 0.019530999999999993 0.08839000000000002
2 0.161135 0.352905 0.019529999999999992 0.08839000000000002
2 0.18945499999999998 0.35158500000000004 0.01953000000000002 0.08839000000000002
2 0.266605 0.341025 0.019529999999999992 0.08839000000000002
2 0.30127 0.34696499999999997 0.028320000000000012 0.10027000000000003
2 0.333985 0.341685 0.019529999999999992 0.08971000000000001
2 0.042480500000000004 0.5118750000000001 0.022461000000000002 0.09499000000000002
2 0.0722655 0.5118750000000001 0.021484999999999997 0.09499000000000002
2 0.160155 0.5118750000000001 0.02149000000000001 0.09499000000000002
2 0.18945499999999998 0.5118750000000001 0.02148999999999998 0.09499000000000002
2 0.26709 0.5039549999999999 0.020499999999999963 0.09499000000000002
2 0.30127000000000004 0.5039549999999999 0.026359999999999995 0.09499000000000002
2 0.33447499999999997 0.505275 0.020509999999999973 0.09498999999999996
2 0.26709 0.67612 0.01856000000000002 0.09629999999999994
2 0.33496499999999996 0.6767799999999999 0.019529999999999992 0.09497999999999995
2 0.30078 0.674145 0.02734000000000003 0.09234999999999993
2 0.824705 0.33904999999999996 0.018550000000000066 0.07388
2 0.88672 0.34169000000000005 0.01758000000000004 0.07388
2 0.8549800000000001 0.33838999999999997 0.02636000000000005 0.06992000000000004
2 0.827145 0.5026349999999999 0.019530000000000047 0.09235000000000004
2 0.888675 0.50132 0.019530000000000047 0.09234000000000003
2 0.85791 0.5026349999999999 0.02636000000000005 0.09235000000000004
2 0.504395 0.67876 0.03809000000000001 0.10421999999999998
2 0.057617 0.68997 0.048828 0.10553999999999997
2 0.174805 0.687335 0.04883000000000001 0.10555000000000003
2 0.115233 0.687995 0.035154000000000005 0.10423000000000004
2 0.582515 0.096967 0.0595699999999999 0.064646
2 0.434575 0.037599 0.03125 0.025066
2 0.720705 0.0455145 0.03125 0.025065000000000004
2 0.463865 0.833115 0.11719000000000002 0.04880999999999991
2 0.70459 0.828495 0.1103599999999999 0.05013000000000001
2 0.86328 0.8219000000000001 0.08398000000000005 0.042220000000000035
3 0.587405 0.92612 0.053710000000000035 0.1372000000000001
3 0.150395 0.934035 0.08789000000000001 0.12665000000000004
3 0.299315 0.934035 0.08887 0.12665000000000004
5 0.042480500000000004 0.40897 0.030273 0.02637999999999996
5 0.0756835 0.40963000000000005 0.030273 0.027700000000000002
5 0.15674 0.40897 0.03028 0.02637999999999996
5 0.190915 0.40830999999999995 0.03027000000000002 0.027700000000000002
5 0.66553 0.40303500000000003 0.04589999999999994 0.027709999999999957
5 0.73926 0.401715 0.04688000000000003 0.027710000000000012
5 0.50342 0.401715 0.045899999999999996 0.027710000000000012
5 0.42139000000000004 0.40303500000000003 0.045899999999999996 0.027709999999999957
5 0.967285 0.41227 0.0458900000000001 0.027700000000000002
6 0.299805 0.394455 0.10547000000000001 0.052769999999999984
6 0.8667 0.397095 0.10253999999999996 0.05804999999999999
6 0.29883 0.74868 0.11523999999999998 0.06728
6 0.11083985 0.7434050000000001 0.2158203 0.04088999999999998
6 0.583985 0.732845 0.41406999999999994 0.05408999999999997
6 0.86426 0.73615 0.10155999999999998 0.06596000000000002
6 0.5859350000000001 0.39644 0.11719000000000002 0.07256000000000001
4 0.583985 0.225595 0.12695 0.06596999999999997
7 0.0444335 0.32586 0.016601000000000005 0.0343
7 0.073242 0.33047499999999996 0.01757800000000001 0.04089000000000004
7 0.16161999999999999 0.3252 0.016599999999999976 0.03298000000000001
7 0.19043 0.3252 0.015619999999999995 0.03298000000000001
7 0.26709 0.31332499999999996 0.01856000000000002 0.03299000000000002
7 0.30127000000000004 0.3186 0.026359999999999995 0.04089999999999999
7 0.333985 0.310685 0.01757000000000003 0.02506999999999998
7 0.42334000000000005 0.315305 0.036140000000000005 0.02375000000000005
7 0.503905 0.327835 0.03515000000000007 0.04881000000000002
7 0.58301 0.32058 0.03320000000000001 0.03694000000000003
7 0.6616200000000001 0.32189999999999996 0.03417999999999999 0.03694000000000003
7 0.73926 0.31662500000000005 0.03320000000000001 0.023749999999999993
7 0.82422 0.32981499999999997 0.015620000000000078 0.05277000000000004
7 0.8549800000000001 0.326515 0.022460000000000035 0.04352999999999996
7 0.88672 0.33773 0.015620000000000078 0.06331999999999999
7 0.9633799999999999 0.349605 0.03417999999999999 0.06860999999999995
7 0.96631 0.491425 0.032219999999999915 0.05408999999999997
7 0.8886700000000001 0.47031500000000004 0.015620000000000078 0.02506999999999998
7 0.8574200000000001 0.474275 0.023440000000000016 0.032989999999999964
7 0.82568 0.473615 0.01660000000000006 0.031669999999999976
7 0.7412099999999999 0.473615 0.03320000000000001 0.026390000000000025
7 0.66211 0.472295 0.03320000000000001 0.02638999999999997
7 0.58301 0.475595 0.03320000000000001 0.030349999999999988
7 0.50488 0.474275 0.03320000000000006 0.027710000000000012
7 0.42383 0.474275 0.03320000000000001 0.030349999999999988
7 0.26709000000000005 0.471635 0.016600000000000004 0.02506999999999998
7 0.18994 0.48219 0.016600000000000004 0.030340000000000034
7 0.16016 0.48549 0.017579999999999985 0.03693999999999997
7 0.26758000000000004 0.6695249999999999 0.017579999999999985 0.07782999999999995
7 0.33545 0.6767799999999999 0.016600000000000004 0.09497999999999995
7 0.30078499999999997 0.634565 0.025389999999999968 0.010549999999999948
8 0.46387 0.24406 0.029299999999999993 0.0686
8 0.1162115 0.5105550000000001 0.046877 0.09499000000000002
8 0.30078 0.583775 0.08984000000000003 0.051449999999999996
8 0.8584 0.579815 0.08984000000000003 0.051449999999999996
8 0.663575 0.583115 0.03808999999999996 0.052770000000000095
8 0.50342 0.585755 0.03808000000000006 0.052769999999999984
4 0.115234 0.598285 0.070312 0.04881000000000002
8 0.30127 0.183375 0.047860000000000014 0.08179
8 0.1176755 0.21372000000000002 0.05956900000000001 0.05804000000000001
8 0.856445 0.19657 0.044929999999999914 0.08444000000000002
8 0.582035 0.038259 0.019530000000000047 0.05013200000000001
8 0.622555 0.030343000000000002 0.04785000000000006 0.029023999999999998
8 0.541015 0.027045 0.04883000000000004 0.027704000000000003
8 0.518555 0.0850925 0.023430000000000062 0.046175
8 0.64551 0.08905099999999999 0.023440000000000016 0.040898000000000004
8 0.583985 0.26715 0.044930000000000025 0.014519999999999977
9 0.5053695 0.257915 0.987301 0.06201000000000001
9 0.503416 0.4281 0.979488 0.03298000000000001
9 0.49706828000000003 0.77441 0.99218344 0.036940000000000084
10 0.22998 0.57586 0.026359999999999995 0.21504
10 0.367675 0.5705800000000001 0.02636999999999995 0.21504
10 0.46338 0.57718 0.026359999999999995 0.21503999999999995
10 0.544435 0.57586 0.026370000000000005 0.21504
10 0.624515 0.5719000000000001 0.026370000000000005 0.20976000000000006
10 0.704105 0.57388 0.025390000000000024 0.21108000000000005
10 0.796385 0.56992 0.024410000000000043 0.21107999999999993
10 0.925785 0.5719000000000001 0.025390000000000024 0.20976000000000006
10 0.229495 0.722955 0.03125 0.07915000000000005
10 0.367185 0.7176800000000001 0.03125 0.07916000000000001
10 0.388675 0.57652 0.01366999999999996 0.21108
10 0.390135 0.69921 0.014649999999999996 0.0343
10 0.46436 0.69921 0.03417999999999999 0.03166000000000002
10 0.54346 0.69921 0.03417999999999999 0.03166000000000002
10 0.62744 0.69327 0.0341800000000001 0.030339999999999923
10 0.01074235 0.58443 0.015625299999999998 0.21108
10 0.01171855 0.705805 0.0195309 0.02903
10 0.012207049999999999 0.45184500000000005 0.0205079 0.05673
10 0.22998 0.440635 0.036140000000000005 0.052769999999999984
10 0.368655 0.43667500000000004 0.036129999999999995 0.05277000000000004
10 0.39014000000000004 0.461745 0.016600000000000004 0.018469999999999986
10 0.46289 0.461745 0.029299999999999993 0.018469999999999986
10 0.5449200000000001 0.46108499999999997 0.029299999999999993 0.014509999999999967
10 0.625 0.460425 0.031239999999999934 0.01318999999999998
10 0.703125 0.46108499999999997 0.029290000000000038 0.014509999999999967
10 0.79785 0.456465 0.02734000000000003 0.01583000000000001
10 0.776365 0.57586 0.015630000000000033 0.20976
10 0.774905 0.461745 0.01464999999999994 0.01583000000000001
10 0.92578 0.458445 0.029299999999999993 0.01715
10 0.2124 0.58443 0.006840000000000013 0.21371999999999997
10 0.211425 0.453165 0.010749999999999982 0.04881000000000002
10 0.229495 0.35224500000000003 0.025389999999999996 0.11608999999999997
10 0.366215 0.35224500000000003 0.025390000000000024 0.11608999999999997
10 0.795895 0.35752 0.025390000000000024 0.11609999999999998
10 0.924315 0.3562 0.024410000000000043 0.11346
10 0.922855 0.26715 0.03125 0.06464
10 0.79541 0.26715 0.032220000000000026 0.06464
10 0.3667 0.261215 0.03221999999999997 0.06332999999999997
10 0.23095500000000002 0.260555 0.03223000000000001 0.06464999999999999
11 0.29883 0.835755 0.09179999999999999 0.051449999999999996
11 0.15039 0.8403700000000001 0.09179999999999999 0.05013999999999996
11 0.040039 0.845645 0.042968000000000006 0.05540999999999996
11 0.463865 0.923485 0.11719000000000002 0.12400999999999995
11 0.8647499999999999 0.9221649999999999 0.08496000000000004 0.12929000000000002
11 0.70459 0.923485 0.10643999999999998 0.12664999999999993
