2 0.279945 0.33935499999999996 0.054690000000000016 0.07519000000000003
2 0.2806 0.4917 0.07682000000000003 0.10057999999999995
2 0.43489500000000003 0.49121 0.07812999999999998 0.10155999999999998
2 0.432945 0.34277 0.05338999999999999 0.07422000000000001
2 0.56185 0.34375 0.05337999999999998 0.07618000000000003
2 0.68815 0.34375 0.050779999999999936 0.08008000000000004
2 0.81901 0.34375 0.052080000000000015 0.07618000000000003
2 0.822265 0.49121 0.07682999999999995 0.10155999999999998
2 0.69336 0.49072499999999997 0.07682 0.10058999999999996
2 0.5644499999999999 0.49072499999999997 0.07682 0.10058999999999996
2 0.2819 0.654785 0.07681999999999997 0.10645000000000004
2 0.43489500000000003 0.6543 0.07812999999999998 0.10742000000000007
2 0.282555 0.827145 0.05728999999999995 0.08203000000000005
2 0.434245 0.82666 0.055989999999999984 0.08300000000000007
2 0.56315 0.82666 0.05337999999999998 0.08106000000000002
2 0.692055 0.826175 0.05339000000000005 0.08203000000000005
2 0.5650999999999999 0.6543 0.07551999999999992 0.10742000000000007
2 0.69401 0.65381 0.07552000000000003 0.10644000000000009
2 0.82292 0.65381 0.07552000000000003 0.10644000000000009
2 0.820965 0.82422 0.055990000000000095 0.08398000000000005
1 0.5006521 0.48046828 0.9960958000000001 0.95898344
2 0.0729165 0.34082 0.04947900000000001 0.07422000000000001
2 0.0748695 0.507325 0.048177000000000005 0.07518999999999998
2 0.43099 0.19286999999999999 0.054680000000000006 0.06933999999999998
2 0.560545 0.191895 0.055989999999999984 0.06933
2 0.690105 0.191895 0.054690000000000016 0.06933
2 0.8177049999999999 0.191895 0.054690000000000016 0.06933
2 0.96354 0.056152499999999994 0.0625 0.079101
2 0.9479150000000001 0.18701 0.03385000000000005 0.06738
2 0.30664 0.1875 0.03775999999999996 0.058599999999999985
2 0.2487 0.188475 0.03645999999999999 0.05859
5 0.431645 0.26465 0.06901000000000002 0.08398000000000003
5 0.5625 0.26610999999999996 0.07031999999999994 0.08495999999999998
5 0.690755 0.264645 0.06119000000000008 0.08202999999999999
5 0.82031 0.26416 0.0625 0.08106000000000002
5 0.27864500000000003 0.25537 0.10417000000000001 0.08692
5 0.28059500000000004 0.55713 0.10547000000000001 0.03614000000000006
5 0.434245 0.55713 0.10547000000000001 0.03614000000000006
5 0.826175 0.55713 0.10546999999999995 0.03614000000000006
5 0.695965 0.55713 0.10547000000000006 0.03614000000000006
5 0.565755 0.55713 0.10546999999999995 0.03614000000000006
5 0.28254999999999997 0.7348650000000001 0.08593999999999999 0.05567
5 0.43489500000000003 0.733395 0.08593 0.054690000000000016
5 0.565105 0.734375 0.08592999999999995 0.054689999999999905
5 0.8229200000000001 0.733395 0.08594000000000002 0.054690000000000016
5 0.69336 0.735355 0.08723999999999998 0.054690000000000016
5 0.2819 0.875 0.08464000000000002 0.01953999999999989
5 0.44206 0.8730450000000001 0.08463999999999999 0.019529999999999936
5 0.5677099999999999 0.8720699999999999 0.08594000000000002 0.019540000000000002
5 0.6979200000000001 0.874025 0.08594000000000002 0.019529999999999936
5 0.828125 0.874025 0.08593000000000006 0.019529999999999936
5 0.072919 0.24072000000000002 0.07292200000000001 0.04004000000000002
5 0.075521 0.39404 0.072918 0.040039999999999965
5 0.07422000000000001 0.56006 0.07292 0.03808
6 0.647135 0.41162 0.5911500000000001 0.1416
8 0.27929499999999996 0.425295 0.029949999999999977 0.030269999999999964
8 0.234375 0.36279 0.023430000000000006 0.12597999999999998
8 0.322265 0.36426 0.02213000000000004 0.125
5 0.277995 0.38623 0.07161000000000003 0.024419999999999997
8 0.628255 0.14551 0.05858999999999992 0.05077999999999999
8 0.498695 0.14551 0.05729000000000001 0.05077999999999999
8 0.75716 0.14795 0.058600000000000096 0.0498
8 0.69206 0.138185 0.06380000000000008 0.032229999999999995
8 0.5638000000000001 0.140135 0.06510000000000005 0.032229999999999995
8 0.433595 0.140135 0.06511 0.032229999999999995
8 0.821615 0.140135 0.06511 0.032229999999999995
9 0.4915373 0.710935 0.9648454000000001 0.025390000000000024
10 0.49870000000000003 0.24023500000000003 0.02343999999999996 0.21485
10 0.628255 0.24120999999999998 0.022129999999999983 0.21484
10 0.7604200000000001 0.24023500000000003 0.023440000000000016 0.21485
10 0.628905 0.12207000000000001 0.054690000000000016 0.021480000000000013
10 0.759765 0.12109500000000001 0.055989999999999984 0.02149000000000001
10 0.503905 0.12207000000000001 0.054690000000000016 0.021480000000000013
2 0.284505 0.93018 0.055989999999999984 0.028320000000000012
2 0.4375 0.93018 0.05467999999999995 0.028320000000000012
2 0.5703149999999999 0.9296899999999999 0.054690000000000016 0.02734000000000003
2 0.828125 0.9272499999999999 0.054689999999999905 0.028320000000000012
2 0.7018249999999999 0.927735 0.054690000000000016 0.027349999999999985
