1 0.44872999999999996 0.625385 0.62988 0.7492300000000001
2 0.289065 0.44677999999999995 0.08788999999999997 0.14431999999999995
2 0.452635 0.446265 0.08690999999999999 0.14328999999999997
2 0.617675 0.447285 0.08691000000000004 0.14739000000000002
2 0.291505 0.7389950000000001 0.08690999999999999 0.15353000000000006
2 0.453615 0.73951 0.08690999999999999 0.15456000000000003
2 0.615725 0.7389950000000001 0.08691000000000004 0.15353000000000006
2 0.0712885 0.76817 0.078123 0.12793999999999994
2 0.904785 0.37717500000000004 0.08300999999999992 0.15455000000000002
2 0.907715 0.678605 0.08104999999999996 0.16991
4 0.453125 0.6018399999999999 0.13477 0.06345999999999996
4 0.286625 0.6049100000000001 0.13965 0.05731999999999993
4 0.618655 0.60798 0.13964999999999994 0.05732000000000004
4 0.9018550000000001 0.52917 0.18261000000000005 0.08598
5 0.28906 0.5291699999999999 0.13086000000000003 0.026619999999999977
5 0.453615 0.5276350000000001 0.13183000000000006 0.027629999999999932
5 0.62158 0.52661 0.13183999999999996 0.027639999999999998
5 0.28955 0.818835 0.13184 0.014329999999999954
5 0.453125 0.819855 0.13281000000000004 0.014329999999999954
5 0.617675 0.8229299999999999 0.13183 0.01637999999999995
8 0.8237300000000001 0.27226 0.03808 0.024560000000000026
8 0.90625 0.273795 0.10546000000000011 0.019449999999999967
8 0.98291 0.27482 0.020500000000000074 0.019440000000000013
9 0.451175 0.301435 0.6230500000000001 0.09109
9 0.45165999999999995 0.8689899999999999 0.62012 0.03480000000000005
10 0.799805 0.37922 0.023430000000000062 0.11975999999999998
10 0.8505849999999999 0.380755 0.02342999999999995 0.11873
10 0.9648399999999999 0.38434 0.023440000000000016 0.11975999999999998
10 0.844725 0.677585 0.021489999999999898 0.16581
10 0.80029 0.44472999999999996 0.028320000000000012 0.011259999999999992
10 0.85107 0.44575 0.028320000000000012 0.011259999999999992
10 0.96533 0.44984999999999997 0.028320000000000012 0.011259999999999992
10 0.84619 0.76561 0.0283199999999999 0.010240000000000027
10 0.799315 0.308085 0.03027000000000002 0.02456999999999998
10 0.850585 0.30911 0.03125 0.024560000000000026
10 0.965335 0.31371499999999997 0.030269999999999908 0.023550000000000015
10 0.844235 0.58649 0.026370000000000005 0.01637999999999995
11 0.5800799999999999 0.92784 0.3457 0.08085999999999993
11 0.30469 0.90276 0.14648 0.040939999999999976
11 0.317875 0.952405 0.08300999999999997 0.031729999999999925
11 0.178225 0.906855 0.03809000000000001 0.07164999999999999
11 0.17724499999999999 0.969295 0.059569999999999984 0.059370000000000034
11 0.1025375 0.975435 0.054685 0.045030000000000014
11 0.90088 0.94217 0.09864000000000006 0.08086000000000004
5 0.90625 0.46980500000000003 0.15626000000000007 0.04502999999999996
