1 0.5041661 0.5009781 0.9888878 0.9941438
2 0.59653 0.23535 0.14305999999999996 0.13086
2 0.590975 0.53613 0.17361000000000004 0.17578
3 0.59028 0.85156 0.30556000000000005 0.27147999999999994
2 0.21597 0.811525 0.08472000000000002 0.0898500000000001
4 0.59167 0.41211 0.29722000000000004 0.07032
4 0.59375 0.117189 0.29306000000000004 0.068362
5 0.588885 0.31787 0.28611000000000003 0.05565999999999999
5 0.5861149999999999 0.64844 0.28889 0.06835999999999998
8 0.5875 0.40771499999999994 0.37222 0.19824999999999998
8 0.1875 0.7158199999999999 0.07222 0.10155999999999998
8 0.90833 0.7099599999999999 0.07221999999999995 0.10155999999999998
10 0.48055499999999995 0.512695 0.013890000000000013 0.13867000000000007
10 0.7006950000000001 0.512205 0.015270000000000006 0.13965000000000005
10 0.479165 0.601075 0.03332999999999997 0.036129999999999995
10 0.7020850000000001 0.6015600000000001 0.031950000000000034 0.039059999999999984
10 0.480555 0.43408 0.03332999999999997 0.018559999999999965
10 0.7006950000000001 0.43408 0.02917000000000003 0.018559999999999965
