1 0.4995131 0.55191 0.9912138 0.88798
2 0.229495 0.17281 0.037110000000000004 0.031420000000000003
2 0.5009750000000001 0.173495 0.03711000000000003 0.030049999999999993
2 0.764645 0.18306 0.037109999999999976 0.030059999999999976
2 0.07617399999999999 0.367485 0.048832 0.10929
2 0.21679500000000002 0.36612 0.04883000000000001 0.10655999999999999
2 0.359865 0.36339 0.047850000000000004 0.10655999999999999
2 0.5004850000000001 0.364755 0.04785000000000006 0.10655000000000003
2 0.640135 0.36885 0.04784999999999995 0.10655999999999999
2 0.7792950000000001 0.37295 0.04883000000000004 0.10655999999999999
2 0.911135 0.38115 0.04883000000000004 0.10655999999999999
2 0.0810535 0.85041 0.046873 0.09426000000000001
2 0.22119 0.851775 0.045899999999999996 0.09426999999999996
2 0.359375 0.85041 0.04686999999999997 0.09426000000000001
2 0.63672 0.84836 0.04687999999999992 0.09289999999999998
2 0.776365 0.8449450000000001 0.04686999999999997 0.09426999999999996
2 0.90576 0.84426 0.04590000000000005 0.09289999999999998
2 0.0776365 0.59836 0.043945000000000005 0.12841999999999998
2 0.217285 0.5969949999999999 0.04394999999999999 0.12841000000000002
2 0.359865 0.5997250000000001 0.04394999999999999 0.12841000000000002
2 0.501465 0.59836 0.04394999999999999 0.12841999999999998
2 0.641115 0.59836 0.043949999999999934 0.12841999999999998
2 0.77637 0.59836 0.04492000000000007 0.12841999999999998
2 0.9106449999999999 0.59836 0.043950000000000045 0.12841999999999998
3 0.49951 0.87295 0.11426000000000003 0.23224
4 0.07324 0.499315 0.08984 0.056010000000000004
4 0.2168 0.495215 0.08984 0.056010000000000004
4 0.77832 0.499315 0.08983999999999992 0.056010000000000004
4 0.913575 0.5020450000000001 0.08887 0.056010000000000004
4 0.356935 0.48019 0.09277000000000002 0.0806
4 0.637205 0.48634 0.09277000000000002 0.07923999999999998
4 0.504395 0.48156 0.09277000000000007 0.0806
5 0.076173 0.6857949999999999 0.082034 0.06830999999999998
5 0.216795 0.6857949999999999 0.08202999999999999 0.06830999999999998
5 0.356445 0.69057 0.08202999999999999 0.06694
5 0.638675 0.68716 0.08203000000000005 0.06830000000000003
5 0.773435 0.688525 0.08203000000000005 0.06830999999999998
5 0.908695 0.6857949999999999 0.08301000000000003 0.06830999999999998
5 0.07617 0.431695 0.08398 0.032789999999999986
5 0.217775 0.430325 0.08399000000000001 0.032789999999999986
5 0.35741999999999996 0.428965 0.08398 0.032789999999999986
5 0.501955 0.430325 0.08399000000000006 0.032789999999999986
5 0.6386700000000001 0.431695 0.08398000000000005 0.032789999999999986
5 0.77783 0.43511 0.08496000000000004 0.031420000000000003
5 0.90869 0.43784 0.08495999999999992 0.031420000000000003
5 0.219725 0.90437 0.07226999999999997 0.019120000000000026
5 0.3584 0.90232 0.07225999999999999 0.017759999999999998
5 0.081056 0.90164 0.072268 0.019120000000000026
5 0.905275 0.89481 0.07226999999999995 0.019120000000000026
5 0.773435 0.8961749999999999 0.07227000000000006 0.01912999999999998
5 0.63672 0.9002749999999999 0.07225999999999999 0.01912999999999998
6 0.500975 0.688525 0.20116999999999996 0.07650999999999997
9 0.49902125 0.265025 0.9824175 0.06831000000000001
9 0.5019528 0.7206250000000001 0.9843744 0.028689999999999993
10 0.42578499999999997 0.8449450000000001 0.013670000000000015 0.19262999999999997
10 0.40771500000000005 0.84768 0.014649999999999996 0.19262
10 0.5742149999999999 0.8456250000000001 0.01366999999999996 0.19399
10 0.592285 0.8456250000000001 0.01464999999999994 0.19399
10 0.40625 0.951505 0.01758000000000004 0.015029999999999988
10 0.42578 0.95082 0.015619999999999967 0.01639999999999997
10 0.57471 0.95014 0.01660000000000006 0.017759999999999998
10 0.592775 0.95082 0.01562999999999992 0.01639999999999997
10 0.407225 0.74522 0.015630000000000033 0.009560000000000013
10 0.42578 0.74385 0.015619999999999967 0.009560000000000013
10 0.57422 0.74385 0.015620000000000078 0.009560000000000013
10 0.592775 0.74385 0.01562999999999992 0.009560000000000013
