1 0.60156 0.504881 0.7890600000000001 0.931638
3 0.748695 0.901855 0.0703100000000001 0.10838999999999999
2 0.75065 0.782225 0.045580000000000065 0.06054999999999999
2 0.613285 0.78467 0.04427000000000003 0.07323999999999997
2 0.532555 0.78467 0.04427000000000003 0.07323999999999997
2 0.35286 0.78467 0.04947999999999997 0.07323999999999997
2 0.3431 0.29296500000000003 0.05337999999999998 0.08202999999999999
2 0.34570500000000004 0.617675 0.05338999999999999 0.08104999999999996
2 0.34375 0.455565 0.05467999999999995 0.08104999999999996
2 0.532555 0.635745 0.04427000000000003 0.07227000000000006
2 0.613935 0.636235 0.04296999999999995 0.07129000000000008
2 0.613935 0.48584000000000005 0.04296999999999995 0.07324000000000003
2 0.5306 0.48584000000000005 0.045580000000000065 0.07324000000000003
2 0.791015 0.63672 0.04296999999999995 0.07225999999999999
2 0.709635 0.63623 0.04427000000000003 0.07323999999999997
2 0.7916650000000001 0.48584000000000005 0.04426999999999992 0.07324000000000003
2 0.709635 0.48535000000000006 0.04427000000000003 0.07422000000000001
2 0.7923150000000001 0.33447 0.04557 0.07323999999999997
2 0.710285 0.33447 0.042970000000000064 0.07323999999999997
2 0.7923150000000001 0.18457 0.04557 0.06836
2 0.710285 0.18506 0.042970000000000064 0.06934000000000001
4 0.795575 0.280275 0.08072999999999997 0.03320999999999996
4 0.7109350000000001 0.280275 0.08333000000000002 0.03320999999999996
4 0.617185 0.280765 0.08072999999999997 0.03222999999999998
4 0.5319 0.280275 0.08463999999999994 0.03125
2 0.6145849999999999 0.33447 0.04426999999999992 0.07323999999999997
2 0.5319 0.333985 0.045580000000000065 0.07421
2 0.6145849999999999 0.18457 0.04426999999999992 0.06836
2 0.5319 0.18457 0.045580000000000065 0.06836
4 0.53125 0.433105 0.08071999999999996 0.03222999999999998
4 0.615235 0.432615 0.08203000000000005 0.03125
4 0.709635 0.433105 0.08333000000000002 0.03027000000000002
4 0.7942750000000001 0.433105 0.08073000000000008 0.03027000000000002
2 0.88737 0.183105 0.045579999999999954 0.06933
2 0.9707049999999999 0.18262 0.04557 0.06836
2 0.88737 0.33447 0.045579999999999954 0.07323999999999997
2 0.886715 0.485355 0.04427000000000003 0.07617000000000002
2 0.886065 0.635745 0.04296999999999995 0.07227000000000006
2 0.886065 0.7832049999999999 0.04296999999999995 0.07226999999999995
2 0.34896 0.15625 0.052080000000000015 0.02148
3 0.61914 0.92236 0.045579999999999954 0.06152000000000002
3 0.5351600000000001 0.92285 0.03646000000000005 0.058600000000000096
2 0.883465 0.92871 0.042970000000000064 0.07225999999999999
4 0.88737 0.279785 0.08723999999999998 0.036129999999999995
4 0.34309500000000004 0.23779499999999998 0.08202999999999999 0.03026999999999999
4 0.88672 0.430665 0.08334000000000008 0.03125
4 0.345705 0.39746 0.08462999999999998 0.03320000000000001
5 0.53125 0.382325 0.07552000000000003 0.02636999999999995
5 0.61263 0.383785 0.07682 0.025390000000000024
5 0.7102900000000001 0.382815 0.07682 0.025389999999999968
5 0.7923199999999999 0.3833 0.07682 0.026359999999999995
5 0.884765 0.3833 0.07682999999999995 0.026359999999999995
5 0.88672 0.536135 0.07551999999999992 0.025390000000000024
5 0.79297 0.533205 0.07551999999999992 0.025390000000000024
5 0.71224 0.535155 0.07552000000000003 0.025389999999999913
5 0.61328 0.535645 0.07551999999999992 0.026370000000000005
5 0.5332 0.533695 0.07681999999999994 0.026370000000000005
5 0.53125 0.690915 0.07032 0.036130000000000106
5 0.61263 0.689945 0.06902000000000008 0.036129999999999995
5 0.707685 0.691405 0.06901000000000002 0.035150000000000015
5 0.792315 0.690915 0.06901000000000002 0.036130000000000106
5 0.884765 0.69287 0.06901000000000002 0.03614000000000006
5 0.3457 0.672365 0.06120000000000003 0.03027000000000002
6 0.34245000000000003 0.51123 0.06509999999999999 0.03028000000000003
6 0.34504999999999997 0.351075 0.06509999999999999 0.030269999999999964
8 0.34961 0.13525500000000001 0.02474000000000004 0.02051
8 0.53125 0.140135 0.026040000000000063 0.02051
8 0.61458 0.13916 0.026040000000000063 0.02049999999999999
8 0.71289 0.140135 0.024739999999999984 0.02051
8 0.79427 0.140135 0.026039999999999952 0.02051
8 0.88802 0.13916 0.026039999999999952 0.02049999999999999
8 0.97461 0.140135 0.024739999999999984 0.02051
8 0.345055 0.56592 0.01822999999999997 0.022460000000000035
8 0.5319 0.588375 0.016919999999999935 0.020510000000000028
8 0.6145849999999999 0.588865 0.01562999999999992 0.019530000000000047
8 0.708985 0.588865 0.01693 0.019530000000000047
8 0.791015 0.588865 0.01693 0.019530000000000047
8 0.88737 0.588865 0.016920000000000046 0.019530000000000047
8 0.29752500000000004 0.722655 0.03255000000000002 0.04100999999999999
8 0.401695 0.72168 0.03255000000000002 0.041020000000000056
8 0.532555 0.0971665 0.020829999999999904 0.05956700000000001
8 0.484375 0.0971665 0.020830000000000015 0.05956700000000001
8 0.40885499999999997 0.0913065 0.02082999999999996 0.059567
8 0.34896 0.0913065 0.02083999999999997 0.059567
8 0.289715 0.09277350000000001 0.019530000000000047 0.05859299999999999
8 0.24739499999999998 0.0913065 0.020829999999999987 0.059567
8 0.23047 0.0913065 0.015619999999999995 0.059567
8 0.451175 0.0937515 0.01693 0.05859700000000001
8 0.4668 0.092285 0.01432 0.05957
8 0.57422 0.0971665 0.02084000000000008 0.05956700000000001
8 0.615885 0.096193 0.020830000000000015 0.059574
8 0.6640649999999999 0.096193 0.020830000000000015 0.059574
8 0.71224 0.094725 0.02083999999999997 0.05859
8 0.753905 0.0966815 0.020830000000000015 0.05859700000000001
8 0.7955749999999999 0.095215 0.020830000000000015 0.05957
8 0.84375 0.09570300000000001 0.02083999999999997 0.05859399999999999
8 0.890625 0.095215 0.020829999999999904 0.05957
8 0.9355450000000001 0.095215 0.019529999999999936 0.05957
8 0.978515 0.0942365 0.019530000000000047 0.05956700000000001
9 0.60677 0.086913 0.77604 0.09179400000000001
9 0.605465 0.229495 0.76823 0.03125
9 0.595055 0.555175 0.76823 0.07325000000000004
9 0.6022150000000001 0.694825 0.77995 0.04784999999999995
9 0.6022150000000001 0.84473 0.77995 0.056640000000000024
8 0.751305 0.8373999999999999 0.09115000000000006 0.022460000000000035
10 0.57357 0.786135 0.024739999999999984 0.07030999999999998
10 0.65299 0.78711 0.024739999999999984 0.07031999999999994
10 0.49219 0.78711 0.026040000000000063 0.07031999999999994
10 0.46354 0.786135 0.02864 0.07030999999999998
10 0.39583 0.786135 0.026040000000000008 0.07030999999999998
10 0.309245 0.785155 0.02473000000000003 0.07030999999999998
10 0.846355 0.78711 0.026050000000000018 0.07031999999999994
10 0.8457049999999999 0.74609 0.03254999999999997 0.011719999999999953
10 0.6556 0.74609 0.03256000000000003 0.011719999999999953
10 0.573565 0.74609 0.03255000000000008 0.011719999999999953
10 0.46289 0.7456050000000001 0.03255999999999998 0.010749999999999926
10 0.49414 0.74707 0.027339999999999975 0.011719999999999953
10 0.396485 0.7456050000000001 0.029949999999999977 0.010749999999999926
10 0.308595 0.74463 0.03125 0.010739999999999972
10 0.573565 0.83887 0.02994999999999992 0.03320000000000001
10 0.652995 0.837895 0.02994999999999992 0.03125
10 0.492835 0.837895 0.029949999999999977 0.03125
10 0.847005 0.837895 0.02994999999999992 0.03125
11 0.35026 0.89941 0.2526 0.13672000000000006
