1 0.4626745 0.587405 0.7786310000000001 0.70801
3 0.141569 0.87256 0.09266200000000001 0.13573999999999997
2 0.31467 0.844725 0.09138000000000002 0.07226999999999995
2 0.144785 0.70801 0.052769999999999984 0.07421999999999995
2 0.34556 0.7075199999999999 0.05019999999999997 0.07520000000000004
2 0.28378499999999995 0.70703 0.05019000000000001 0.07422000000000006
2 0.5843 0.70703 0.05148000000000008 0.07422000000000006
2 0.46460500000000005 0.8442350000000001 0.09009000000000006 0.07128999999999996
2 0.46525 0.70752 0.07077999999999995 0.07323999999999997
2 0.613895 0.84375 0.09009 0.07225999999999999
2 0.77542 0.8432649999999999 0.08879999999999999 0.07128999999999996
2 0.6447849999999999 0.70703 0.0489099999999999 0.07422000000000006
2 0.77735 0.70703 0.05406 0.07422000000000006
2 0.77735 0.57471 0.05406 0.07324000000000008
2 0.77799 0.44678 0.055340000000000056 0.07323999999999997
4 0.780565 0.393065 0.09137000000000006 0.03027000000000002
4 0.616475 0.395505 0.15186999999999995 0.03125
4 0.6171199999999999 0.51807 0.1583 0.03417999999999999
2 0.6435 0.57568 0.048900000000000055 0.07323999999999997
2 0.6435 0.447755 0.04633999999999994 0.07129000000000002
2 0.583655 0.575195 0.05019000000000007 0.07227000000000006
2 0.583655 0.44677500000000003 0.04761000000000004 0.07129000000000002
2 0.464605 0.57471 0.07206999999999997 0.07324000000000008
2 0.465255 0.44629 0.06821000000000005 0.07225999999999999
4 0.465895 0.394535 0.10811000000000004 0.03125
4 0.31467 0.393555 0.15057999999999996 0.03125
4 0.31725 0.518065 0.15829999999999997 0.036129999999999995
2 0.34556 0.57422 0.05019999999999997 0.07225999999999999
2 0.28378499999999995 0.57471 0.05019000000000001 0.07324000000000008
2 0.34491499999999997 0.445315 0.048909999999999954 0.07227
2 0.28313999999999995 0.445315 0.0489 0.07227
2 0.144145 0.57324 0.05663 0.07421999999999995
2 0.144145 0.44287 0.05663 0.07519999999999999
4 0.144786 0.38867 0.09394800000000002 0.029299999999999993
2 0.11583 0.313475 0.018020000000000008 0.029290000000000038
2 0.14286 0.313475 0.018020000000000008 0.029290000000000038
2 0.169885 0.31494 0.018009999999999998 0.028320000000000012
2 0.750965 0.31836 0.01930999999999994 0.029299999999999993
2 0.77799 0.31836 0.019299999999999984 0.029299999999999993
2 0.8030900000000001 0.31836 0.018020000000000036 0.029299999999999993
4 0.1441445 0.28076 0.09009099999999999 0.03417999999999999
4 0.78314 0.28369 0.0913799999999999 0.03417999999999999
5 0.145435 0.34961 0.09009000000000002 0.04882000000000003
5 0.14479 0.484375 0.0888 0.011709999999999998
5 0.3166 0.49365499999999995 0.12870000000000004 0.02636999999999995
5 0.46653500000000003 0.487305 0.10425000000000001 0.009770000000000001
5 0.6164700000000001 0.49512 0.12869999999999993 0.027339999999999975
5 0.77928 0.48877000000000004 0.09138000000000002 0.010740000000000027
5 0.778635 0.35448999999999997 0.09009 0.04687999999999998
5 0.14350000000000002 0.6401349999999999 0.07336000000000001 0.05957000000000001
5 0.46653999999999995 0.63965 0.08366000000000001 0.06053999999999993
5 0.31596 0.636235 0.13256 0.053709999999999924
5 0.61583 0.636235 0.13256 0.053709999999999924
5 0.778635 0.6376999999999999 0.07465 0.05663999999999991
5 0.14672 0.74805 0.09266 0.011719999999999953
5 0.31596 0.7480450000000001 0.15316 0.009769999999999945
5 0.46654 0.74902 0.10940000000000005 0.011719999999999953
5 0.615185 0.749025 0.15186999999999995 0.01366999999999996
5 0.7792749999999999 0.74805 0.09395000000000009 0.011719999999999953
8 0.346205 0.361815 0.023170000000000024 0.026370000000000005
8 0.581725 0.362305 0.023170000000000024 0.027349999999999985
8 0.23165999999999998 0.40967 0.03087999999999999 0.05565999999999999
8 0.40026 0.41113 0.03603999999999996 0.056640000000000024
8 0.5283150000000001 0.41162 0.037329999999999974 0.05565999999999999
8 0.6936899999999999 0.4126 0.025739999999999985 0.057620000000000005
8 0.20077499999999998 0.27197000000000005 0.03089 0.04004000000000002
8 0.724585 0.27539 0.030889999999999973 0.04102
8 0.83655 0.274415 0.03088000000000002 0.04100999999999999
8 0.8751599999999999 0.27929499999999996 0.018020000000000036 0.04297000000000001
8 0.89575 0.280275 0.018020000000000036 0.04296999999999995
8 0.144786 0.512695 0.09394800000000002 0.04492999999999997
8 0.463965 0.51416 0.10938999999999999 0.045899999999999996
8 0.77799 0.51611 0.09652000000000005 0.045899999999999996
8 0.1460765 0.782715 0.140287 0.053710000000000035
11 0.23874 0.86328 0.029599999999999987 0.021480000000000055
