2 0.3151 0.38573999999999997 0.0625 0.07812000000000002
2 0.38866999999999996 0.385255 0.06119999999999998 0.07715
2 0.59375 0.38672 0.059900000000000064 0.07811999999999997
2 0.593095 0.566895 0.06901000000000002 0.08301000000000003
2 0.591795 0.73096 0.06901000000000002 0.07910000000000006
4 0.598305 0.6665 0.13410999999999995 0.05176000000000003
3 0.5957 0.922365 0.08723999999999998 0.10448999999999997
2 0.313805 0.73193 0.07030999999999998 0.07910000000000006
2 0.38671999999999995 0.73096 0.07032 0.07910000000000006
2 0.314455 0.566895 0.06901000000000002 0.08301000000000003
2 0.386065 0.566895 0.06901000000000002 0.08301000000000003
4 0.353515 0.66455 0.18880999999999998 0.049799999999999955
1 0.452475 0.5375965 0.49609000000000003 0.883787
2 0.81641 0.1709 0.07552000000000003 0.08984
2 0.953125 0.17822 0.0755300000000001 0.09081999999999998
2 0.94792 0.34619 0.07552000000000003 0.09082000000000001
2 0.8138 0.34229 0.07552000000000003 0.09082000000000001
2 0.9362 0.52979 0.07552000000000003 0.09082000000000007
2 0.80599 0.527345 0.07552000000000003 0.08984999999999993
2 0.9375 0.723145 0.0729200000000001 0.10448999999999997
2 0.80534 0.721195 0.07422000000000006 0.10448999999999997
2 0.804035 0.90039 0.06640999999999997 0.08594000000000002
3 0.940755 0.91699 0.08203000000000005 0.11914000000000002
4 0.8125 0.46875 0.12240000000000006 0.02734000000000003
4 0.940755 0.472655 0.11329 0.027349999999999985
4 0.80664 0.63867 0.14192000000000005 0.056640000000000024
4 0.9355450000000001 0.640625 0.10807 0.054689999999999905
4 0.80599 0.8369150000000001 0.11980000000000002 0.03907000000000005
5 0.815105 0.248045 0.13021000000000005 0.07812999999999998
5 0.94401 0.25634999999999997 0.10416000000000003 0.07519999999999999
5 0.81315 0.396485 0.12890000000000001 0.029289999999999983
5 0.938805 0.40137 0.1041700000000001 0.029299999999999993
5 0.93685 0.586915 0.11327999999999994 0.03125
5 0.809895 0.5825199999999999 0.11978999999999995 0.03417999999999999
5 0.934245 0.793455 0.11067000000000005 0.04198999999999997
5 0.807295 0.7924800000000001 0.11979000000000006 0.04393999999999998
8 0.917965 0.090333 0.03125 0.047853999999999994
8 0.8821650000000001 0.0859365 0.03254999999999997 0.048827
8 0.841145 0.08447349999999999 0.03125 0.047853
8 0.954425 0.090333 0.03125 0.047853999999999994
8 0.936195 0.835935 0.1171899999999999 0.037109999999999976
9 0.45052000000000003 0.29247999999999996 0.47916000000000003 0.0791
9 0.45182 0.49219 0.48697999999999997 0.03319999999999995
11 0.39258 0.82715 0.20182 0.015620000000000078
11 0.610025 0.82715 0.06118999999999997 0.015620000000000078
11 0.77018 0.8369150000000001 0.07421999999999995 0.02342999999999995
5 0.353515 0.439455 0.19400999999999996 0.037109999999999976
5 0.594405 0.439455 0.11848999999999998 0.037109999999999976
