1 0.50099405 0.50146485 0.9980119 0.9970703
2 0.21869 0.06933600000000001 0.13916000000000003 0.039062
2 0.49502999999999997 0.0688475 0.13915999999999995 0.040039
2 0.77137 0.06933600000000001 0.13915999999999995 0.039062
2 0.77336 0.135745 0.13916000000000006 0.03710999999999999
2 0.49502999999999997 0.131345 0.13915999999999995 0.030270000000000005
2 0.21869 0.13427499999999998 0.14314000000000002 0.03026999999999999
2 0.218685 0.21826 0.11530999999999997 0.03808
2 0.2167 0.277835 0.11529999999999999 0.036129999999999995
2 0.49601999999999996 0.277835 0.11331999999999998 0.036129999999999995
2 0.77336 0.27832 0.11530000000000007 0.03515999999999997
2 0.7743500000000001 0.21875 0.11331999999999998 0.039059999999999984
2 0.49601999999999996 0.21875 0.11331999999999998 0.039059999999999984
2 0.14314300000000002 0.34765500000000005 0.09145400000000001 0.039069999999999994
2 0.28429499999999996 0.347165 0.09144999999999998 0.03808999999999996
2 0.42544499999999996 0.34765500000000005 0.09144999999999998 0.039069999999999994
2 0.5666 0.34863 0.09145999999999999 0.039059999999999984
2 0.7097450000000001 0.34765500000000005 0.09144999999999992 0.039069999999999994
2 0.850895 0.34863 0.09144999999999992 0.039059999999999984
2 0.852885 0.416505 0.09145000000000003 0.03809000000000001
2 0.7097450000000001 0.416015 0.09144999999999992 0.039069999999999994
2 0.572565 0.41503999999999996 0.09145000000000003 0.03906000000000004
2 0.427435 0.416505 0.09145000000000003 0.03809000000000001
2 0.28230500000000003 0.41552500000000003 0.09144999999999998 0.03809000000000001
2 0.1411535 0.416015 0.09145299999999999 0.039069999999999994
2 0.1411535 0.48242 0.09145299999999999 0.039059999999999984
2 0.28529000000000004 0.48290999999999995 0.09344000000000002 0.04199999999999998
2 0.43240999999999996 0.48290999999999995 0.09344000000000002 0.04199999999999998
2 0.57157 0.4834 0.09343999999999997 0.041019999999999945
2 0.7167 0.48583999999999994 0.09343999999999997 0.04199999999999998
2 0.85388 0.483885 0.09343999999999997 0.04198999999999997
2 0.85388 0.5537099999999999 0.09343999999999997 0.041019999999999945
2 0.717695 0.5537099999999999 0.09145000000000003 0.041019999999999945
2 0.5735600000000001 0.552245 0.09344000000000008 0.04198999999999997
2 0.43042 0.553225 0.09344000000000002 0.04198999999999997
2 0.29125 0.553225 0.09344 0.04198999999999997
2 0.144133 0.553225 0.09343399999999999 0.04198999999999997
2 0.144133 0.621585 0.09343399999999999 0.04199000000000008
2 0.28926 0.622555 0.09344 0.04198999999999997
2 0.42644000000000004 0.621585 0.09344000000000002 0.04199000000000008
2 0.5735600000000001 0.621585 0.09344000000000008 0.04199000000000008
2 0.71272 0.623535 0.09343999999999997 0.04199000000000008
2 0.8558650000000001 0.623535 0.09343000000000001 0.04199000000000008
2 0.85189 0.690915 0.09343999999999997 0.04199000000000008
2 0.71471 0.689945 0.09344000000000008 0.04198999999999997
2 0.572565 0.690915 0.09145000000000003 0.04199000000000008
2 0.429425 0.689945 0.09145000000000003 0.04198999999999997
2 0.28529000000000004 0.688475 0.09344000000000002 0.0410100000000001
2 0.1421485 0.689945 0.09344300000000001 0.04198999999999997
2 0.84592 0.7583 0.09343999999999997 0.04200000000000004
2 0.70875 0.7587900000000001 0.09343999999999997 0.041019999999999945
2 0.5735600000000001 0.760255 0.09344000000000008 0.04198999999999997
2 0.429425 0.7583 0.09145000000000003 0.04200000000000004
2 0.290255 0.759275 0.09145 0.04198999999999997
2 0.147115 0.759275 0.09145000000000002 0.04198999999999997
2 0.1501 0.82568 0.08946 0.040039999999999965
2 0.289265 0.82568 0.08947000000000002 0.040039999999999965
2 0.43042 0.82568 0.08946000000000004 0.040039999999999965
2 0.56958 0.82422 0.08945999999999998 0.039059999999999984
2 0.70676 0.82568 0.08945999999999998 0.040039999999999965
2 0.84493 0.82422 0.08748 0.039059999999999984
2 0.20179000000000002 0.894535 0.15308000000000002 0.037109999999999976
2 0.49404 0.89453 0.15308 0.03515999999999997
2 0.787275 0.893065 0.14710999999999996 0.036129999999999995
2 0.49304000000000003 0.96045 0.18688 0.04590000000000005
2 0.78131 0.9619150000000001 0.19085999999999992 0.04883000000000004
2 0.205765 0.967775 0.19285000000000002 0.05859000000000003
5 0.49502999999999997 0.1010755 0.14314 0.026369000000000004
5 0.7674 0.1025385 0.14314000000000004 0.027342999999999992
5 0.2167 0.1049785 0.14314000000000002 0.026362999999999998
5 0.21769500000000003 0.248535 0.12127000000000002 0.02246999999999999
5 0.494035 0.248535 0.12126999999999999 0.02246999999999999
5 0.776345 0.25 0.12126999999999999 0.021480000000000027
6 0.50099615 0.14257999999999998 0.9860877 0.027340000000000003
7 0.7862849999999999 0.88379 0.14115 0.015619999999999967
9 0.5000021 0.175295 0.9880758000000001 0.036129999999999995
9 0.50198615 0.309085 0.9880677 0.03027000000000002
9 0.49900805000000004 0.79785 0.9900639 0.023440000000000016
9 0.49900805000000004 0.8501000000000001 0.9900639 0.022460000000000035
9 0.5000002 0.0302737 0.9801196000000001 0.0488286
10 0.31511 0.24951 0.03380000000000005 0.09082000000000001
10 0.12028 0.25049 0.0338 0.09081999999999998
10 0.028827000000000002 0.25049 0.033798 0.09081999999999998
10 0.39861 0.24951 0.0338 0.09082000000000001
10 0.59543 0.248535 0.03380000000000005 0.09083
10 0.680915 0.25049 0.03378999999999999 0.09081999999999998
10 0.87376 0.251465 0.03380000000000005 0.09082999999999997
10 0.96521 0.25244 0.03380000000000005 0.09082000000000001
10 0.85686 0.099119 0.01988000000000001 0.094722
10 0.685885 0.102049 0.019889999999999963 0.09472199999999999
10 0.582505 0.100097 0.019890000000000074 0.094726
10 0.582505 0.099119 0.019890000000000074 0.094722
10 0.407555 0.099119 0.019889999999999963 0.094722
10 0.30219 0.100097 0.01988000000000001 0.094726
10 0.12922499999999998 0.099119 0.01988999999999999 0.094722
10 0.8568549999999999 0.0419925 0.031810000000000005 0.019531
10 0.6858850000000001 0.04296850000000001 0.031810000000000005 0.019531
10 0.582505 0.0419925 0.031810000000000005 0.019531
10 0.409545 0.0419925 0.031810000000000005 0.019531
10 0.304175 0.04296850000000001 0.03180999999999995 0.019531
10 0.131215 0.041015499999999996 0.031810000000000005 0.019531
10 0.029821 0.198245 0.035786 0.013670000000000015
10 0.121275 0.198245 0.03578999999999999 0.013670000000000015
10 0.31411500000000003 0.197265 0.035790000000000044 0.013670000000000015
10 0.399605 0.196775 0.03578999999999999 0.014649999999999996
10 0.594435 0.196285 0.03578999999999999 0.013669999999999988
10 0.6799200000000001 0.198245 0.035780000000000034 0.013670000000000015
10 0.872765 0.19873000000000002 0.03578999999999999 0.014640000000000014
10 0.964215 0.199215 0.03578999999999999 0.013670000000000015
10 0.9383699999999999 0.87939 0.08350000000000002 0.022459999999999924
10 0.645125 0.88086 0.08151000000000008 0.021479999999999944
10 0.6371800000000001 0.944825 0.05368000000000006 0.10645000000000004
10 0.93141 0.9443349999999999 0.06957999999999998 0.10743000000000003
10 0.054672 0.87842 0.08548800000000001 0.022460000000000035
11 0.494035 0.86377 0.56263 0.014639999999999986
8 0.35685999999999996 0.21924 0.03777999999999998 0.022460000000000008
8 0.639165 0.219725 0.03776999999999997 0.02149000000000001
8 0.915505 0.219725 0.03777000000000008 0.02149000000000001
8 0.0745525 0.219725 0.037772999999999994 0.02149000000000001
