1 0.50342465 0.50048985 0.9931507 0.9951203
2 0.168665 0.10009499999999999 0.09075000000000001 0.08105
2 0.833045 0.10009499999999999 0.09075 0.08105
2 0.166095 0.217285 0.09247 0.08104999999999998
2 0.83733 0.21435500000000002 0.09245999999999999 0.08104999999999998
2 0.16267 0.324705 0.09246 0.08105000000000001
2 0.83219 0.324705 0.09245999999999999 0.08105000000000001
2 0.16438 0.43506 0.08904000000000001 0.06152000000000002
2 0.8339 0.43408 0.08904000000000001 0.061519999999999964
2 0.833905 0.57129 0.07190999999999992 0.056640000000000024
2 0.160105 0.57324 0.07363000000000001 0.056640000000000024
2 0.49315 0.58447 0.07533999999999996 0.08496000000000004
2 0.492295 0.74756 0.08733000000000002 0.11426000000000003
2 0.16266999999999998 0.734865 0.07192000000000001 0.08691000000000004
2 0.827915 0.736815 0.07362999999999997 0.08691000000000004
2 0.16353 0.88086 0.06678 0.058599999999999985
2 0.828765 0.88086 0.06849000000000005 0.058599999999999985
2 0.496575 0.094727 0.21917000000000003 0.072266
2 0.49914499999999995 0.213375 0.22088999999999998 0.07715
2 0.494005 0.4458 0.08390999999999998 0.08886
2 0.496575 0.3208 0.07877 0.07519999999999999
3 0.498285 0.921385 0.19863000000000003 0.13965000000000005
4 0.1601015 0.38281 0.183217 0.027339999999999975
4 0.48716000000000004 0.38281 0.18322 0.027339999999999975
4 0.828765 0.38281 0.18493000000000004 0.027339999999999975
4 0.83476 0.5224599999999999 0.18322000000000005 0.02734000000000003
4 0.5 0.527345 0.1815 0.03711000000000009
4 0.16609600000000002 0.52881 0.181508 0.03808
4 0.163526 0.680175 0.17636799999999997 0.04981000000000002
4 0.833045 0.6772450000000001 0.17637000000000003 0.04981000000000002
4 0.49144 0.672855 0.20206000000000007 0.037109999999999976
4 0.163527 0.83887 0.159246 0.03516000000000008
4 0.83048 0.8373999999999999 0.16096 0.03417999999999999
6 0.16353 0.122555 0.11130000000000001 0.036129999999999995
6 0.83476 0.119145 0.11130000000000007 0.03710999999999999
6 0.833045 0.24364999999999998 0.15925 0.05176
6 0.161816 0.24364999999999998 0.159248 0.05176
6 0.16353 0.344725 0.11130000000000001 0.037109999999999976
6 0.8313349999999999 0.344725 0.11130999999999991 0.037109999999999976
6 0.166955 0.48241999999999996 0.08733 0.035160000000000025
6 0.83219 0.481445 0.08562000000000003 0.035150000000000015
6 0.82877 0.614745 0.08562000000000003 0.036129999999999995
6 0.16096 0.615725 0.08562 0.036129999999999995
6 0.492295 0.1206055 0.32021 0.06542900000000001
6 0.494865 0.24120999999999998 0.31849 0.058599999999999985
6 0.49400499999999997 0.34521500000000005 0.16608999999999996 0.057609999999999995
6 0.490585 0.47802999999999995 0.24829 0.05565999999999999
6 0.49057999999999996 0.61865 0.31335999999999997 0.06152000000000002
6 0.4863 0.7949250000000001 0.45548 0.06054999999999999
7 0.184075 0.30957 0.03595000000000001 0.044920000000000015
7 0.14726 0.30859000000000003 0.03767999999999999 0.044920000000000015
7 0.85531 0.30762 0.03595999999999999 0.04491999999999996
7 0.815925 0.30762 0.035949999999999926 0.04491999999999996
7 0.513695 0.3208 0.037669999999999926 0.07324000000000003
7 0.476025 0.32129 0.03425 0.07225999999999999
7 0.14468999999999999 0.43408 0.03938 0.057620000000000005
7 0.18579 0.43408 0.03938 0.057620000000000005
7 0.85531 0.43213 0.03937999999999997 0.057620000000000005
7 0.8125 0.43261499999999997 0.03937999999999997 0.058589999999999975
7 0.475175 0.44628999999999996 0.042810000000000015 0.08593999999999996
7 0.51627 0.4458 0.03937999999999997 0.08495999999999998
7 0.8125 0.879885 0.029099999999999904 0.054690000000000016
7 0.8441799999999999 0.879885 0.03081999999999996 0.054690000000000016
8 0.32791499999999996 0.8393550000000001 0.05992999999999998 0.018549999999999955
8 0.65839 0.838865 0.05993999999999999 0.019530000000000047
8 0.3262 0.9008799999999999 0.03595999999999999 0.09277999999999997
8 0.65497 0.898925 0.0359600000000001 0.09277000000000002
8 0.488015 0.83594 0.06506999999999996 0.04688000000000003
5 0.16095700000000002 0.79199 0.154106 0.03515999999999997
5 0.833905 0.788575 0.15410999999999997 0.036129999999999995
9 0.5059914999999999 0.02441395 0.977737 0.0351561
9 0.5017115 0.146485 0.969177 0.02149000000000001
9 0.5077065 0.26758000000000004 0.967467 0.02148
9 0.5017115 0.358395 0.969177 0.04297000000000001
9 0.505139 0.486815 0.969182 0.04394999999999999
9 0.5000005 0.625 0.969179 0.04296000000000011
9 0.5077065 0.799805 0.967467 0.04296999999999995
9 0.498288 0.94092 0.9726039999999999 0.03417999999999999
6 0.164385 0.92676 0.08561000000000002 0.039059999999999984
6 0.83048 0.92676 0.08562000000000003 0.039059999999999984
