1 0.5005574 0.50048985 0.9988852 0.9951203
2 0.39521 0.6220699999999999 0.08584000000000003 0.16210000000000002
2 0.6103700000000001 0.618655 0.08584000000000003 0.16309000000000007
2 0.8428100000000001 0.6210899999999999 0.08472000000000002 0.16405999999999998
2 0.164995 0.624025 0.08472999999999999 0.1660100000000001
2 0.39854999999999996 0.334475 0.08583999999999997 0.19629
2 0.613155 0.333005 0.08248999999999995 0.19530999999999998
2 0.84337 0.319335 0.08138000000000001 0.16600999999999996
2 0.17001 0.322265 0.08138000000000001 0.16601000000000002
4 0.389075 0.189945 0.22072999999999998 0.07129000000000002
4 0.6170549999999999 0.189945 0.22185 0.07129000000000002
4 0.1527305 0.47217 0.189519 0.06738
4 0.84169 0.47509999999999997 0.18952000000000002 0.06933999999999996
4 0.165551 0.198735 0.16387799999999997 0.05957000000000001
4 0.8422499999999999 0.200195 0.16387999999999991 0.05859
5 0.838905 0.422365 0.14381 0.04394999999999999
5 0.39520500000000003 0.7241200000000001 0.14381000000000005 0.04393999999999998
5 0.60981 0.720215 0.14716000000000007 0.043950000000000045
6 0.48941 0.424805 0.4214 0.13280999999999998
6 0.84169 0.717285 0.13378 0.06542999999999999
6 0.1633225 0.7207049999999999 0.134895 0.06445000000000001
7 0.8645449999999999 0.323245 0.03678999999999999 0.15625
7 0.82497 0.323245 0.037900000000000045 0.15625
7 0.6354500000000001 0.337405 0.035680000000000045 0.18457
7 0.598105 0.33789 0.0367900000000001 0.18553999999999998
7 0.423635 0.33935499999999996 0.031210000000000016 0.18846999999999997
7 0.38573 0.33935499999999996 0.03567999999999999 0.18846999999999997
7 0.192865 0.32422 0.031209999999999988 0.1582
7 0.15886499999999998 0.32422 0.03233 0.1582
9 0.5061315 0.1093755 0.987737 0.11132899999999998
6 0.5005598499999999 0.023925949999999998 0.9966602999999999 0.0341801
9 0.5005569 0.7675799999999999 0.9855062 0.04687999999999992
10 0.67001 0.299805 0.026760000000000006 0.14063
10 0.54738 0.30127 0.026760000000000006 0.13964
10 0.454295 0.302735 0.027870000000000006 0.14063
10 0.33333500000000005 0.30176000000000003 0.026749999999999996 0.14062000000000002
10 0.45485 0.38573999999999997 0.03121999999999997 0.02343999999999996
10 0.33221999999999996 0.3833 0.03121999999999997 0.024419999999999997
10 0.548495 0.383785 0.03121000000000007 0.025390000000000024
10 0.67447 0.382815 0.028980000000000006 0.025389999999999968
10 0.33277999999999996 0.22266 0.03902 0.017579999999999985
10 0.45206 0.22363 0.03902 0.017579999999999985
10 0.54682 0.22363 0.039020000000000055 0.017579999999999985
10 0.6672199999999999 0.22168 0.039019999999999944 0.017580000000000012
11 0.173355 0.862305 0.07693 0.14843000000000006
11 0.39854999999999996 0.8842749999999999 0.07246000000000002 0.19043
11 0.61371 0.883305 0.07245999999999997 0.19043
11 0.84002 0.881345 0.07245999999999997 0.19043
10 0.33779499999999996 0.63672 0.024529999999999996 0.20508000000000004
10 0.22185 0.6362300000000001 0.024520000000000014 0.20410000000000006
10 0.1109275 0.63672 0.025645 0.20312000000000008
10 0.45206 0.638185 0.025639999999999996 0.20801000000000003
10 0.552955 0.636715 0.02452999999999994 0.20703000000000005
10 0.6666650000000001 0.6362300000000001 0.024530000000000052 0.20606000000000002
10 0.7854000000000001 0.63574 0.025639999999999996 0.20508000000000004
10 0.89632 0.634765 0.024520000000000097 0.20506999999999997
10 0.10980799999999999 0.522465 0.04124399999999999 0.025390000000000024
10 0.220175 0.520995 0.04124999999999998 0.026370000000000005
10 0.337235 0.521485 0.04125000000000001 0.025390000000000024
10 0.449835 0.521485 0.04125000000000001 0.025390000000000024
10 0.554625 0.520505 0.04125000000000001 0.025390000000000024
10 0.666105 0.519535 0.0412499999999999 0.025390000000000024
10 0.7859499999999999 0.520505 0.042360000000000064 0.025390000000000024
10 0.89632 0.520505 0.04235999999999995 0.025390000000000024
10 0.22129 0.745115 0.03456000000000001 0.01366999999999996
10 0.1109275 0.74414 0.034564999999999985 0.011719999999999953
10 0.33724 0.7456050000000001 0.03455999999999998 0.010749999999999926
10 0.45318 0.74707 0.03455999999999998 0.011719999999999953
10 0.66611 0.74463 0.034560000000000035 0.010739999999999972
10 0.55463 0.7456050000000001 0.034560000000000035 0.010749999999999926
10 0.89465 0.74219 0.034560000000000035 0.011719999999999953
10 0.78484 0.74414 0.033440000000000025 0.011719999999999953
