1 0.5005976 0.49951328 0.9964048 0.99707344
2 0.19341 0.22803 0.05149999999999999 0.12988
2 0.0760495 0.22705000000000003 0.051501 0.12988000000000002
2 0.31676499999999996 0.22705000000000003 0.05148999999999998 0.12988000000000002
2 0.438325 0.225585 0.052690000000000015 0.12891000000000002
2 0.562275 0.22460999999999998 0.051490000000000036 0.1289
2 0.68563 0.22510000000000002 0.05149999999999999 0.12988000000000002
2 0.80898 0.22510000000000002 0.05149999999999999 0.12988000000000002
2 0.92994 0.22510000000000002 0.05149999999999999 0.12988000000000002
2 0.9269449999999999 0.42627000000000004 0.05508999999999997 0.13574000000000003
2 0.805985 0.42627000000000004 0.05508999999999997 0.13574000000000003
2 0.682635 0.42725 0.05509000000000008 0.13574000000000003
2 0.562275 0.42627000000000004 0.05388999999999999 0.13574000000000003
2 0.43832499999999996 0.42822 0.05509000000000003 0.13573999999999997
2 0.313775 0.427735 0.05509000000000003 0.13671
2 0.19461 0.42725 0.0539 0.13574000000000003
2 0.317365 0.62402 0.05508999999999997 0.13671999999999995
2 0.43772500000000003 0.62256 0.05389000000000005 0.13573999999999997
2 0.194015 0.62158 0.05509 0.13573999999999997
2 0.5598799999999999 0.62158 0.05389999999999995 0.13573999999999997
2 0.684435 0.62256 0.05388999999999999 0.13573999999999997
2 0.806585 0.62256 0.05388999999999999 0.13573999999999997
2 0.9293450000000001 0.62402 0.05508999999999997 0.13671999999999995
2 0.074851 0.42285 0.051497999999999995 0.125
2 0.075451 0.61719 0.052698 0.125
2 0.8628750000000001 0.87842 0.21437000000000006 0.21192
2 0.6215599999999999 0.8779300000000001 0.22036 0.20704
6 0.060479 0.25488500000000003 0.099402 0.07031000000000001
6 0.0580816 0.458005 0.09939680000000001 0.07030999999999998
6 0.059879 0.654785 0.10778199999999999 0.061529999999999974
9 0.4988028 0.30810499999999996 0.9832344 0.047850000000000004
9 0.502994 0.7241200000000001 0.9844320000000001 0.08692
9 0.49999899999999997 0.50098 0.978442 0.01757999999999993
9 0.5006004 0.06445295 0.9820392 0.11523409999999999
8 0.25748499999999996 0.0908205 0.019169999999999965 0.08007900000000001
8 0.23892000000000002 0.0908225 0.017960000000000004 0.08203500000000001
8 0.137125 0.0908225 0.017969999999999986 0.08203500000000001
8 0.116765 0.091309 0.01557 0.08496199999999998
8 0.36168 0.08984249999999999 0.019159999999999955 0.080075
8 0.38144 0.09033250000000001 0.017959999999999976 0.081055
8 0.029341 0.091799 0.017964000000000004 0.08008200000000001
8 0.482035 0.0869125 0.017969999999999986 0.08007500000000001
8 0.50359 0.0874025 0.017959999999999976 0.08105499999999999
8 0.6065849999999999 0.086424 0.01796999999999993 0.08105200000000001
8 0.628145 0.086424 0.01796999999999993 0.08105200000000001
8 0.732335 0.0869125 0.01796999999999993 0.08007500000000001
8 0.75389 0.0869125 0.017960000000000087 0.08007500000000001
8 0.87365 0.085939 0.017959999999999976 0.08008200000000001
8 0.853295 0.084961 0.01797000000000004 0.08007800000000001
8 0.9598800000000001 0.0874025 0.017960000000000087 0.08105499999999999
8 0.9826349999999999 0.088381 0.01796999999999993 0.08105799999999999
8 0.897005 0.07421849999999999 0.014369999999999994 0.04296899999999999
8 0.9203600000000001 0.07421849999999999 0.01318000000000008 0.04296899999999999
8 0.94072 0.0751955 0.01317999999999997 0.042969
8 0.833535 0.07421849999999999 0.014369999999999994 0.04296899999999999
8 0.81497 0.0751955 0.01317999999999997 0.042969
8 0.794015 0.07421849999999999 0.014369999999999994 0.04296899999999999
8 0.77545 0.07421849999999999 0.01317999999999997 0.04296899999999999
8 0.711975 0.0732425 0.013170000000000015 0.04296900000000001
8 0.6916150000000001 0.076172 0.013170000000000015 0.042968000000000006
8 0.67006 0.076172 0.01317999999999997 0.042968000000000006
8 0.648505 0.0751955 0.013169999999999904 0.042969
8 0.585625 0.0751955 0.014369999999999994 0.042969
8 0.5652699999999999 0.0751955 0.014379999999999948 0.042969
8 0.547305 0.0751955 0.014369999999999994 0.042969
8 0.52515 0.0751955 0.01317999999999997 0.042969
8 0.462875 0.07421849999999999 0.013170000000000015 0.04296899999999999
8 0.441915 0.0751955 0.014369999999999994 0.042969
8 0.42574999999999996 0.0751955 0.013180000000000025 0.042969
8 0.403595 0.075684 0.014369999999999994 0.041992
8 0.33952 0.076172 0.01317999999999997 0.042968000000000006
8 0.322155 0.076172 0.014369999999999994 0.042968000000000006
8 0.299405 0.075684 0.014369999999999994 0.041992
8 0.28084 0.076172 0.013180000000000025 0.042968000000000006
8 0.219165 0.076172 0.014369999999999994 0.042968000000000006
8 0.19940000000000002 0.076172 0.013179999999999997 0.042968000000000006
8 0.179045 0.0771485 0.013169999999999987 0.042969
8 0.159285 0.076172 0.014369999999999994 0.042968000000000006
8 0.09700500000000001 0.078125 0.014370000000000008 0.042968000000000006
8 0.0766465 0.078125 0.014371000000000009 0.042968000000000006
8 0.052694500000000005 0.078125 0.014371000000000002 0.042968000000000006
11 0.836525 0.72559 0.16647 0.06835999999999998
