4 0.477865 0.43457 0.08593 0.029299999999999993
4 0.57943 0.43457 0.09895999999999994 0.029299999999999993
4 0.683595 0.43506 0.09375 0.030279999999999974
3 0.31966 0.93262 0.06640000000000001 0.10352000000000006
1 0.571615 0.573245 0.7552099999999999 0.83203
2 0.315755 0.1875 0.035150000000000015 0.035160000000000025
4 0.789065 0.433595 0.09375 0.029290000000000038
5 0.47526 0.52734 0.07552000000000003 0.011719999999999953
5 0.57943 0.52832 0.07552000000000003 0.011719999999999953
5 0.67969 0.52832 0.07552000000000003 0.011719999999999953
5 0.78125 0.5293 0.07552000000000003 0.011719999999999953
5 0.47591000000000006 0.679685 0.07422000000000001 0.025390000000000024
5 0.5787800000000001 0.681155 0.07422000000000006 0.024409999999999932
5 0.679035 0.680175 0.07683000000000006 0.024410000000000043
5 0.78255 0.6792 0.07811999999999997 0.024419999999999997
5 0.317705 0.675785 0.10416999999999998 0.03125
5 0.31901 0.8125 0.07551999999999998 0.013679999999999914
5 0.47721 0.813475 0.07422000000000001 0.01366999999999996
5 0.57943 0.8125 0.07552000000000003 0.013679999999999914
5 0.678385 0.8125 0.07552999999999999 0.013679999999999914
6 0.31901 0.386235 0.14322000000000001 0.07128999999999996
8 0.221355 0.293945 0.026050000000000018 0.037109999999999976
8 0.41015999999999997 0.296875 0.026040000000000008 0.037109999999999976
8 0.2513 0.32764 0.015619999999999995 0.06347999999999998
8 0.38216 0.328615 0.016920000000000046 0.06347000000000003
8 0.316405 0.265135 0.07813000000000003 0.047849999999999976
8 0.317055 0.42578000000000005 0.02213000000000004 0.02148
8 0.398435 0.257815 0.015629999999999977 0.019529999999999992
8 0.47721 0.265625 0.011720000000000008 0.017569999999999975
8 0.58203 0.26610999999999996 0.015620000000000078 0.016600000000000004
8 0.6875 0.26758000000000004 0.015619999999999967 0.017579999999999985
8 0.7890649999999999 0.26758000000000004 0.020830000000000015 0.017579999999999985
8 0.89388 0.268555 0.019540000000000002 0.017569999999999975
8 0.50716 0.28418 0.01432 0.05274000000000001
8 0.5488299999999999 0.28320500000000004 0.01432 0.05273
8 0.6113299999999999 0.28418 0.01432 0.05274000000000001
8 0.65039 0.28418 0.01432 0.05274000000000001
8 0.715495 0.28515500000000005 0.014329999999999954 0.05273
8 0.75586 0.28515500000000005 0.01432 0.05273
8 0.81836 0.28515500000000005 0.01432 0.05273
8 0.8574200000000001 0.28418 0.01432 0.05274000000000001
8 0.920575 0.28515500000000005 0.015630000000000033 0.05273
8 0.23958000000000002 0.25634500000000005 0.013020000000000004 0.01855000000000001
8 0.20246999999999998 0.25634500000000005 0.01171999999999998 0.01855000000000001
8 0.31966 0.868165 0.037760000000000016 0.025390000000000024
8 0.47721 0.868165 0.03775999999999996 0.025390000000000024
8 0.58008 0.867675 0.037760000000000016 0.026370000000000005
8 0.68294 0.867185 0.037760000000000016 0.025390000000000024
8 0.7838499999999999 0.867675 0.03646000000000005 0.026370000000000005
5 0.7864599999999999 0.811035 0.07551999999999992 0.012689999999999979
2 0.172525 0.48778999999999995 0.01693 0.05761999999999995
2 0.174475 0.63965 0.018229999999999996 0.058600000000000096
9 0.57552 0.262205 0.74218 0.05957000000000004
9 0.571615 0.37988 0.7447900000000001 0.03320000000000001
9 0.573565 0.700195 0.7330700000000001 0.07227000000000006
10 0.270835 0.31543 0.015630000000000033 0.07422000000000001
10 0.36328 0.31640999999999997 0.015619999999999967 0.07422000000000001
10 0.27083 0.36377 0.023440000000000016 0.024419999999999997
10 0.36523 0.365235 0.024739999999999984 0.023430000000000006
10 0.27083 0.262695 0.026040000000000008 0.03125
10 0.36458 0.263675 0.026040000000000008 0.03125
11 0.222005 0.90576 0.019529999999999992 0.057620000000000005
11 0.203125 0.891115 0.018230000000000024 0.020510000000000028
10 0.27669 0.62256 0.011720000000000008 0.07519999999999993
10 0.35807 0.62256 0.013020000000000032 0.07519999999999993
10 0.277345 0.675295 0.020830000000000015 0.03027000000000002
10 0.358725 0.674805 0.022129999999999983 0.029290000000000038
10 0.276045 0.5810550000000001 0.018230000000000024 0.007809999999999984
10 0.358725 0.5810550000000001 0.01693 0.007809999999999984
2 0.31966 0.7744150000000001 0.05078000000000005 0.06640999999999997
2 0.47656 0.77539 0.04947999999999997 0.06445999999999996
2 0.578125 0.77539 0.0494699999999999 0.06445999999999996
2 0.67969 0.7744150000000001 0.04947999999999997 0.06445000000000001
2 0.78255 0.7744150000000001 0.04947999999999997 0.06445000000000001
2 0.478515 0.919435 0.048170000000000046 0.07715000000000005
2 0.577475 0.916995 0.048169999999999935 0.07617000000000007
2 0.68034 0.919435 0.04818 0.07715000000000005
2 0.16341 0.7910200000000001 0.027339999999999975 0.06836000000000009
2 0.317705 0.622555 0.05729000000000001 0.07714999999999994
2 0.47526 0.63037 0.049480000000000024 0.07519999999999993
2 0.578125 0.6293949999999999 0.0494699999999999 0.07518999999999998
2 0.677735 0.62988 0.048170000000000046 0.07421999999999995
2 0.7806 0.6313500000000001 0.04818 0.07520000000000004
2 0.7819 0.48241999999999996 0.050779999999999936 0.07225999999999994
2 0.67969 0.48340000000000005 0.04947999999999997 0.07226000000000005
2 0.578125 0.483885 0.0494699999999999 0.07129000000000002
2 0.47265999999999997 0.483885 0.049480000000000024 0.07129000000000002
2 0.316405 0.47607499999999997 0.054690000000000016 0.08104999999999996
2 0.315755 0.31884999999999997 0.055989999999999984 0.07324000000000003
2 0.472655 0.33398 0.04686999999999997 0.0625
2 0.57552 0.33447 0.04688000000000003 0.06347999999999998
2 0.679685 0.33447 0.04686999999999997 0.06347999999999998
2 0.78125 0.33398 0.04688000000000003 0.0625
2 0.884765 0.33496 0.048170000000000046 0.0625
2 0.11588300000000001 0.49853499999999995 0.036454 0.07715
2 0.12109500000000001 0.628905 0.031250000000000014 0.09571000000000007
4 0.31966 0.549805 0.12890000000000001 0.05858999999999992
4 0.478515 0.56641 0.09765000000000001 0.05078000000000005
4 0.583985 0.57031 0.09765000000000001 0.05078000000000005
4 0.6862 0.56934 0.09636 0.050779999999999936
4 0.78581 0.57031 0.09766000000000008 0.05078000000000005
4 0.31510499999999997 0.21826 0.14062999999999998 0.05176
