2 0.32943 0.490235 0.03646000000000005 0.04686999999999997
2 0.32943 0.5532250000000001 0.03646000000000005 0.043950000000000045
2 0.371745 0.483395 0.029950000000000032 0.03711000000000003
2 0.371745 0.548825 0.029950000000000032 0.037109999999999976
2 0.372395 0.6162099999999999 0.03125 0.039059999999999984
2 0.37304499999999996 0.68506 0.029949999999999977 0.03808
2 0.32943 0.6206050000000001 0.03646000000000005 0.043950000000000045
2 0.32943 0.6875 0.03646000000000005 0.041020000000000056
2 0.44401 0.691405 0.049480000000000024 0.03711000000000009
2 0.44401 0.625485 0.049480000000000024 0.036129999999999995
2 0.44271 0.49755499999999997 0.04947999999999997 0.03612999999999994
2 0.44401 0.560545 0.049480000000000024 0.037109999999999976
2 0.25977 0.49658500000000005 0.05078000000000002 0.03613000000000005
2 0.25977 0.559085 0.05078000000000002 0.036130000000000106
2 0.259115 0.625 0.049469999999999986 0.03709999999999991
2 0.259115 0.6904300000000001 0.049469999999999986 0.03710000000000002
2 0.272135 0.7587900000000001 0.08073 0.04491999999999996
2 0.353515 0.7587900000000001 0.04557 0.04491999999999996
2 0.434245 0.7587900000000001 0.07943 0.04491999999999996
1 0.354815 0.629885 0.28254999999999997 0.45899
1 0.7395849999999999 0.61914 0.38281 0.47265999999999997
2 0.25586 0.43213 0.035160000000000025 0.010740000000000027
2 0.43684999999999996 0.43506 0.035160000000000025 0.006839999999999957
2 0.371745 0.41992 0.03254999999999997 0.023440000000000016
2 0.33008000000000004 0.424805 0.035160000000000025 0.025390000000000024
2 0.16862 0.441895 0.029939999999999994 0.016610000000000014
2 0.182945 0.5 0.019529999999999992 0.03319999999999995
2 0.15690500000000002 0.5 0.01953000000000002 0.03319999999999995
2 0.07486999999999999 0.49268 0.024739999999999998 0.03417999999999993
2 0.07421900000000001 0.557615 0.026041999999999996 0.037109999999999976
2 0.072917 0.624025 0.026042000000000003 0.03711000000000009
2 0.0716145 0.691405 0.026041 0.03711000000000009
2 0.154945 0.6933549999999999 0.020830000000000015 0.03711000000000009
2 0.18164 0.6933549999999999 0.022139999999999993 0.03711000000000009
2 0.15429500000000002 0.56348 0.01953000000000002 0.03320000000000001
2 0.15429500000000002 0.6279300000000001 0.02213000000000001 0.03710000000000002
2 0.18098999999999998 0.6279300000000001 0.020839999999999997 0.03710000000000002
2 0.182945 0.563475 0.019529999999999992 0.035149999999999904
2 0.052734500000000004 0.43408 0.014322999999999995 0.012699999999999989
2 0.07421849999999999 0.43506 0.013020999999999991 0.012700000000000045
2 0.0944 0.43554499999999996 0.01432 0.013670000000000015
2 0.098308 0.49512 0.01432399999999999 0.03319999999999995
2 0.0501305 0.49658 0.014323000000000002 0.03417999999999993
2 0.0475265 0.560055 0.014323000000000002 0.036129999999999995
2 0.0475265 0.625485 0.014323000000000002 0.036129999999999995
2 0.09765399999999999 0.56006 0.01041199999999999 0.03808
2 0.095702 0.626465 0.011716000000000004 0.03809000000000007
2 0.097003 0.6928700000000001 0.011713999999999988 0.03808
2 0.0462235 0.692385 0.014323000000000002 0.037109999999999976
2 0.158855 0.761715 0.05989 0.04296999999999995
2 0.09114449999999999 0.7612300000000001 0.033851000000000006 0.04393999999999998
2 0.615235 0.553715 0.027349999999999985 0.037109999999999976
2 0.652995 0.553225 0.027349999999999985 0.03808999999999996
2 0.746095 0.552245 0.028649999999999953 0.03808999999999996
2 0.8125 0.552735 0.02864 0.037109999999999976
2 0.88086 0.5512699999999999 0.02734000000000003 0.03808
2 0.6080749999999999 0.472165 0.03385000000000005 0.020510000000000028
2 0.671875 0.47119500000000003 0.033849999999999936 0.020509999999999973
2 0.7395849999999999 0.470215 0.03385000000000005 0.020510000000000028
2 0.80729 0.470215 0.03386 0.02246999999999999
2 0.875 0.46924 0.03386 0.022460000000000035
2 0.608725 0.416015 0.042970000000000064 0.025389999999999968
2 0.6744749999999999 0.414065 0.04426999999999992 0.025389999999999968
2 0.742185 0.413575 0.04427000000000003 0.02636999999999995
2 0.809895 0.412595 0.04427000000000003 0.026370000000000005
2 0.876305 0.41113500000000003 0.04427000000000003 0.025389999999999968
2 0.659505 0.62842 0.02994999999999992 0.04393999999999998
2 0.613935 0.6293949999999999 0.02994999999999992 0.043950000000000045
2 0.6608050000000001 0.715335 0.029950000000000032 0.04785000000000006
2 0.616535 0.715335 0.029950000000000032 0.04785000000000006
3 0.35417 0.831055 0.039059999999999984 0.04296999999999995
4 0.640625 0.5942350000000001 0.12761 0.020509999999999917
4 0.78255 0.597655 0.14061999999999997 0.019529999999999936
4 0.784505 0.52637 0.13151000000000002 0.011719999999999953
4 0.63802 0.526365 0.10155999999999998 0.01366999999999996
4 0.64388 0.6787099999999999 0.12369999999999992 0.023440000000000016
5 0.16862 0.59326 0.061200000000000004 0.030280000000000085
5 0.16862 0.660155 0.061200000000000004 0.029289999999999927
5 0.32942499999999997 0.584475 0.02865000000000001 0.026370000000000005
5 0.37239500000000003 0.58203 0.02865000000000001 0.023440000000000016
5 0.397135 0.587405 0.007809999999999984 0.026370000000000005
6 0.639975 0.6582049999999999 0.10807 0.01562999999999992
8 0.07486999999999999 0.41747999999999996 0.024739999999999998 0.018559999999999965
8 0.124345 0.49365 0.032549999999999996 0.04393999999999998
8 0.0221352 0.493165 0.031249600000000002 0.042970000000000064
8 0.07421849999999999 0.592775 0.013020999999999991 0.009769999999999945
8 0.07421849999999999 0.660155 0.013020999999999991 0.009769999999999945
8 0.12564999999999998 0.77051 0.027340000000000003 0.02734000000000003
8 0.0651045 0.76953 0.015624999999999993 0.02734000000000003
8 0.09505150000000001 0.79199 0.036457 0.01758000000000004
9 0.354165 0.450685 0.26822999999999997 0.024410000000000043
9 0.353515 0.518065 0.26693 0.014650000000000052
9 0.353515 0.71094 0.26953 0.005859999999999976
9 0.354165 0.786135 0.26563000000000003 0.009769999999999945
9 0.746095 0.438965 0.36719 0.034170000000000034
9 0.739585 0.49072499999999997 0.37761 0.024409999999999987
9 0.74219 0.577635 0.37240000000000006 0.014650000000000052
9 0.74219 0.742675 0.37240000000000006 0.014650000000000052
10 0.1237 0.83057 0.010419999999999999 0.04589999999999994
10 0.06640650000000001 0.83057 0.010416999999999996 0.04589999999999994
10 0.123045 0.625975 0.02213000000000001 0.1464899999999999
8 0.683595 0.62207 0.01040999999999992 0.041020000000000056
8 0.63802 0.62207 0.010419999999999985 0.041020000000000056
4 0.8893249999999999 0.525875 0.07030999999999998 0.014650000000000052
10 0.68294 0.64697 0.011719999999999953 0.006840000000000068
10 0.63802 0.64697 0.013020000000000032 0.006840000000000068
10 0.6875 0.73633 0.013020000000000032 0.005859999999999976
10 0.640625 0.73682 0.013030000000000097 0.0048799999999999955
10 0.59505 0.7373050000000001 0.013020000000000032 0.005850000000000022
10 0.639975 0.714845 0.009110000000000062 0.03907000000000005
10 0.68685 0.71387 0.009120000000000017 0.039060000000000095
10 0.595055 0.714845 0.007810000000000095 0.03907000000000005
10 0.68685 0.69043 0.011720000000000064 0.007819999999999938
10 0.640625 0.691405 0.01041000000000003 0.007809999999999984
10 0.12434999999999999 0.8032250000000001 0.014319999999999986 0.008789999999999965
10 0.0657555 0.8032250000000001 0.014322999999999995 0.008789999999999965
10 0.124345 0.545895 0.032549999999999996 0.013670000000000071
10 0.02213515 0.54541 0.0338537 0.014640000000000097
10 0.123045 0.70654 0.029950000000000004 0.01660000000000006
11 0.160155 0.794925 0.05468999999999999 0.013670000000000071
11 0.158855 0.828125 0.05989 0.05078999999999989
11 0.20442500000000002 0.807615 0.015630000000000005 0.007809999999999984
11 0.19922 0.833005 0.020839999999999997 0.037109999999999976
11 0.0937515 0.82471 0.033857 0.04589999999999994
11 0.11458499999999999 0.836425 0.005210000000000006 0.020510000000000028
11 0.272785 0.79932 0.11589000000000002 0.01660000000000006
11 0.33138 0.814945 0.02734000000000003 0.01464999999999994
11 0.265625 0.831545 0.10157000000000002 0.04784999999999995
11 0.4375 0.82959 0.08072000000000001 0.041999999999999926
11 0.490235 0.8012699999999999 0.009110000000000007 0.022460000000000035
11 0.5214799999999999 0.719725 0.037759999999999905 0.03711000000000009
11 0.52083 0.765625 0.049480000000000024 0.023430000000000062
11 0.591145 0.831055 0.06771000000000005 0.044929999999999914
11 0.720055 0.831055 0.0833299999999999 0.04296999999999995
11 0.65495 0.831055 0.04688000000000003 0.04296999999999995
