2 0.216145 0.33838 0.041669999999999985 0.06347999999999998
2 0.311195 0.33887 0.041669999999999985 0.0625
2 0.27734000000000003 0.43701 0.03645999999999999 0.06347999999999998
2 0.328125 0.447265 0.015630000000000033 0.06641000000000002
2 0.21745 0.447755 0.026040000000000008 0.06933
2 0.523435 0.44971 0.03125 0.06933999999999996
2 0.41406 0.33789 0.04687999999999998 0.05860000000000004
2 0.41471 0.461425 0.04818 0.059569999999999956
2 0.514975 0.35058500000000004 0.042970000000000064 0.08007000000000003
2 0.609375 0.3418 0.041670000000000096 0.0625
2 0.5918 0.43994 0.037760000000000016 0.06347999999999998
2 0.634765 0.44678 0.009109999999999951 0.06347999999999998
2 0.72786 0.34228499999999995 0.0625 0.057609999999999995
2 0.7298199999999999 0.479 0.06379999999999997 0.09082000000000007
2 0.73177 0.600585 0.06510000000000005 0.09179000000000004
2 0.735025 0.7084950000000001 0.06381000000000003 0.061529999999999974
2 0.735675 0.83154 0.06511 0.06151999999999991
2 0.5677099999999999 0.83252 0.06510000000000005 0.06152000000000002
2 0.5950500000000001 0.69629 0.03646000000000005 0.06054000000000004
2 0.52539 0.7026349999999999 0.03256000000000003 0.06933
2 0.63867 0.70215 0.009120000000000017 0.06446000000000007
2 0.523435 0.57617 0.03125 0.06835999999999998
2 0.63802 0.5751949999999999 0.010419999999999985 0.06445000000000001
2 0.5931 0.56836 0.03515999999999997 0.06445999999999996
2 0.41471 0.58496 0.04818 0.06054000000000004
2 0.41536 0.70898 0.04947999999999997 0.0625
2 0.277995 0.56836 0.035150000000000015 0.06445999999999996
2 0.27734000000000003 0.698735 0.03645999999999999 0.0654300000000001
2 0.216145 0.57471 0.026050000000000018 0.06934000000000007
2 0.32942499999999997 0.5751999999999999 0.015629999999999977 0.06836000000000009
2 0.21419 0.70264 0.024740000000000012 0.06738
2 0.32942499999999997 0.70264 0.015629999999999977 0.06738
2 0.26302000000000003 0.83301 0.06509999999999999 0.0625
3 0.41471 0.919435 0.06380000000000002 0.11034999999999995
1 0.4134135 0.5791 0.805993 0.79492
2 0.0944 0.3374 0.0638 0.057620000000000005
2 0.092449 0.465335 0.062502 0.07128999999999996
2 0.09179899999999999 0.59619 0.06120199999999999 0.08495999999999992
2 0.091798 0.7084950000000001 0.063804 0.061529999999999974
2 0.88737 0.34961 0.024739999999999984 0.017579999999999985
2 0.917315 0.34961 0.02994999999999992 0.017579999999999985
2 0.919275 0.379395 0.03125 0.036129999999999995
2 0.88802 0.378905 0.02083999999999997 0.035150000000000015
2 0.8886700000000001 0.46338 0.022139999999999938 0.01856000000000002
2 0.9166700000000001 0.46435499999999996 0.023440000000000016 0.01855000000000001
2 0.88932 0.49512 0.023439999999999905 0.03906000000000004
2 0.916015 0.49511499999999997 0.022129999999999983 0.037109999999999976
2 0.889975 0.58301 0.022129999999999983 0.01758000000000004
2 0.8886750000000001 0.61084 0.01693 0.032220000000000026
3 0.26172 0.93848 0.0625 0.06835999999999998
3 0.565105 0.93701 0.05989 0.06738
3 0.73307 0.936035 0.059900000000000064 0.06738999999999995
4 0.416015 0.53662 0.10807 0.04590000000000005
4 0.415365 0.42725 0.09894999999999998 0.045899999999999996
4 0.0957055 0.41698999999999997 0.10286899999999999 0.029300000000000048
4 0.73112 0.421875 0.10026000000000002 0.029290000000000038
5 0.0957015 0.38232 0.10025699999999999 0.040039999999999965
5 0.417315 0.385255 0.08202999999999999 0.03809000000000001
5 0.731775 0.388675 0.09375 0.037109999999999976
5 0.416665 0.50098 0.07291000000000003 0.023440000000000072
5 0.416015 0.6367149999999999 0.07421 0.04883000000000004
5 0.41406 0.74805 0.0625 0.01757999999999993
5 0.5956999999999999 0.73779 0.04818 0.028320000000000012
5 0.528645 0.7436499999999999 0.04427000000000003 0.022460000000000035
5 0.27864500000000003 0.7397499999999999 0.04687000000000002 0.022460000000000035
5 0.21354 0.7441450000000001 0.03386 0.019529999999999936
5 0.330075 0.742675 0.029950000000000032 0.020510000000000028
5 0.639325 0.74463 0.01822999999999997 0.022459999999999924
5 0.734375 0.74756 0.07813000000000003 0.024419999999999997
5 0.09244749999999999 0.74756 0.07812499999999999 0.01855999999999991
5 0.5260400000000001 0.48584 0.04948000000000008 0.024419999999999997
5 0.591795 0.476565 0.055989999999999984 0.013670000000000015
5 0.63672 0.484375 0.02084000000000008 0.02149000000000001
5 0.27864500000000003 0.474125 0.052090000000000025 0.014649999999999996
5 0.328775 0.48389000000000004 0.027349999999999985 0.02245999999999998
5 0.21810000000000002 0.48389000000000004 0.03775999999999999 0.02245999999999998
6 0.094403 0.513185 0.11849400000000002 0.06346999999999997
4 0.093748 0.549315 0.054683999999999996 0.006830000000000003
6 0.093097 0.64209 0.11848600000000001 0.07128000000000001
6 0.73438 0.6386700000000001 0.125 0.08594000000000002
4 0.73177 0.5512699999999999 0.05467999999999995 0.006840000000000068
6 0.733075 0.515135 0.12239 0.06542999999999993
6 0.5651 0.380375 0.17448000000000002 0.06542999999999999
6 0.266275 0.37890999999999997 0.17839000000000002 0.06836000000000003
8 0.416665 0.813965 0.17969000000000002 0.09473000000000009
8 0.414715 0.262205 0.48047000000000006 0.15723
8 0.9010400000000001 0.208985 0.026039999999999952 0.03125
8 0.940755 0.150395 0.027349999999999985 0.03125
2 0.60807 0.273925 0.023439999999999905 0.01855000000000001
9 0.4121105 0.7011700000000001 0.7981790000000001 0.015620000000000078
