4 0.8908050000000001 0.49756 0.12017 0.08105999999999997
4 0.762275 0.5 0.12853000000000003 0.08007999999999998
4 0.598225 0.50049 0.13271 0.08105999999999997
4 0.41954 0.5014649999999999 0.13479999999999998 0.08300999999999997
4 0.25235 0.500975 0.13061999999999999 0.08398999999999995
4 0.11755600000000001 0.500975 0.128528 0.08202999999999999
2 0.88297 0.856445 0.07523999999999997 0.10350999999999999
2 0.75862 0.859375 0.07523999999999997 0.10546999999999995
2 0.1212125 0.8706050000000001 0.075235 0.11035000000000006
2 0.8824449999999999 0.5893550000000001 0.07211000000000001 0.10645000000000004
2 0.759145 0.59082 0.07001000000000002 0.10742000000000007
2 0.596135 0.58789 0.07837000000000005 0.10741999999999996
2 0.4185 0.59277 0.0721 0.10742000000000007
2 0.24817 0.592775 0.08464000000000002 0.11133000000000004
2 0.1201675 0.59473 0.07314499999999999 0.10742000000000007
2 0.88349 0.37060499999999996 0.0658399999999999 0.07715
2 0.7601899999999999 0.36914 0.06374000000000002 0.08007999999999998
2 0.594565 0.36963 0.07105000000000006 0.08495999999999998
2 0.41954 0.37109000000000003 0.06583999999999995 0.08007999999999998
2 0.24608000000000002 0.36914 0.08046 0.08398
2 0.1186025 0.37109000000000003 0.070015 0.08007999999999998
1 0.50156725 0.49902280000000004 0.9885055 0.9785144
3 0.41954 0.89307 0.09090000000000004 0.17089999999999994
3 0.59561 0.893555 0.08777999999999997 0.17186999999999997
4 0.118598 0.31005499999999997 0.12434399999999998 0.059569999999999956
4 0.24973499999999998 0.31054499999999996 0.12538999999999997 0.058589999999999975
4 0.421105 0.311525 0.12539 0.05859000000000003
4 0.591955 0.31054499999999996 0.12434999999999996 0.058589999999999975
4 0.8845350000000001 0.312015 0.12435000000000007 0.05957000000000001
4 0.754445 0.311525 0.12539 0.05859000000000003
2 0.176595 0.18994 0.035530000000000006 0.04980000000000001
2 0.831765 0.18457 0.03553000000000006 0.04882
2 0.49582000000000004 0.186525 0.05748000000000003 0.07813
4 0.17764 0.1333 0.11911999999999999 0.061520000000000005
4 0.8244549999999999 0.134765 0.13793 0.05859000000000002
4 0.501565 0.064939 0.28630999999999995 0.100582
5 0.12016550000000001 0.436525 0.10448900000000001 0.037109999999999976
5 0.24764999999999998 0.438965 0.10450000000000001 0.03808999999999996
5 0.419015 0.4292 0.10449000000000003 0.03808
5 0.5950899999999999 0.42969 0.10136 0.029299999999999993
5 0.758095 0.43848 0.10344999999999993 0.039059999999999984
5 0.881925 0.43457 0.10448999999999997 0.03320000000000001
5 0.8814 0.677735 0.1139 0.06445000000000001
5 0.7601899999999999 0.67871 0.1139 0.06445999999999996
5 0.59822 0.67578 0.10972000000000004 0.05467999999999995
5 0.41745 0.68115 0.11180000000000001 0.06933999999999996
5 0.25026000000000004 0.69092 0.11598000000000003 0.08106000000000002
5 0.1217355 0.68994 0.115989 0.08105999999999991
8 0.507835 0.712405 0.32392999999999994 0.16699000000000008
7 0.34535 0.89404 0.04493999999999998 0.17089999999999994
7 0.500525 0.891115 0.04807 0.16894999999999993
7 0.5747150000000001 0.89307 0.03971000000000002 0.17089999999999994
7 0.617035 0.89307 0.040750000000000064 0.17089999999999994
9 0.5015695 0.27490000000000003 0.9655210000000001 0.06348000000000004
9 0.505227 0.694825 0.979106 0.09472999999999998
11 0.250785 0.86865 0.07522999999999999 0.11426000000000003
2 0.938875 0.09130750000000001 0.040750000000000064 0.08300500000000001
