1 0.5011236 0.50048985 0.9977528 0.9951203
2 0.15281 0.2207 0.09888000000000001 0.029299999999999993
2 0.32584 0.2207 0.09888000000000002 0.029299999999999993
2 0.49887499999999996 0.22168 0.09886999999999996 0.02930000000000002
2 0.676405 0.2207 0.09887000000000001 0.029299999999999993
2 0.84944 0.22461 0.09887999999999997 0.029299999999999993
2 0.85843 0.27051000000000003 0.09887999999999997 0.029300000000000048
2 0.6809000000000001 0.268065 0.09887999999999997 0.03027000000000002
2 0.50337 0.26953 0.09888000000000002 0.029299999999999993
2 0.32359499999999997 0.271485 0.09886999999999996 0.029289999999999983
2 0.1460695 0.269045 0.09888099999999998 0.030269999999999964
2 0.147193 0.316405 0.09663399999999998 0.029290000000000038
2 0.32584 0.31689 0.09437999999999996 0.028320000000000012
2 0.504495 0.31738 0.09663000000000005 0.029299999999999993
2 0.6809000000000001 0.31738 0.09438000000000002 0.029299999999999993
2 0.857305 0.31933500000000004 0.09663 0.029289999999999983
2 0.860675 0.365235 0.09438999999999997 0.029289999999999983
2 0.686515 0.365235 0.09663 0.029289999999999983
2 0.508985 0.36426000000000003 0.09663 0.029300000000000048
2 0.33033999999999997 0.36426000000000003 0.09437999999999996 0.029300000000000048
2 0.146068 0.36426000000000003 0.09438399999999998 0.029300000000000048
2 0.14381950000000002 0.41504 0.094381 0.029299999999999993
2 0.324715 0.41406 0.09663 0.029299999999999993
2 0.507865 0.41308500000000004 0.09438999999999997 0.029289999999999983
2 0.686515 0.41406 0.09663 0.029299999999999993
2 0.8629199999999999 0.41504 0.09438000000000002 0.029299999999999993
2 0.867415 0.46289 0.09439000000000008 0.029299999999999993
2 0.686515 0.46387 0.09663 0.029299999999999993
2 0.508985 0.46289 0.09663 0.029299999999999993
2 0.324715 0.46436 0.09663 0.028320000000000012
2 0.149435 0.46436 0.09663000000000001 0.028320000000000012
2 0.146068 0.51416 0.09438399999999998 0.028320000000000012
2 0.326965 0.51172 0.09663 0.029299999999999993
2 0.508985 0.51318 0.09663 0.028320000000000012
2 0.686515 0.51318 0.09663 0.028320000000000012
2 0.866295 0.51416 0.09663 0.028320000000000012
2 0.867415 0.5644499999999999 0.09439000000000008 0.029299999999999993
2 0.692135 0.5629900000000001 0.09439000000000008 0.028320000000000012
2 0.508985 0.563475 0.09663 0.029289999999999927
2 0.326965 0.561525 0.09663 0.029289999999999927
2 0.149435 0.5620099999999999 0.09663000000000001 0.028320000000000012
2 0.15281 0.612305 0.09438 0.029290000000000038
2 0.326965 0.61328 0.09663 0.029299999999999993
2 0.508985 0.61328 0.09663 0.029299999999999993
2 0.68989 0.61426 0.09437999999999991 0.029299999999999993
2 0.866295 0.61328 0.09663 0.029299999999999993
2 0.8685350000000001 0.66455 0.0966300000000001 0.028320000000000012
2 0.6853899999999999 0.66113 0.09438000000000002 0.029299999999999993
2 0.5101100000000001 0.66211 0.09438000000000002 0.029299999999999993
2 0.326965 0.66455 0.09663 0.028320000000000012
2 0.149435 0.663085 0.09663000000000001 0.029290000000000038
2 0.15281 0.711915 0.09438 0.029290000000000038
2 0.33033999999999997 0.7133799999999999 0.09437999999999996 0.028320000000000012
2 0.5101100000000001 0.711915 0.09438000000000002 0.029290000000000038
2 0.68764 0.7133799999999999 0.09438000000000002 0.028320000000000012
2 0.8629199999999999 0.711915 0.09438000000000002 0.029290000000000038
2 0.859555 0.7612300000000001 0.09663 0.028320000000000012
2 0.688765 0.76074 0.09663 0.029299999999999993
2 0.511235 0.759765 0.09663 0.029290000000000038
2 0.33033999999999997 0.7612300000000001 0.09437999999999996 0.028320000000000012
2 0.149435 0.75928 0.09663000000000001 0.028320000000000012
2 0.15281 0.808595 0.09438 0.029289999999999927
2 0.33033999999999997 0.8071299999999999 0.09437999999999996 0.028320000000000012
2 0.507865 0.8071299999999999 0.09438999999999997 0.028320000000000012
2 0.679775 0.808595 0.09663 0.029289999999999927
2 0.8561799999999999 0.8095699999999999 0.09438000000000002 0.029299999999999993
2 0.852805 0.85547 0.09663 0.029299999999999993
2 0.67865 0.85596 0.09438000000000002 0.028320000000000012
2 0.5101100000000001 0.85596 0.09438000000000002 0.028320000000000012
2 0.33033999999999997 0.8574200000000001 0.09437999999999996 0.029299999999999993
2 0.15281 0.8574200000000001 0.09438 0.029299999999999993
2 0.84382 0.9033199999999999 0.09661999999999993 0.029299999999999993
2 0.149435 0.1709 0.09663000000000001 0.023440000000000016
2 0.322475 0.1709 0.09663 0.023440000000000016
2 0.49775500000000006 0.171875 0.09663000000000005 0.023430000000000006
2 0.673035 0.171875 0.09663 0.023430000000000006
2 0.84382 0.17334 0.09661999999999993 0.024419999999999997
2 0.8415699999999999 0.13427499999999998 0.08764000000000005 0.012690000000000007
2 0.669665 0.13184 0.08538999999999997 0.01171999999999998
2 0.49551 0.13184 0.08764 0.01171999999999998
2 0.32472 0.13135 0.08764 0.012699999999999989
2 0.148315 0.13135 0.08539000000000001 0.012699999999999989
2 0.6696599999999999 0.0913095 0.09887999999999997 0.04004099999999999
2 0.841575 0.091308 0.09212999999999993 0.03808400000000001
2 0.495505 0.08935599999999999 0.09212999999999999 0.038088
2 0.32472 0.08935599999999999 0.09214 0.038088
2 0.14944 0.0874045 0.09213999999999999 0.038091
2 0.888765 0.0317385 0.03371000000000002 0.030273
2 0.8033699999999999 0.0307615 0.03369999999999995 0.030273
2 0.71573 0.030273 0.03370000000000006 0.03125
2 0.62809 0.0288085 0.03369999999999995 0.030272999999999998
2 0.5426949999999999 0.028319999999999998 0.03371000000000002 0.03125
2 0.45281000000000005 0.028319999999999998 0.03370000000000001 0.03125
2 0.367415 0.028319999999999998 0.03371000000000002 0.03125
2 0.28202499999999997 0.0288085 0.03370999999999996 0.030272999999999998
2 0.19101 0.029785 0.031460000000000016 0.030273999999999995
2 0.104495 0.0317385 0.033710000000000004 0.030273
2 0.374155 0.90527 0.22247 0.029299999999999993
2 0.116853 0.905275 0.211234 0.027350000000000096
3 0.82809 0.9682649999999999 0.14606000000000008 0.053710000000000035
9 0.505619 0.0581055 0.975282 0.03222699999999999
9 0.504493 0.167965 0.986514 0.07030999999999998
9 0.506744 0.830565 0.977532 0.018550000000000066
9 0.503373 0.90381 0.984274 0.06738
10 0.240445 0.10156300000000001 0.07190999999999997 0.070314
10 0.411235 0.1020515 0.07190999999999997 0.06933700000000001
10 0.047191 0.1020515 0.07191 0.06933700000000001
10 0.586515 0.1030295 0.07190999999999992 0.06934099999999999
10 0.759555 0.10400299999999998 0.07191000000000003 0.06933399999999999
10 0.94382 0.106931 0.08987999999999996 0.067378
10 0.94157 0.0664065 0.11236000000000002 0.015624999999999993
10 0.758425 0.06347649999999999 0.09213000000000005 0.011718999999999993
10 0.5865199999999999 0.0625 0.09438000000000002 0.011718000000000006
10 0.41011 0.061523499999999995 0.09214 0.011719
10 0.23932499999999998 0.061035000000000006 0.09212999999999999 0.010742000000000008
10 0.0573036 0.060547000000000004 0.1101128 0.013671999999999997
8 0.23708 0.171385 0.060679999999999984 0.014649999999999996
8 0.048314699999999995 0.17285499999999998 0.0876406 0.013669999999999988
8 0.41236 0.172365 0.060679999999999956 0.014649999999999996
8 0.5876399999999999 0.173825 0.060679999999999956 0.013669999999999988
8 0.75955 0.173825 0.05842000000000003 0.013669999999999988
8 0.948315 0.17334 0.09887000000000001 0.022460000000000008
8 0.9573 0.025879 0.08089999999999997 0.014648000000000005
8 0.84382 0.024414 0.03820000000000001 0.019532
8 0.758425 0.0249025 0.047190000000000065 0.016601000000000005
8 0.670785 0.024414 0.047189999999999954 0.017578000000000003
8 0.5876399999999999 0.023926 0.04720000000000002 0.016602
8 0.49438000000000004 0.023926 0.044940000000000035 0.016602
8 0.413485 0.025391 0.04494999999999999 0.017578000000000003
8 0.32584 0.022949 0.044940000000000035 0.016602
8 0.23820000000000002 0.0219725 0.04494000000000001 0.016601
8 0.14607 0.023926 0.044939999999999994 0.016602
8 0.0415731 0.024414 0.0786518 0.019532
11 0.2539322 0.9667950000000001 0.4988756 0.05859000000000003
