1 0.37402455 0.4967185 0.7304709 0.9855630000000001
2 0.21338000000000001 0.240155 0.03222 0.07086999999999999
2 0.21289 0.38451500000000005 0.03320000000000001 0.08137
2 0.21582 0.526905 0.03319999999999998 0.09055000000000002
2 0.215335 0.68504 0.03222999999999998 0.08923999999999999
2 0.21191500000000002 0.855645 0.03514999999999999 0.09711000000000003
2 0.819335 0.49803 0.035150000000000015 0.10368
2 0.818845 0.687665 0.036129999999999995 0.10236999999999996
2 0.8212900000000001 0.8733599999999999 0.04491999999999996 0.10892000000000002
2 0.813475 0.291995 0.03711000000000009 0.07216999999999996
2 0.11962999999999999 0.514435 0.028319999999999998 0.08398999999999995
2 0.1010755 0.38583 0.026369000000000004 0.06823999999999997
2 0.09179899999999999 0.10039200000000001 0.02930200000000001 0.06167600000000001
2 0.08301 0.25525 0.04102 0.06956000000000001
2 0.11621500000000001 0.6410750000000001 0.019530000000000006 0.024930000000000008
2 0.11718500000000001 0.692915 0.019530000000000006 0.06298999999999999
2 0.06640650000000001 0.38517 0.025391000000000004 0.06956000000000001
2 0.08691299999999999 0.51509 0.029294 0.08529999999999999
2 0.0917955 0.64042 0.01952899999999999 0.02624000000000004
2 0.0917955 0.692915 0.01952899999999999 0.06298999999999999
2 0.093751 0.8549899999999999 0.035157999999999995 0.0958
2 0.280765 0.8549899999999999 0.036129999999999995 0.0958
2 0.34961 0.8549899999999999 0.035160000000000025 0.0958
2 0.41797 0.8563000000000001 0.03515999999999997 0.0958
2 0.48535 0.85433 0.03515999999999997 0.09711999999999998
2 0.5546899999999999 0.8549899999999999 0.03515999999999997 0.0958
2 0.624025 0.85433 0.035149999999999904 0.09711999999999998
2 0.691405 0.8563000000000001 0.035150000000000015 0.0958
2 0.27441499999999996 0.68373 0.03321000000000002 0.0892400000000001
2 0.35156 0.68504 0.03320000000000001 0.08923999999999999
2 0.41308500000000004 0.6856949999999999 0.03321000000000002 0.09055000000000002
2 0.48877000000000004 0.6856949999999999 0.03221999999999997 0.09055000000000002
2 0.549805 0.68635 0.03320999999999996 0.08923999999999999
2 0.6269499999999999 0.68635 0.03320000000000001 0.08923999999999999
2 0.68652 0.68635 0.03320000000000001 0.08923999999999999
2 0.27539 0.528215 0.03320000000000001 0.09055000000000007
2 0.35303 0.528215 0.03417999999999999 0.09055000000000007
2 0.41308500000000004 0.528215 0.03321000000000002 0.09055000000000007
2 0.49072 0.528215 0.03417999999999999 0.08793000000000001
2 0.55078 0.526905 0.03320000000000001 0.09055000000000002
2 0.6279300000000001 0.52887 0.03320000000000001 0.09186
2 0.68652 0.529525 0.03320000000000001 0.09054999999999996
2 0.27344 0.38386 0.03320000000000001 0.08268000000000003
2 0.350095 0.38451500000000005 0.03222999999999998 0.08137
2 0.40918 0.38451500000000005 0.03320000000000001 0.08137
2 0.48584 0.38451 0.032220000000000026 0.07873999999999998
2 0.547365 0.38517 0.03027000000000002 0.08267999999999998
2 0.623045 0.38517 0.03125 0.08267999999999998
2 0.681645 0.385825 0.03125 0.08137
2 0.27295 0.24081 0.03221999999999997 0.07217999999999997
2 0.349605 0.24081 0.03125 0.07217999999999997
2 0.409665 0.24081 0.03222999999999998 0.07217999999999997
2 0.486815 0.24213 0.03222999999999998 0.07218000000000002
2 0.546385 0.24213 0.03222999999999998 0.07218000000000002
2 0.624025 0.24278500000000003 0.03125 0.07087000000000002
2 0.683105 0.24278500000000003 0.03222999999999998 0.07087000000000002
2 0.884765 0.291995 0.035150000000000015 0.07216999999999996
2 0.957035 0.291995 0.037109999999999976 0.07216999999999996
2 0.890625 0.49803 0.035150000000000015 0.10368
2 0.9609399999999999 0.49934500000000004 0.03515999999999997 0.10366999999999998
2 0.890625 0.687665 0.037109999999999976 0.10236999999999996
2 0.961425 0.687665 0.036129999999999995 0.10236999999999996
2 0.8925799999999999 0.871395 0.04491999999999996 0.10760999999999998
2 0.96338 0.8733599999999999 0.04590000000000005 0.10892000000000002
4 0.213865 0.62795 0.06445000000000001 0.03805999999999998
4 0.279785 0.62861 0.06347000000000003 0.036739999999999995
4 0.353515 0.629265 0.06445000000000001 0.03805000000000003
4 0.41797 0.629265 0.06445999999999996 0.03805000000000003
4 0.49072000000000005 0.629265 0.06348000000000004 0.03805000000000003
4 0.5556650000000001 0.629265 0.06445000000000001 0.03805000000000003
4 0.629885 0.63058 0.06445000000000001 0.03805999999999998
4 0.69385 0.63058 0.06347999999999998 0.03805999999999998
4 0.214845 0.33464499999999997 0.06641 0.057750000000000024
4 0.280275 0.33464499999999997 0.06640999999999997 0.057750000000000024
4 0.35254 0.33530499999999996 0.06640000000000001 0.056430000000000036
4 0.418455 0.33464499999999997 0.06542999999999999 0.057750000000000024
4 0.490235 0.33596 0.06641000000000002 0.057740000000000014
4 0.556155 0.33596 0.06542999999999999 0.057740000000000014
4 0.627445 0.33464499999999997 0.06542999999999999 0.057750000000000024
4 0.69336 0.33399 0.06640000000000001 0.05906
5 0.21289 0.4311 0.04102 0.014440000000000008
5 0.27344 0.43044499999999997 0.04102 0.015749999999999986
5 0.351075 0.4311 0.04199000000000003 0.014440000000000008
5 0.41015999999999997 0.43044499999999997 0.044920000000000015 0.015749999999999986
5 0.48682 0.43110000000000004 0.04589999999999994 0.01706000000000002
5 0.546875 0.43044499999999997 0.044929999999999914 0.015749999999999986
5 0.62451 0.431755 0.04394000000000009 0.015750000000000042
5 0.68408 0.432415 0.04393999999999998 0.014429999999999998
5 0.21582 0.91404 0.05860000000000001 0.024939999999999962
5 0.28418 0.9133849999999999 0.058599999999999985 0.026249999999999996
5 0.353515 0.91273 0.058589999999999975 0.024940000000000073
5 0.421875 0.91404 0.06054999999999999 0.024939999999999962
5 0.490725 0.91404 0.05957000000000001 0.024939999999999962
5 0.558595 0.913385 0.05859000000000003 0.02363000000000004
5 0.62793 0.9133849999999999 0.06054000000000004 0.026249999999999996
5 0.6953149999999999 0.9147 0.05859000000000003 0.023619999999999974
5 0.09424 0.91404 0.057620000000000005 0.024939999999999962
8 0.213865 0.5925199999999999 0.02149000000000001 0.027559999999999918
8 0.27441499999999996 0.593175 0.019529999999999992 0.026249999999999996
8 0.35205 0.593175 0.020500000000000018 0.026249999999999996
8 0.41211 0.593175 0.019540000000000002 0.026249999999999996
8 0.490235 0.5944849999999999 0.019529999999999992 0.026249999999999996
8 0.549315 0.593175 0.020510000000000028 0.026249999999999996
8 0.627445 0.59383 0.020510000000000028 0.02756000000000003
8 0.686035 0.59383 0.020509999999999917 0.02756000000000003
5 0.086913 0.322835 0.09765399999999999 0.07086999999999999
8 0.18066500000000002 0.33530499999999996 0.013669999999999988 0.043310000000000015
8 0.31640500000000005 0.336615 0.023430000000000006 0.04330999999999996
8 0.24902000000000002 0.31955500000000003 0.033200000000000035 0.011810000000000043
8 0.38721 0.320865 0.040039999999999965 0.011809999999999987
8 0.45409999999999995 0.336615 0.02148 0.04330999999999996
8 0.5248999999999999 0.32218 0.028320000000000012 0.014440000000000008
8 0.59131 0.33530499999999996 0.024419999999999997 0.043310000000000015
8 0.662105 0.322835 0.03125 0.01313000000000003
8 0.7290000000000001 0.339235 0.022460000000000035 0.045930000000000026
9 0.3735375 0.16798000000000002 0.721685 0.07874
9 0.3735375 0.297245 0.715825 0.05380999999999997
9 0.37499899999999997 0.45735000000000003 0.720702 0.053800000000000014
9 0.374514 0.75656 0.719732 0.06430000000000002
10 0.183595 0.4147 0.009770000000000001 0.06562000000000001
10 0.24364999999999998 0.41535500000000003 0.01074 0.06692999999999999
10 0.30371 0.41666499999999995 0.009759999999999991 0.06692999999999999
10 0.3208 0.41535500000000003 0.010740000000000027 0.06692999999999999
10 0.38037 0.41601 0.010740000000000027 0.06562000000000001
10 0.44092 0.41666499999999995 0.010740000000000027 0.06692999999999999
10 0.45801000000000003 0.41535500000000003 0.011720000000000008 0.06692999999999999
10 0.51709 0.41601 0.010740000000000083 0.06562000000000001
10 0.577145 0.41666499999999995 0.013670000000000071 0.06692999999999999
10 0.59424 0.41601 0.012699999999999934 0.06562000000000001
10 0.6542950000000001 0.41666499999999995 0.01366999999999996 0.06692999999999999
10 0.71289 0.41666499999999995 0.013680000000000025 0.06692999999999999
10 0.731445 0.416665 0.013670000000000071 0.06430999999999998
10 0.18359 0.375985 0.011720000000000008 0.011809999999999987
10 0.24364999999999998 0.37664 0.01074 0.01050000000000001
10 0.30371000000000004 0.37795 0.011720000000000008 0.01050000000000001
10 0.32031 0.37664 0.011720000000000008 0.01050000000000001
10 0.37988 0.37664 0.011720000000000008 0.01050000000000001
10 0.44043 0.37795 0.011720000000000008 0.01050000000000001
10 0.45801000000000003 0.37664 0.011720000000000008 0.01050000000000001
10 0.5175799999999999 0.37795 0.011720000000000064 0.01050000000000001
10 0.57666 0.37795 0.012700000000000045 0.01050000000000001
10 0.595215 0.37795 0.012689999999999979 0.01050000000000001
10 0.654785 0.379265 0.012689999999999979 0.01049
10 0.71338 0.37795 0.012699999999999934 0.01050000000000001
10 0.731445 0.379265 0.013670000000000071 0.01049
10 0.0332035 0.429135 0.015624999999999997 0.03149000000000002
10 0.154785 0.429135 0.016610000000000014 0.03149000000000002
10 0.033203 0.369425 0.009766 0.08792999999999995
10 0.154785 0.369425 0.01075000000000001 0.08792999999999995
10 0.0327145 0.31693000000000005 0.012694999999999998 0.01706000000000002
10 0.154785 0.316275 0.012690000000000007 0.018370000000000053
10 0.14404499999999998 0.46521999999999997 0.012690000000000007 0.01706000000000002
10 0.0649415 0.46587999999999996 0.012695000000000005 0.015740000000000032
10 0.102538 0.496715 0.009763999999999995 0.011809999999999932
10 0.144045 0.61614 0.014649999999999996 0.009179999999999966
10 0.06396450000000001 0.61614 0.012694999999999998 0.009179999999999966
10 0.06396450000000001 0.6673199999999999 0.008789000000000005 0.0958
10 0.14404 0.667975 0.01074 0.09448999999999996
10 0.064453 0.511155 0.0078120000000000064 0.07742999999999994
10 0.14404499999999998 0.512465 0.008789999999999992 0.07743
10 0.064453 0.55315 0.011718 0.00656000000000001
10 0.14453 0.553805 0.011720000000000008 0.005249999999999977
10 0.144535 0.71916 0.013670000000000015 0.007879999999999998
10 0.0649415 0.7198199999999999 0.012695000000000005 0.00656000000000001
10 0.10205149999999999 0.519025 0.006836999999999996 0.032810000000000006
10 0.102538 0.5465899999999999 0.009763999999999995 0.01968000000000003
8 0.10205 0.46719 0.022460000000000008 0.01312000000000002
8 0.07666 0.469815 0.014648000000000008 0.018369999999999997
8 0.13086 0.47113 0.015619999999999981 0.02100000000000002
10 0.10791 0.257875 0.006839999999999999 0.04855000000000001
10 0.060059 0.259185 0.006836000000000009 0.04854999999999998
10 0.0595705 0.286745 0.007813000000000007 0.00657000000000002
10 0.10742499999999999 0.28609 0.0078099999999999975 0.007879999999999998
10 0.060059 0.230315 0.006836000000000009 0.0065699999999999925
10 0.10791 0.23097499999999999 0.006839999999999999 0.005250000000000005
4 0.102053 0.59252 0.12207400000000002 0.03805999999999998
