1 0.50080905 0.50149255 0.9983819 0.9970149
2 0.0695795 0.122386 0.03883500000000001 0.077608
2 0.0695795 0.32686499999999996 0.03883500000000001 0.08059
2 0.0679615 0.52985 0.038835 0.08060000000000006
2 0.357605 0.12388099999999999 0.03883000000000003 0.08059799999999999
2 0.35437 0.32985 0.038839999999999986 0.0806
2 0.357605 0.543285 0.03883000000000003 0.07760999999999996
2 0.65696 0.1253735 0.038839999999999986 0.07761299999999999
2 0.6577649999999999 0.33582 0.040449999999999986 0.0806
2 0.6601950000000001 0.54776 0.03883000000000003 0.0806
2 0.944985 0.549255 0.03883000000000003 0.07761000000000007
2 0.943365 0.338805 0.03882999999999992 0.08059
2 0.94013 0.1313435 0.038839999999999986 0.077613
2 0.18123 0.146266 0.1521 0.101488
2 0.474915 0.14477600000000002 0.16342999999999996 0.110448
2 0.77589 0.1477635 0.15696 0.11045300000000001
2 0.18123 0.34775999999999996 0.14886 0.11642000000000002
2 0.47572499999999995 0.35821000000000003 0.16180999999999995 0.1194
2 0.7791250000000001 0.35821000000000003 0.16018999999999994 0.11344000000000004
2 0.7767 0.5671649999999999 0.15858000000000005 0.11343000000000003
2 0.477345 0.56418 0.15856999999999993 0.11343999999999999
2 0.18123 0.55224 0.15857999999999997 0.11343999999999993
7 0.18123 0.34776 0.14564 0.10448000000000002
7 0.182845 0.5537350000000001 0.14562999999999998 0.09850999999999999
7 0.47734999999999994 0.5641799999999999 0.15533999999999998 0.10746
7 0.47734999999999994 0.337315 0.15533999999999998 0.06567
7 0.77508 0.1283585 0.14886 0.05970299999999999
7 0.7783199999999999 0.35821 0.1521 0.10746
7 0.77913 0.552235 0.15372000000000008 0.06567
9 0.49919125 0.0597026 0.9854375 0.10149480000000001
9 0.50242935 0.204475 0.9854413 0.026870000000000005
9 0.5048535000000001 0.3 0.9870530000000001 0.026859999999999995
9 0.5000012500000001 0.41194 0.9870575 0.03582000000000002
9 0.50242935 0.50149 0.9854413 0.03581999999999996
9 0.49919125 0.61791 0.9854375 0.035820000000000074
9 0.5016203 0.7164200000000001 0.9870594 0.035820000000000074
11 0.28479 0.66866 0.14564 0.09551999999999994
11 0.281555 0.743285 0.19416999999999998 0.053730000000000055
11 0.48219999999999996 0.74776 0.20388 0.05074000000000001
11 0.692555 0.75224 0.20389000000000002 0.047760000000000025
11 0.898865 0.7597 0.19903000000000004 0.04477999999999993
11 0.0962785 0.7432799999999999 0.169903 0.035820000000000074
11 0.288835 0.8850750000000001 0.17637000000000003 0.21790999999999994
11 0.0995125 0.88209 0.17313499999999998 0.22387999999999997
11 0.487865 0.8626849999999999 0.19255 0.16716999999999993
11 0.691745 0.867165 0.18285000000000007 0.14627
11 0.8972500000000001 0.8641749999999999 0.18284 0.14627
