2 0.34465999999999997 0.259275 0.058260000000000034 0.059569999999999984
2 0.40959 0.259765 0.05703999999999998 0.06055000000000002
2 0.609225 0.261235 0.055830000000000046 0.05957000000000001
2 0.67294 0.26172 0.05703999999999998 0.05860000000000001
2 0.133495 0.46972499999999995 0.06067 0.08202999999999999
2 0.20085 0.46924 0.05946000000000001 0.08495999999999998
2 0.34284000000000003 0.470705 0.05946000000000001 0.08202999999999994
2 0.409585 0.47119 0.05946999999999997 0.08495999999999998
2 0.61347 0.47021499999999994 0.05703999999999998 0.08300999999999997
2 0.67658 0.470215 0.05703999999999998 0.08104999999999996
2 0.82767 0.470705 0.05825999999999998 0.08202999999999994
2 0.8907750000000001 0.47216499999999995 0.058250000000000024 0.08300999999999997
2 0.13289 0.66162 0.06432 0.09864000000000006
2 0.20449 0.66162 0.06190000000000001 0.09864000000000006
2 0.343445 0.66162 0.06311 0.09864000000000006
2 0.41262 0.661135 0.06068000000000001 0.09960999999999998
2 0.60983 0.660155 0.061900000000000066 0.09765000000000001
2 0.67779 0.65967 0.061900000000000066 0.09667999999999999
2 0.827065 0.6591800000000001 0.06189 0.09570000000000001
2 0.892595 0.6591800000000001 0.05947000000000002 0.09570000000000001
4 0.1705095 0.390625 0.15898099999999998 0.054690000000000016
4 0.37985500000000005 0.393555 0.16263 0.05859000000000003
4 0.646845 0.394045 0.16019000000000005 0.05957000000000001
4 0.86347 0.395505 0.1614 0.06054999999999999
4 0.172331 0.58252 0.16747800000000002 0.05371999999999999
4 0.38228 0.580565 0.16747999999999996 0.053709999999999924
4 0.64988 0.5791 0.17111999999999994 0.0527399999999999
4 0.866505 0.578125 0.17474999999999996 0.05078999999999989
1 0.501821 0.51416 0.955098 0.97168
4 0.642595 0.20507999999999998 0.16383000000000003 0.06639999999999999
4 0.38046500000000005 0.19922 0.16141 0.0625
3 0.6353150000000001 0.9306650000000001 0.08372999999999997 0.11133000000000004
5 0.1692965 0.5307649999999999 0.15412700000000001 0.04199000000000008
5 0.374395 0.528805 0.15413 0.04198999999999997
5 0.64381 0.529785 0.15412000000000003 0.04199000000000008
5 0.854975 0.527835 0.15413 0.04199000000000008
5 0.8592249999999999 0.730955 0.15291 0.04198999999999997
5 0.64381 0.72705 0.15412000000000003 0.04200000000000004
5 0.374395 0.7299800000000001 0.15413 0.041999999999999926
5 0.1692965 0.730955 0.15412700000000001 0.04198999999999997
8 0.51274 0.63574 0.11285999999999996 0.15234000000000003
8 0.171725 0.7480450000000001 0.08859 0.06640999999999997
9 0.5042465 0.34521500000000005 0.945387 0.06739
9 0.5030355 0.5366249999999999 0.938109 0.05957000000000001
9 0.4975715 0.710935 0.9393170000000001 0.019530000000000047
11 0.629855 0.8657250000000001 0.0825300000000001 0.01464999999999994
