1 0.5010352 0.50146485 0.9979296 0.9970703
2 0.1583825 0.231935 0.155275 0.12597000000000003
2 0.48758 0.234865 0.15527999999999992 0.12597
2 0.82298 0.23096 0.15527999999999997 0.12597999999999998
2 0.161493 0.434085 0.15321400000000002 0.12207000000000001
2 0.490685 0.43066499999999996 0.15320999999999996 0.12108999999999998
2 0.817805 0.434085 0.15321000000000007 0.12207000000000001
2 0.167704 0.66113 0.144932 0.13671999999999995
2 0.48344 0.65918 0.14286 0.13671999999999995
2 0.81677 0.6582 0.14286 0.13671999999999995
3 0.106624 0.9262699999999999 0.12629200000000002 0.13770000000000004
4 0.1645945 0.15576 0.22981100000000004 0.028319999999999984
4 0.49172 0.15869 0.22982000000000002 0.028320000000000012
4 0.827125 0.16161999999999999 0.22981000000000007 0.028319999999999984
4 0.827125 0.36377 0.22981000000000007 0.028320000000000012
4 0.494825 0.36279 0.23189000000000004 0.028320000000000012
4 0.1645945 0.36084 0.22981100000000004 0.028320000000000012
4 0.1645945 0.581055 0.22981100000000004 0.029290000000000038
4 0.49793000000000004 0.57959 0.22982000000000002 0.028320000000000012
4 0.82091 0.581055 0.22982000000000002 0.029290000000000038
5 0.16356149999999997 0.29883000000000004 0.19047699999999998 0.015620000000000023
5 0.48861 0.30078 0.19047999999999998 0.015619999999999967
5 0.16459649999999998 0.5014649999999999 0.188407 0.016609999999999958
5 0.166667 0.734375 0.188406 0.015630000000000033
5 0.82091 0.73291 0.1884 0.01660000000000006
6 0.86646 0.262205 0.2587999999999999 0.09863000000000002
6 0.6749499999999999 0.481445 0.6501 0.11328999999999995
6 0.524845 0.711425 0.31677 0.09277000000000002
8 0.045549 0.07226455 0.05383 0.1269509
9 0.4979308 0.07519455 0.9792984 0.1328109
9 0.507247 0.7719750000000001 0.9772259999999999 0.06542999999999999
11 0.6014499999999999 0.889645 0.7846799999999999 0.21289000000000002
3 0.63147 0.927245 0.10765999999999998 0.13379000000000008
2 0.52174 0.926755 0.08282000000000006 0.10546999999999995
