1 0.50112325 0.49902328 0.9887935 0.99609344
2 0.869955 0.27002000000000004 0.08968999999999994 0.15136
2 0.1065 0.285155 0.08743999999999999 0.15429
2 0.858745 0.524905 0.08969000000000005 0.15136999999999995
2 0.100897 0.546385 0.08968600000000002 0.15137
2 0.6838599999999999 0.283695 0.08072000000000001 0.18456999999999998
2 0.5112099999999999 0.27636499999999997 0.08072000000000001 0.16797
2 0.33184 0.27588 0.08071999999999996 0.15528
2 0.67601 0.54883 0.08743999999999996 0.19726000000000005
2 0.5033650000000001 0.546385 0.09641 0.18456999999999996
2 0.32175 0.53418 0.08295999999999998 0.15430000000000005
3 0.1199565 0.88916 0.087447 0.16893999999999998
2 0.108743 0.757325 0.100894 0.043950000000000045
4 0.8509 0.41553 0.20852000000000004 0.06152000000000002
4 0.30381 0.42187 0.20851999999999998 0.0625
4 0.0997743 0.4292 0.1816114 0.05565999999999999
4 0.58072 0.163575 0.3721999999999999 0.05567
4 0.0997755 0.166015 0.177129 0.07030999999999998
4 0.31054 0.16455 0.18610000000000002 0.08692
4 0.86659 0.16162 0.18610000000000004 0.08692000000000001
6 0.532515 0.36328000000000005 0.46860999999999997 0.13672
6 0.862105 0.367675 0.09193000000000007 0.04394999999999999
6 0.106504 0.384765 0.09193199999999999 0.04492999999999997
6 0.860985 0.62549 0.08969000000000005 0.04394000000000009
6 0.10313800000000001 0.643065 0.089684 0.043949999999999934
7 0.880045 0.277345 0.06052999999999997 0.13281
7 0.693945 0.2915 0.056050000000000044 0.16504000000000002
7 0.52242 0.285155 0.05830000000000002 0.14649
7 0.34304999999999997 0.28418 0.049319999999999975 0.13282000000000002
7 0.12668000000000001 0.29346 0.0426 0.13573999999999997
7 0.87332 0.529785 0.05606 0.13965
7 0.68834 0.55371 0.05829999999999991 0.18164000000000002
7 0.52018 0.55176 0.05829999999999996 0.16991999999999996
7 0.33408 0.53906 0.04932000000000003 0.14257999999999993
7 0.12332 0.54883 0.035879999999999995 0.14257999999999998
8 0.49887750000000003 0.69043 0.966365 0.08397999999999994
9 0.5044845 0.085451 0.968611 0.137698
11 0.510085 0.851565 0.11435000000000001 0.25977000000000006
11 0.698435 0.844725 0.11434999999999995 0.25976999999999995
11 0.869955 0.8457049999999999 0.11211000000000004 0.25976999999999995
11 0.332955 0.856935 0.11434999999999995 0.2587900000000001
10 0.919285 0.55713 0.03139000000000003 0.18847999999999998
10 0.800445 0.55859 0.03139000000000003 0.18750000000000006
10 0.735425 0.55908 0.03139000000000003 0.18848000000000004
10 0.61547 0.55176 0.029140000000000055 0.17188000000000003
10 0.56166 0.55225 0.029140000000000055 0.17090000000000005
10 0.442825 0.55566 0.029149999999999954 0.16991999999999996
10 0.377805 0.5561499999999999 0.02915000000000001 0.17089999999999994
10 0.26121 0.566895 0.029140000000000027 0.18846999999999997
10 0.161435 0.572755 0.02690999999999999 0.18846999999999997
10 0.043722 0.575685 0.029148 0.18846999999999997
10 0.0392375 0.470705 0.042601 0.02149000000000001
10 0.15695 0.467775 0.04483999999999999 0.02149000000000001
10 0.26233 0.461915 0.04483999999999999 0.02149000000000001
10 0.3778 0.461425 0.04260000000000003 0.01855000000000001
10 0.442825 0.460935 0.04260999999999998 0.019529999999999992
10 0.55942 0.45752000000000004 0.04259999999999997 0.018559999999999965
10 0.6132299999999999 0.456545 0.04260000000000008 0.01855000000000001
10 0.7320599999999999 0.456055 0.03812000000000004 0.019529999999999992
10 0.80045 0.45459 0.04035999999999995 0.01856000000000002
10 0.91928 0.453125 0.04035999999999995 0.019530000000000047
10 0.739915 0.29541 0.03139000000000003 0.17872
10 0.622195 0.28418 0.029149999999999898 0.15234
10 0.567265 0.28418 0.03139000000000003 0.15234
10 0.449555 0.28662 0.02915000000000001 0.15331999999999998
10 0.44731 0.19922 0.04260000000000003 0.02148
10 0.56839 0.197265 0.04260000000000008 0.02149000000000001
10 0.6222 0.197265 0.04259999999999997 0.02149000000000001
10 0.7387900000000001 0.19531500000000002 0.04260000000000008 0.01953000000000002
