2 0.0924265 0.20166 0.09576699999999999 0.05565999999999999
2 0.210465 0.200685 0.09577000000000002 0.05567
2 0.330735 0.200685 0.09577000000000002 0.05567
2 0.44766 0.200685 0.09353999999999996 0.05567
2 0.56236 0.20214500000000002 0.09575999999999996 0.05468999999999999
2 0.6804049999999999 0.201175 0.09577000000000002 0.05468999999999999
2 0.799555 0.201175 0.09355000000000002 0.05468999999999999
2 0.918705 0.20166 0.09576999999999991 0.05565999999999999
2 0.0902015 0.28613500000000003 0.09131700000000001 0.048829999999999985
2 0.20935 0.28515500000000005 0.09354000000000001 0.048829999999999985
2 0.32628 0.28515500000000005 0.09132000000000001 0.048829999999999985
2 0.44321 0.28515500000000005 0.09354000000000001 0.048829999999999985
2 0.56125 0.284665 0.09353999999999996 0.04784999999999995
2 0.681515 0.28515500000000005 0.09355000000000002 0.048829999999999985
2 0.796215 0.28613500000000003 0.09131 0.048829999999999985
2 0.91537 0.286625 0.09353999999999996 0.047850000000000004
2 0.801785 0.36914 0.08909 0.05077999999999999
2 0.915365 0.36914 0.08909 0.05077999999999999
2 0.6815150000000001 0.36865000000000003 0.08909 0.04980000000000001
2 0.563475 0.36816000000000004 0.08909 0.05077999999999999
2 0.445435 0.37012 0.08909 0.05077999999999999
2 0.327395 0.36816000000000004 0.08909 0.05077999999999999
2 0.21158 0.36914 0.08908000000000002 0.05077999999999999
2 0.09131550000000001 0.36914 0.089089 0.05077999999999999
2 0.089088 0.453125 0.09354400000000002 0.052730000000000055
2 0.20935 0.45215 0.09354000000000001 0.05274000000000001
2 0.32738999999999996 0.45264 0.09354000000000001 0.05176000000000003
2 0.44766 0.45264 0.08908000000000005 0.05176000000000003
2 0.56793 0.45166 0.08907999999999994 0.05176000000000003
2 0.683745 0.45361 0.08909 0.05176000000000003
2 0.801785 0.45361 0.08909 0.05176000000000003
2 0.924275 0.45166 0.08909 0.05176000000000003
2 0.923165 0.53662 0.09131 0.05176000000000003
2 0.80735 0.53662 0.09132000000000007 0.05176000000000003
2 0.6904250000000001 0.5376 0.08909 0.05176000000000003
2 0.573495 0.5380849999999999 0.09131 0.052730000000000055
2 0.448775 0.5380849999999999 0.09131 0.052730000000000055
2 0.328505 0.5380849999999999 0.09131 0.052730000000000055
2 0.21158000000000002 0.53662 0.09354000000000001 0.05176000000000003
2 0.0902015 0.5380849999999999 0.09131700000000001 0.052730000000000055
2 0.9253899999999999 0.6206050000000001 0.09131999999999996 0.051750000000000074
2 0.80735 0.621095 0.09132000000000007 0.052730000000000055
2 0.6893100000000001 0.62207 0.09131999999999996 0.05274000000000001
2 0.57795 0.62207 0.09131999999999996 0.05274000000000001
2 0.44989 0.62256 0.09354000000000001 0.05176000000000003
2 0.332965 0.623535 0.09131 0.051750000000000074
2 0.21158000000000002 0.623535 0.09354000000000001 0.051750000000000074
2 0.09465399999999999 0.623535 0.09131199999999999 0.051750000000000074
2 0.09465399999999999 0.70654 0.09131199999999999 0.05175999999999992
2 0.21158000000000002 0.70801 0.09354000000000001 0.05274000000000001
2 0.332965 0.70752 0.09131 0.05176000000000003
2 0.45211999999999997 0.706055 0.09354000000000001 0.052729999999999944
2 0.575725 0.706055 0.09131 0.052729999999999944
2 0.684855 0.70654 0.09131 0.05175999999999992
2 0.81292 0.70508 0.09353999999999996 0.05274000000000001
2 0.10022400000000001 0.811035 0.102452 0.06933
2 0.20935499999999999 0.811525 0.10244999999999999 0.07030999999999998
2 0.34075500000000003 0.80957 0.10244999999999999 0.07031999999999994
2 0.44988500000000003 0.80908 0.10245000000000004 0.06933999999999996
2 0.5790649999999999 0.80908 0.10245000000000004 0.06933999999999996
2 0.682625 0.808595 0.09577000000000002 0.07030999999999998
2 0.8173699999999999 0.80762 0.09799999999999998 0.06835999999999998
2 0.39309499999999997 0.9272450000000001 0.19821000000000005 0.06542999999999999
2 0.1536745 0.9282250000000001 0.195991 0.06542999999999999
2 0.09242550000000001 0.117185 0.091309 0.046869999999999995
2 0.21381 0.11523649999999999 0.09799999999999998 0.044926999999999995
2 0.32516500000000004 0.11523649999999999 0.09798999999999997 0.044926999999999995
2 0.443205 0.11523649999999999 0.09799000000000002 0.044926999999999995
2 0.561245 0.11621 0.09799000000000002 0.04491999999999999
2 0.681515 0.11621 0.09799000000000002 0.04491999999999999
2 0.79399 0.11621 0.10021999999999998 0.04491999999999999
2 0.9097999999999999 0.11621 0.10022000000000009 0.04491999999999999
5 0.09131600000000001 0.24267499999999997 0.106908 0.03026999999999999
5 0.21047 0.24169999999999997 0.10468 0.028319999999999984
5 0.327395 0.2417 0.09799000000000002 0.03221999999999997
5 0.44432 0.2417 0.10468 0.03221999999999997
5 0.563475 0.2417 0.10690999999999995 0.03221999999999997
5 0.67929 0.24267500000000003 0.1069 0.03223000000000001
5 0.80178 0.24316500000000002 0.1069 0.03320999999999999
5 0.91982 0.24268 0.1069 0.03417999999999999
5 0.9175949999999999 0.326175 0.10690999999999995 0.03125
5 0.80401 0.32617 0.1069 0.03320000000000001
5 0.68374 0.325195 0.1069 0.03321000000000002
5 0.563475 0.324705 0.10690999999999995 0.032230000000000036
5 0.44321 0.325195 0.1069 0.03321000000000002
5 0.32962 0.324705 0.1069 0.032230000000000036
5 0.207125 0.325685 0.10690999999999998 0.03027000000000002
5 0.09131600000000001 0.324705 0.106908 0.030269999999999964
5 0.09131600000000001 0.41162 0.106908 0.032220000000000026
5 0.21158 0.410155 0.1069 0.03125
5 0.327395 0.410155 0.10691 0.03125
5 0.44989 0.410155 0.1069 0.03125
5 0.5657 0.409665 0.1069 0.03222999999999998
5 0.68597 0.409665 0.1069 0.03222999999999998
5 0.799555 0.409665 0.10691000000000006 0.03222999999999998
5 0.91537 0.41162 0.1069 0.032220000000000026
5 0.09131600000000001 0.49463 0.106908 0.03221999999999997
5 0.21158 0.49463 0.1069 0.03221999999999997
5 0.334075 0.49609499999999995 0.10691 0.031249999999999944
5 0.445435 0.49560499999999996 0.10691 0.032229999999999925
5 0.56793 0.49365499999999995 0.1069 0.032229999999999925
5 0.68597 0.49560499999999996 0.1069 0.032229999999999925
5 0.806235 0.49560499999999996 0.10690999999999995 0.032229999999999925
5 0.924275 0.49609499999999995 0.10690999999999995 0.031249999999999944
5 0.094653 0.581545 0.10467400000000002 0.03222999999999998
5 0.21381 0.580075 0.1069 0.03125
5 0.33185 0.57959 0.1069 0.032220000000000026
5 0.452115 0.57959 0.10690999999999995 0.032220000000000026
5 0.57461 0.57959 0.1069 0.032220000000000026
5 0.6904250000000001 0.57959 0.10690999999999995 0.032220000000000026
5 0.808465 0.57959 0.10691000000000006 0.032220000000000026
5 0.924275 0.57959 0.10690999999999995 0.032220000000000026
5 0.0935395 0.665525 0.10690100000000001 0.03222999999999998
5 0.21381 0.665035 0.1069 0.03125
5 0.32962 0.665525 0.1069 0.03222999999999998
5 0.452115 0.665035 0.10690999999999995 0.03125
5 0.57461 0.664065 0.1069 0.03125
5 0.6904250000000001 0.663575 0.10690999999999995 0.03222999999999998
5 0.806235 0.664065 0.10690999999999995 0.03125
1 0.505568 0.50146485 0.988864 0.9970703
9 0.502225 0.86865 0.97327 0.05176000000000003
9 0.5077945 0.7470699999999999 0.966591 0.019540000000000002
9 0.5100210000000001 0.14795 0.9754980000000001 0.02245999999999998
9 0.508911 0.046874950000000006 0.9732780000000001 0.0800781
10 0.032294 0.952635 0.033408 0.09472999999999998
10 0.277285 0.952145 0.02895000000000003 0.09375
10 0.520045 0.950195 0.02895000000000003 0.09375
10 0.27727999999999997 0.8969750000000001 0.04231999999999997 0.01464999999999994
10 0.520045 0.89502 0.042310000000000014 0.014639999999999986
10 0.034520999999999996 0.897945 0.042316 0.014650000000000052
11 0.16481099999999999 0.87451 0.19153799999999999 0.022459999999999924
