2 0.0866555 0.14014 0.06594900000000001 0.06348000000000001
2 0.217025 0.14063 0.06595000000000001 0.0625
2 0.0866555 0.28223 0.06594900000000001 0.08008000000000001
2 0.217025 0.282225 0.06289 0.07813000000000003
2 0.34509 0.283205 0.06442000000000003 0.07813
2 0.47775999999999996 0.28369500000000003 0.06287999999999999 0.07715
2 0.34662499999999996 0.14063 0.06441000000000002 0.0625
2 0.47775999999999996 0.141115 0.06287999999999999 0.06153
2 0.6058300000000001 0.141115 0.06442000000000003 0.06347
2 0.7331300000000001 0.140625 0.06442000000000003 0.06054999999999999
2 0.606595 0.28418 0.06289 0.07812000000000002
2 0.734665 0.28418 0.061350000000000016 0.07812000000000002
2 0.865795 0.141115 0.06594999999999995 0.06153
2 0.8658 0.28418 0.06288000000000005 0.07618
2 0.21778999999999998 0.44238 0.06747999999999998 0.08008000000000004
2 0.34662499999999996 0.44336 0.06749 0.08007999999999998
4 0.21319 0.37549 0.11656 0.03417999999999999
4 0.344325 0.382815 0.11502999999999997 0.025389999999999968
4 0.34662499999999996 0.53174 0.10122999999999999 0.04590000000000005
4 0.080521 0.38183500000000004 0.118098 0.023430000000000006
4 0.07975550000000001 0.53125 0.10122900000000001 0.04688000000000003
4 0.213955 0.53467 0.14571 0.04590000000000005
2 0.0866585 0.44189500000000004 0.069023 0.08105000000000001
2 0.0874225 0.604005 0.064415 0.08691000000000004
2 0.218555 0.59668 0.06594999999999998 0.07421999999999995
2 0.47853 0.44238 0.06441999999999998 0.08008000000000004
2 0.60736 0.441895 0.06441999999999992 0.07911000000000001
4 0.47546 0.38428 0.11656 0.028320000000000012
4 0.60736 0.37793 0.11349999999999993 0.03710000000000002
4 0.47776 0.53174 0.10276000000000007 0.04590000000000005
4 0.609665 0.532715 0.14571 0.043950000000000045
4 0.73773 0.3833 0.11963999999999997 0.026359999999999995
4 0.866565 0.3833 0.11963000000000001 0.026359999999999995
4 0.7384999999999999 0.53076 0.10276000000000007 0.04590000000000005
4 0.868865 0.532715 0.10583000000000009 0.04785000000000006
2 0.738495 0.441895 0.06594999999999995 0.07911000000000001
2 0.867335 0.44287 0.06595000000000006 0.0791
2 0.7392650000000001 0.604495 0.06440999999999997 0.08789000000000002
2 0.8681000000000001 0.604005 0.06442000000000003 0.08691000000000004
2 0.08282 0.7675799999999999 0.06748 0.07812000000000008
2 0.218555 0.76709 0.06594999999999998 0.07520000000000004
2 0.34662499999999996 0.60449 0.06749 0.08594000000000002
2 0.47853 0.60449 0.06441999999999998 0.08594000000000002
2 0.34892500000000004 0.76709 0.06595000000000001 0.07520000000000004
2 0.48006000000000004 0.766605 0.06441999999999998 0.07617000000000007
2 0.61043 0.59717 0.06747999999999998 0.07519999999999993
2 0.608895 0.766605 0.06440999999999997 0.07617000000000007
2 0.7408 0.766605 0.06441999999999992 0.07617000000000007
2 0.871165 0.764645 0.07055 0.07617000000000007
1 0.47469184999999997 0.5078125 0.9463163 0.984375
5 0.084355 0.49414499999999995 0.11962999999999999 0.025389999999999968
5 0.21319 0.49511499999999997 0.11963999999999997 0.025389999999999968
5 0.343555 0.49511499999999997 0.11963000000000001 0.025389999999999968
5 0.47546 0.49511499999999997 0.11963999999999997 0.025389999999999968
5 0.608895 0.49365499999999995 0.11963000000000001 0.024409999999999987
5 0.7392650000000001 0.49511499999999997 0.11963000000000001 0.025389999999999968
5 0.8680950000000001 0.49365499999999995 0.11963000000000001 0.024409999999999987
5 0.083588 0.17529 0.09662399999999999 0.01074
5 0.21242500000000003 0.17529 0.09663000000000002 0.01074
5 0.34586 0.17626999999999998 0.09662000000000004 0.01074
5 0.47776 0.17626999999999998 0.09662000000000004 0.01074
5 0.606595 0.17725000000000002 0.09663 0.01074
5 0.73466 0.17626999999999998 0.09816000000000003 0.01074
5 0.865795 0.17725000000000002 0.09663 0.01074
5 0.0851235 0.8188500000000001 0.09049300000000002 0.028320000000000012
5 0.21549500000000002 0.81836 0.09049000000000001 0.02734000000000003
5 0.34816 0.81836 0.08895999999999998 0.02734000000000003
5 0.47853 0.81738 0.08895999999999998 0.02733999999999992
5 0.60736 0.8178700000000001 0.08895999999999993 0.028320000000000012
5 0.7423299999999999 0.8178700000000001 0.08896000000000004 0.028320000000000012
5 0.868865 0.81738 0.09048999999999996 0.02733999999999992
6 0.0835905 0.66455 0.08435899999999999 0.03613999999999995
6 0.20859 0.67676 0.16258000000000003 0.08984000000000003
6 0.34816 0.666015 0.10735999999999996 0.037109999999999976
6 0.47853 0.665035 0.10735999999999996 0.037109999999999976
6 0.7407999999999999 0.664065 0.10736000000000001 0.037109999999999976
6 0.8696299999999999 0.665035 0.10736000000000001 0.037109999999999976
6 0.60966 0.67676 0.15183999999999997 0.09179999999999999
8 0.08589 0.7123999999999999 0.07362 0.03417999999999999
8 0.34892500000000004 0.71045 0.07515 0.03417999999999999
8 0.47776 0.71045 0.07516 0.03417999999999999
8 0.74233 0.71143 0.07362000000000002 0.03417999999999999
8 0.8704000000000001 0.71045 0.07516 0.03417999999999999
8 0.0851215 0.23242000000000002 0.069017 0.015619999999999995
8 0.21778999999999998 0.23291 0.06747999999999998 0.018559999999999993
8 0.342025 0.23584 0.06749 0.018559999999999993
8 0.48006000000000004 0.234865 0.06748000000000004 0.018549999999999983
8 0.60583 0.234865 0.06747999999999998 0.018549999999999983
8 0.7369600000000001 0.233885 0.06901999999999997 0.018549999999999983
8 0.866565 0.23584 0.06749000000000005 0.018559999999999993
8 0.02070535 0.251465 0.0260733 0.02246999999999999
8 0.15414 0.252445 0.026079999999999992 0.02051
8 0.282975 0.251465 0.026069999999999982 0.02051
8 0.41181 0.252445 0.026079999999999992 0.02051
8 0.92868 0.253415 0.026079999999999992 0.020510000000000028
8 0.802915 0.254395 0.026069999999999927 0.02051
8 0.672545 0.253415 0.026069999999999927 0.020510000000000028
8 0.53911 0.254395 0.026079999999999992 0.02051
9 0.476992 0.058594 0.926376 0.076172
9 0.476225 0.21631 0.92791 0.03028
9 0.46932375 0.27734499999999995 0.9325125 0.013670000000000015
9 0.4808305 0.32959 0.927919 0.01856000000000002
9 0.47392625 0.688475 0.9294475 0.019529999999999936
9 0.476992 0.8286150000000001 0.926376 0.05957000000000001
11 0.35889375 0.86328 0.7116525 0.029299999999999993
11 0.756135 0.86328 0.02452999999999994 0.03515999999999997
11 0.766105 0.941405 0.04447000000000001 0.04100999999999999
11 0.79218 0.9824200000000001 0.03834000000000004 0.03320000000000001
3 0.871165 0.9331050000000001 0.10123000000000004 0.13183
11 0.653375 0.958495 0.13496999999999992 0.08301000000000003
11 0.44862 0.941405 0.07516 0.04883000000000004
11 0.641105 0.89795 0.19325000000000003 0.03808
11 0.41411 0.89795 0.2454 0.03808
11 0.1464725 0.898925 0.280675 0.036129999999999995
11 0.189415 0.9467749999999999 0.09663 0.053710000000000035
