2 0.21419 0.831055 0.07682 0.15039000000000002
3 0.514325 0.8417950000000001 0.09375000000000006 0.19140999999999997
2 0.363935 0.83057 0.06901000000000002 0.14746000000000004
2 0.66211 0.82959 0.07421999999999995 0.15527999999999997
2 0.80794 0.828615 0.07421999999999995 0.15527000000000002
2 0.80599 0.6025400000000001 0.06769999999999998 0.11131999999999997
2 0.804685 0.404785 0.06770999999999994 0.10448999999999997
4 0.81055 0.528805 0.13671999999999995 0.04785000000000006
4 0.80729 0.33545 0.125 0.024419999999999997
2 0.660155 0.60205 0.06771000000000005 0.11229999999999996
2 0.5130250000000001 0.601075 0.06771000000000005 0.11231000000000002
2 0.657555 0.404785 0.06770999999999994 0.10448999999999997
2 0.5104150000000001 0.40185499999999996 0.06771000000000005 0.10449000000000003
4 0.66341 0.527345 0.13672000000000006 0.04687000000000008
4 0.51237 0.525875 0.13671999999999995 0.04784999999999995
4 0.6575500000000001 0.33252 0.12239999999999995 0.024419999999999997
4 0.51107 0.33252000000000004 0.12369999999999998 0.026359999999999995
4 0.35938 0.330565 0.125 0.026370000000000005
4 0.20573 0.325195 0.1276 0.02149000000000001
4 0.36068 0.52832 0.13541999999999998 0.05078000000000005
4 0.208985 0.52637 0.13933 0.05078000000000005
2 0.36263 0.60156 0.06901999999999997 0.11328000000000005
2 0.21223999999999998 0.601075 0.07032000000000002 0.11424999999999996
2 0.360025 0.40136499999999997 0.06901000000000002 0.10547000000000001
2 0.208985 0.39990000000000003 0.07161000000000001 0.1084
1 0.499349 0.520995 0.9518220000000001 0.85449
2 0.063151 0.40429499999999996 0.06901 0.10547000000000001
2 0.0768225 0.253905 0.013021000000000005 0.01953000000000002
2 0.0384115 0.25293 0.011719 0.019540000000000002
2 0.18880000000000002 0.251465 0.013020000000000004 0.02051
2 0.22721 0.250975 0.011720000000000008 0.01953000000000002
2 0.33984000000000003 0.253415 0.013019999999999976 0.020510000000000028
2 0.3776 0.25488500000000003 0.013020000000000032 0.019529999999999992
2 0.49089 0.255855 0.013020000000000032 0.01953000000000002
2 0.5286500000000001 0.25683500000000004 0.01301999999999992 0.019529999999999992
2 0.6386700000000001 0.2583 0.011720000000000064 0.020500000000000018
2 0.67578 0.257815 0.01301999999999992 0.019529999999999992
2 0.78516 0.260745 0.013020000000000032 0.019529999999999992
2 0.82161 0.260745 0.01301999999999992 0.019529999999999992
2 0.92448 0.265625 0.013020000000000032 0.019530000000000047
2 0.959635 0.266605 0.013029999999999986 0.019529999999999992
2 0.66406 0.926755 0.04947999999999997 0.019530000000000047
2 0.8112 0.925785 0.04947999999999997 0.019530000000000047
2 0.365235 0.9316450000000001 0.06119000000000002 0.025389999999999913
2 0.21679500000000002 0.93408 0.05339000000000002 0.022460000000000035
2 0.9388 0.410645 0.0625 0.09863
4 0.927735 0.34375 0.09245000000000003 0.03320000000000001
4 0.076823 0.3335 0.096354 0.03417999999999999
5 0.208335 0.458985 0.12239 0.019529999999999992
5 0.36197999999999997 0.45947499999999997 0.12240000000000001 0.01855000000000001
5 0.51172 0.46045 0.12240000000000001 0.018559999999999965
5 0.658855 0.46289 0.12239 0.019540000000000002
5 0.80599 0.461425 0.12240000000000006 0.01855000000000001
5 0.072917 0.46484000000000003 0.091146 0.017579999999999985
5 0.21289000000000002 0.6772499999999999 0.1263 0.040039999999999965
5 0.36133000000000004 0.67529 0.12630000000000002 0.040039999999999965
5 0.5149699999999999 0.6762699999999999 0.12629999999999997 0.040039999999999965
5 0.808595 0.6762699999999999 0.12761 0.040039999999999965
5 0.66081 0.67529 0.12630000000000008 0.040039999999999965
8 0.508465 0.180175 0.30859000000000003 0.06542999999999999
9 0.496746 0.25244 0.941408 0.11816000000000002
9 0.5019549999999999 0.68555 0.94141 0.06835999999999998
8 0.24414000000000002 0.243655 0.014320000000000027 0.036129999999999995
8 0.20638 0.24316500000000002 0.01432 0.037110000000000004
8 0.16732 0.24267500000000003 0.01432 0.03613000000000002
8 0.134765 0.241215 0.01433000000000001 0.037110000000000004
8 0.0944 0.246585 0.01432 0.036129999999999995
8 0.2832 0.244145 0.01432 0.037109999999999976
8 0.32096 0.24463000000000001 0.01432 0.03613999999999998
8 0.35807500000000003 0.24463000000000001 0.015629999999999977 0.03613999999999998
8 0.397785 0.24511500000000003 0.014329999999999954 0.037110000000000004
8 0.43555 0.246585 0.01432 0.036129999999999995
8 0.47331 0.246095 0.01432 0.037110000000000004
8 0.5110699999999999 0.24755500000000003 0.01432 0.03613000000000002
8 0.547525 0.249025 0.014330000000000065 0.037109999999999976
8 0.585285 0.249025 0.014330000000000065 0.037109999999999976
8 0.621745 0.250485 0.014329999999999954 0.03613000000000002
8 0.659505 0.250485 0.014329999999999954 0.03613000000000002
8 0.6959599999999999 0.250975 0.01432 0.037110000000000004
8 0.7324200000000001 0.251955 0.01432 0.037109999999999976
8 0.7701800000000001 0.251955 0.01432 0.037109999999999976
8 0.80534 0.251955 0.01432 0.037109999999999976
8 0.8444 0.253415 0.01432 0.036129999999999995
8 0.8730500000000001 0.253415 0.01432 0.036129999999999995
8 0.9081999999999999 0.257325 0.01432 0.03613000000000002
8 0.94596 0.2583 0.011719999999999953 0.036140000000000005
8 0.0559895 0.246095 0.013020999999999998 0.035150000000000015
11 0.44401 0.8466800000000001 0.020840000000000025 0.019540000000000002
11 0.421875 0.846195 0.020830000000000015 0.020510000000000028
11 0.5944050000000001 0.845215 0.019529999999999936 0.020509999999999917
