1 0.5243375 0.5286885 0.946905 0.942623
2 0.5376099999999999 0.29262 0.09292 0.09343999999999997
2 0.2677 0.290165 0.09292 0.09180999999999997
2 0.8030999999999999 0.29508 0.09292 0.09179999999999999
2 0.81416 0.46638999999999997 0.09292 0.10000000000000003
2 0.5376099999999999 0.46310999999999997 0.09292 0.09999999999999998
2 0.26991 0.45983999999999997 0.09291999999999997 0.09999999999999998
2 0.54646 0.64426 0.09292 0.10819999999999996
2 0.26880499999999996 0.641805 0.09512999999999999 0.10982999999999998
2 0.81969 0.6401650000000001 0.09514 0.10982999999999998
2 0.8208 0.8270500000000001 0.09292 0.10984000000000005
2 0.545355 0.82623 0.09512999999999999 0.10819999999999996
2 0.26880499999999996 0.8270500000000001 0.09512999999999999 0.10984000000000005
2 0.272125 0.13770500000000002 0.06637000000000001 0.07541
2 0.53429 0.140985 0.06416 0.07540999999999999
2 0.8031 0.142625 0.07079999999999997 0.06885000000000001
4 0.27323 0.22049000000000002 0.14379999999999998 0.04097999999999999
4 0.544245 0.22213 0.14159000000000005 0.04097999999999999
4 0.80863 0.22705 0.14380000000000004 0.040980000000000016
5 0.27102000000000004 0.339345 0.13496000000000002 0.016390000000000016
5 0.538715 0.343445 0.13495000000000001 0.01802999999999999
5 0.80752 0.345085 0.13273999999999997 0.018030000000000046
5 0.81416 0.519675 0.13274000000000008 0.016389999999999905
5 0.540925 0.517215 0.13052999999999998 0.01802999999999999
5 0.26991 0.513935 0.13274000000000002 0.01802999999999999
5 0.271015 0.7 0.13053000000000003 0.01640000000000008
5 0.54425 0.69918 0.13274000000000002 0.018040000000000056
5 0.8241149999999999 0.69754 0.13052999999999992 0.018039999999999945
5 0.272125 0.8868849999999999 0.13275000000000003 0.016390000000000016
5 0.5508850000000001 0.884425 0.13275000000000003 0.01475000000000004
5 0.8241149999999999 0.883605 0.13495000000000001 0.016390000000000016
7 0.26659 0.637705 0.08628 0.06557000000000002
7 0.265485 0.82213 0.08407 0.06721999999999995
7 0.54093 0.809835 0.08186000000000004 0.039349999999999996
8 0.0785385 0.22131 0.050883000000000005 0.039339999999999986
8 0.978985 0.22951 0.03760999999999992 0.039340000000000014
9 0.5199135 0.21967499999999998 0.933633 0.07868999999999998
9 0.525441 0.74918 0.9358380000000001 0.01968000000000003
9 0.5188035 0.340985 0.931413 0.01311000000000001
