1 0.5019531 0.50226755 0.9960938 0.9954649
2 0.050781 0.38209000000000004 0.044922000000000004 0.21542
2 0.18066 0.38434999999999997 0.04491999999999999 0.21542
2 0.302735 0.38434999999999997 0.04492999999999997 0.21542
2 0.493655 0.41156499999999996 0.04785000000000006 0.2834499999999999
2 0.68506 0.382085 0.04590000000000005 0.21994999999999998
2 0.811035 0.38661999999999996 0.043950000000000045 0.21996
2 0.93701 0.38322 0.04394000000000009 0.21316000000000002
2 0.933595 0.816325 0.042970000000000064 0.18140999999999996
2 0.809085 0.821995 0.04199000000000008 0.17913
2 0.6831050000000001 0.827665 0.043950000000000045 0.18141000000000007
2 0.3042 0.82653 0.043940000000000035 0.17914000000000008
2 0.18506 0.82426 0.04393999999999998 0.17914000000000008
3 0.49463 0.8424050000000001 0.11426000000000003 0.2970499999999999
4 0.050781 0.2483 0.066406 0.07029999999999997
4 0.180175 0.24943 0.07129000000000002 0.07256000000000001
4 0.9370149999999999 0.25170000000000003 0.07128999999999996 0.07256000000000001
4 0.8120149999999999 0.24943 0.07128999999999996 0.07256000000000001
4 0.68701 0.223355 0.08105999999999991 0.11110999999999999
4 0.49609499999999995 0.223355 0.08202999999999999 0.11110999999999999
4 0.302735 0.22449000000000002 0.08593 0.12244000000000002
5 0.050781 0.5102 0.076172 0.05442000000000008
5 0.18164000000000002 0.51247 0.07618 0.054420000000000024
5 0.30322499999999997 0.50907 0.07715 0.04308000000000001
5 0.6870149999999999 0.5068 0.07714999999999994 0.04308000000000001
5 0.811035 0.504535 0.07714999999999994 0.04309000000000002
5 0.936035 0.504535 0.07714999999999994 0.04309000000000002
5 0.934085 0.946715 0.04199000000000008 0.09297
5 0.80566 0.95238 0.04491999999999996 0.0907
5 0.6811499999999999 0.956915 0.04589999999999994 0.08616999999999997
5 0.304685 0.9557800000000001 0.04687000000000002 0.08843999999999996
5 0.18652000000000002 0.95238 0.04491999999999999 0.0907
6 0.49609000000000003 0.539685 0.56836 0.19501000000000002
7 0.30371499999999996 0.333335 0.04297000000000001 0.10885
7 0.49316499999999996 0.31972500000000004 0.04686999999999997 0.08617000000000002
8 0.302245 0.064626 0.08105000000000001 0.034013999999999996
8 0.49463 0.06349199999999999 0.08886 0.036281999999999995
8 0.68457 0.062358000000000004 0.08007999999999993 0.034014
8 0.2417 0.1122455 0.014639999999999986 0.18820900000000002
8 0.36328000000000005 0.108844 0.017579999999999985 0.19501200000000002
8 0.43066499999999996 0.1133765 0.01757000000000003 0.195007
8 0.39697499999999997 0.09750400000000001 0.014649999999999996 0.17233199999999999
8 0.5932649999999999 0.1009065 0.01464999999999994 0.170067
8 0.55908 0.108844 0.016599999999999948 0.19501200000000002
8 0.626465 0.10657515000000001 0.016609999999999903 0.1950097
8 0.746095 0.1099775 0.01562999999999992 0.192745
9 0.50244125 0.07596135 0.9892575 0.1383173
9 0.50293125 0.5839 0.9902375 0.047619999999999996
11 0.11767450000000002 0.6644000000000001 0.092771 0.0635
11 0.0576175 0.81406 0.046875 0.17233999999999994
11 0.368165 0.782315 0.035150000000000015 0.06803000000000003
11 0.368655 0.851475 0.03027000000000002 0.07028999999999996
11 0.404785 0.792515 0.028329999999999966 0.08843000000000001
11 0.40723 0.860545 0.029299999999999993 0.038550000000000084
11 0.587405 0.780045 0.03222999999999998 0.06803000000000003
11 0.628415 0.777775 0.036130000000000106 0.06803000000000003
11 0.6303700000000001 0.84807 0.030279999999999974 0.07255999999999996
11 0.586915 0.84694 0.03320999999999996 0.052159999999999984
11 0.8515649999999999 0.64966 0.17969000000000002 0.07030000000000003
