1 0.39583450000000003 0.50113255 0.747551 0.9931949
2 0.362745 0.3254 0.056369999999999976 0.16099999999999998
2 0.68076 0.32993 0.057599999999999985 0.161
2 0.679535 0.587305 0.05759000000000003 0.15873000000000004
2 0.35968 0.588435 0.057599999999999985 0.16099000000000008
2 0.35845499999999997 0.851475 0.057589999999999975 0.16098999999999997
2 0.679535 0.854875 0.05515000000000003 0.17232999999999998
2 0.84804 0.36053999999999997 0.05391999999999997 0.14965999999999996
2 0.84804 0.6043050000000001 0.05391999999999997 0.15193
2 0.8468100000000001 0.8480700000000001 0.05392000000000008 0.14966000000000002
2 0.522675 0.096373 0.042890000000000095 0.129254
2 0.36580500000000005 0.1020385 0.03309000000000001 0.08616299999999999
2 0.180145 0.096373 0.03921000000000002 0.129254
2 0.20037 0.307255 0.03064 0.16552999999999998
2 0.196075 0.577095 0.02940999999999999 0.16553
2 0.197305 0.84694 0.02940999999999999 0.16554000000000002
2 0.102329 0.28458 0.040442000000000006 0.13832
2 0.11764450000000001 0.55669 0.03921100000000001 0.16554000000000002
2 0.072304 0.558955 0.039215999999999994 0.16552999999999995
2 0.11764450000000001 0.845805 0.03921100000000001 0.16781000000000001
2 0.069853 0.84467 0.039216 0.16554000000000002
2 0.496935 0.3288 0.04535 0.16326000000000002
2 0.54596 0.339005 0.04044000000000003 0.18367
2 0.50061 0.588435 0.04044000000000003 0.16099000000000008
2 0.549635 0.6122449999999999 0.03798999999999997 0.19501000000000002
2 0.49816 0.8560099999999999 0.047799999999999954 0.17006
2 0.549635 0.87075 0.04779 0.19954000000000005
2 0.6844399999999999 0.114515 0.035540000000000016 0.07937000000000001
4 0.843135 0.5181450000000001 0.10048999999999997 0.07483000000000006
4 0.6758599999999999 0.23582999999999998 0.08945999999999998 0.054419999999999996
4 0.36151999999999995 0.23582999999999998 0.08088000000000001 0.054419999999999996
4 0.35906499999999997 0.49206 0.09559000000000001 0.054420000000000024
4 0.518995 0.22562500000000002 0.13112999999999997 0.03855
4 0.35233000000000003 0.721085 0.10171999999999998 0.08162999999999998
4 0.675245 0.7267600000000001 0.10048999999999997 0.08389999999999997
4 0.8474250000000001 0.738095 0.11397000000000002 0.0975100000000001
4 0.6813750000000001 0.49319999999999997 0.09069000000000005 0.047619999999999996
4 0.08272 0.685945 0.11642 0.07482999999999995
5 0.35723 0.67347 0.09436 0.03173999999999999
5 0.6776949999999999 0.680275 0.09558999999999995 0.031750000000000056
5 0.8480399999999999 0.683675 0.08823999999999999 0.034009999999999985
5 0.680145 0.96485 0.0833299999999999 0.06122000000000005
5 0.8468150000000001 0.95465 0.10538999999999998 0.07255999999999996
5 0.8468100000000001 0.44331 0.07598000000000005 0.029480000000000006
5 0.520835 0.172335 0.07843000000000006 0.04535
6 0.495715 0.44218 0.21201000000000003 0.20408000000000004
6 0.49080499999999994 0.7142850000000001 0.21200999999999998 0.20409
6 0.49448499999999995 0.94331 0.21200999999999998 0.10430000000000006
2 0.97855 0.575965 0.04044000000000003 0.13605
2 0.976105 0.827665 0.042890000000000095 0.15419000000000005
7 0.976105 0.825395 0.03798999999999997 0.11790999999999996
7 0.5239 0.064626 0.035540000000000016 0.029478000000000004
7 0.18076 0.053288 0.035540000000000016 0.038548
7 0.683825 0.106574 0.029409999999999936 0.058952000000000004
8 0.093749 0.39456 0.09926200000000002 0.036280000000000034
9 0.49939 0.418365 0.5183800000000001 0.034009999999999985
9 0.504905 0.6746049999999999 0.51961 0.034009999999999985
9 0.5 0.7596350000000001 0.5196000000000001 0.031750000000000056
9 0.512255 0.22789 0.5196099999999999 0.034019999999999995
9 0.49939 0.942175 0.5183800000000001 0.034009999999999985
10 0.0349265 0.274375 0.015931 0.13604999999999998
10 0.150125 0.277775 0.01593 0.12924999999999998
10 0.031863 0.55669 0.014706 0.13378
10 0.148285 0.558955 0.01471 0.13379000000000002
10 0.147675 0.83787 0.01593 0.14286
10 0.9405600000000001 0.56576 0.013480000000000047 0.13832000000000005
10 0.9424 0.827665 0.014699999999999935 0.13605
10 0.882355 0.851475 0.012250000000000094 0.12924999999999998
10 0.8125 0.849205 0.012259999999999938 0.12924999999999998
10 0.033700999999999995 0.34580500000000003 0.020834 0.011330000000000007
10 0.150125 0.34807 0.020829999999999987 0.011340000000000017
10 0.14828000000000002 0.630385 0.022059999999999996 0.009070000000000022
10 0.031863 0.628115 0.019608000000000004 0.009070000000000022
10 0.14583000000000002 0.917235 0.022059999999999996 0.01587000000000005
10 0.81189 0.9195 0.013479999999999936 0.011340000000000017
10 0.88297 0.9206350000000001 0.013480000000000047 0.009070000000000022
10 0.9405600000000001 0.639455 0.018379999999999952 0.009069999999999911
10 0.94179 0.902495 0.018380000000000063 0.013610000000000011
10 0.0349265 0.19501000000000002 0.018382999999999997 0.022680000000000006
10 0.150735 0.19841 0.01960999999999999 0.024940000000000018
10 0.0324755 0.47506000000000004 0.020833 0.029480000000000006
10 0.14828000000000002 0.477325 0.022059999999999996 0.029469999999999996
10 0.147055 0.75397 0.024510000000000004 0.024939999999999962
10 0.9405650000000001 0.48753 0.020830000000000015 0.01813999999999999
10 0.94179 0.75057 0.02083999999999997 0.018139999999999934
10 0.81189 0.774375 0.018380000000000063 0.02041000000000004
10 0.882355 0.77551 0.019609999999999905 0.018140000000000045
