1 0.515625 0.4691205 0.96875 0.9119590000000001
2 0.13916 0.32062999999999997 0.06348 0.17608
2 0.22314499999999998 0.32194500000000004 0.06347 0.17609000000000002
2 0.419435 0.325885 0.06347000000000003 0.17344999999999997
2 0.58154 0.325885 0.06348000000000009 0.17344999999999997
2 0.7456050000000001 0.32523 0.06347000000000003 0.17214
2 0.94678 0.318 0.06347999999999998 0.17345999999999998
2 0.137205 0.6563749999999999 0.06542999999999999 0.18003000000000002
2 0.225095 0.6583399999999999 0.06542999999999999 0.18133999999999995
2 0.417485 0.65703 0.06542999999999999 0.17345999999999995
2 0.7446250000000001 0.658345 0.06542999999999999 0.17345
2 0.948735 0.655715 0.0654300000000001 0.17345
2 0.135745 0.84954 0.025389999999999982 0.03548000000000007
2 0.41747999999999996 0.835745 0.026359999999999995 0.03416999999999992
2 0.746095 0.817345 0.025389999999999913 0.034170000000000034
3 0.581545 0.7155050000000001 0.08887 0.29829000000000006
4 0.1826175 0.19185 0.203125 0.08410000000000001
4 0.41797 0.19908 0.125 0.08542
4 0.58301 0.19908 0.125 0.08542
4 0.75049 0.19841999999999999 0.12402000000000002 0.08409999999999998
4 0.94531 0.18791 0.10938000000000003 0.08410000000000001
5 0.1796855 0.42707 0.19530899999999995 0.04730000000000001
5 0.418455 0.43167 0.11620999999999998 0.04862
5 0.581545 0.43167 0.11621000000000004 0.04862
5 0.748535 0.43167 0.11621000000000004 0.04862
5 0.9458 0.43364 0.10643999999999998 0.052559999999999996
5 0.179199 0.759525 0.19824200000000003 0.03678999999999999
5 0.41846 0.760845 0.12012 0.04204999999999992
5 0.74658 0.75624 0.12012 0.04074
5 0.946285 0.754275 0.10547000000000006 0.02890999999999999
9 0.516603 0.48751999999999995 0.957034 0.04468
9 0.518066 0.0781885 0.958008 0.119583
10 0.30225 0.31472 0.04004000000000002 0.19054000000000001
10 0.06396450000000001 0.31471499999999997 0.040039000000000005 0.19317
10 0.30127000000000004 0.44021 0.04199999999999998 0.06308000000000002
10 0.0634765 0.441525 0.041015 0.06306999999999996
10 0.871585 0.31472 0.036130000000000106 0.19054000000000001
10 0.874025 0.44021 0.0410100000000001 0.06308000000000002
10 0.063965 0.153088 0.041991999999999995 0.12746400000000002
10 0.30176000000000003 0.15506 0.04102 0.12878
10 0.872555 0.15506 0.04198999999999997 0.12878
