1 0.50089125 0.511719 0.9982175 0.976562
2 0.819075 0.891115 0.10160999999999998 0.10448999999999997
2 0.6007100000000001 0.890625 0.11052000000000006 0.10350999999999999
2 0.390375 0.890135 0.11051000000000005 0.10448999999999997
2 0.17647 0.890135 0.11052 0.10448999999999997
2 0.811945 0.6870149999999999 0.10516999999999999 0.10449000000000008
2 0.601605 0.68457 0.1087300000000001 0.09766000000000008
2 0.390375 0.6831050000000001 0.11051000000000005 0.10059000000000007
2 0.17736 0.68506 0.11586 0.10254000000000008
2 0.8164 0.48485999999999996 0.10338000000000003 0.10254000000000002
2 0.599825 0.48485999999999996 0.1051700000000001 0.10254000000000002
2 0.38859 0.48485999999999996 0.11408000000000001 0.10254000000000002
2 0.173795 0.48291 0.11586999999999999 0.10643999999999998
2 0.81551 0.29491999999999996 0.10873999999999995 0.07812000000000002
2 0.59893 0.294925 0.10696000000000006 0.07616999999999996
2 0.38770499999999997 0.29541 0.10517000000000004 0.07713999999999999
2 0.17557999999999999 0.29491999999999996 0.10873999999999999 0.07812000000000002
4 0.180035 0.58496 0.11764999999999999 0.05274000000000001
4 0.397505 0.58496 0.11765000000000003 0.05274000000000001
4 0.8288800000000001 0.58789 0.12478 0.05274000000000001
4 0.6131899999999999 0.58789 0.12478 0.05274000000000001
8 0.11675450000000001 0.160645 0.037431000000000006 0.06933
8 0.24688 0.16113 0.03744 0.06836
8 0.37878500000000004 0.16161999999999999 0.03743000000000002 0.06933999999999998
8 0.506235 0.16016000000000002 0.03564999999999996 0.06836
8 0.6319049999999999 0.16309 0.03742999999999996 0.06836
8 0.758465 0.1626 0.03742999999999996 0.06934000000000001
8 0.893045 0.1626 0.03564999999999996 0.06934000000000001
9 0.501784 0.130861 0.978612 0.11523800000000001
9 0.5053464999999999 0.786625 0.964347 0.11034999999999995
9 0.51159 0.95801 0.8164 0.03320000000000001
10 0.082888 0.67871 0.058823999999999994 0.10938000000000003
10 0.9206799999999999 0.683595 0.05881999999999998 0.10937000000000008
10 0.71747 0.681155 0.055259999999999976 0.10645000000000004
10 0.49911000000000005 0.680175 0.05348000000000003 0.10645000000000004
10 0.2861 0.681155 0.05526000000000003 0.10645000000000004
10 0.285205 0.8867149999999999 0.05347000000000002 0.11133000000000004
10 0.49911000000000005 0.8867149999999999 0.05348000000000003 0.11133000000000004
10 0.71658 0.8867149999999999 0.05347999999999997 0.11133000000000004
10 0.081103 0.884765 0.05525399999999999 0.11133000000000004
10 0.92781 0.885745 0.055259999999999976 0.11132999999999993
10 0.077538 0.608395 0.090904 0.03125
10 0.287875 0.61084 0.10516999999999999 0.03613999999999995
10 0.503565 0.609865 0.10517000000000004 0.036129999999999995
10 0.7263850000000001 0.6113299999999999 0.1051700000000001 0.03320000000000001
10 0.933155 0.61182 0.10516999999999999 0.03417999999999999
10 0.0793215 0.9550799999999999 0.09803700000000001 0.029299999999999993
10 0.947415 0.9550799999999999 0.09803000000000006 0.029299999999999993
