2 0.34961 0.57662 0.044920000000000015 0.10963999999999996
1 0.5083025 0.499341 0.979495 0.861298
2 0.099121 0.34148 0.045897999999999994 0.10699999999999998
2 0.22803 0.3428 0.04589999999999997 0.10436000000000001
2 0.34863 0.34346 0.04491999999999996 0.10568
2 0.100099 0.575295 0.04590200000000001 0.11229
2 0.229 0.57596 0.045899999999999996 0.11095999999999995
2 0.48633 0.3395 0.04491999999999996 0.10303999999999996
2 0.63525 0.33884000000000003 0.04590000000000005 0.10964000000000002
2 0.78223 0.33884000000000003 0.04492000000000007 0.10435999999999995
2 0.48633 0.573975 0.04491999999999996 0.11229
2 0.63672 0.573315 0.04491999999999996 0.11097000000000001
2 0.782715 0.572655 0.0458900000000001 0.10965000000000003
2 0.92285 0.34346 0.04491999999999996 0.10568
2 0.9238299999999999 0.57662 0.04687999999999992 0.10963999999999996
4 0.487795 0.48481 0.08105000000000001 0.05812000000000006
4 0.6401399999999999 0.48943000000000003 0.07910000000000006 0.05680000000000002
4 0.784665 0.48414999999999997 0.08300999999999992 0.05679999999999996
2 0.0981425 0.834215 0.045895000000000005 0.11229
2 0.229 0.832895 0.045899999999999996 0.11229
2 0.35009999999999997 0.834215 0.045899999999999996 0.11229
2 0.78174 0.832895 0.04590000000000005 0.11229
2 0.48584 0.832895 0.04589999999999994 0.11229
2 0.20801 0.14861000000000002 0.027339999999999975 0.022460000000000008
2 0.47363 0.15257500000000002 0.02734000000000003 0.022449999999999998
2 0.9741200000000001 0.14993499999999998 0.024419999999999997 0.019810000000000022
8 0.635745 0.17173 0.05858999999999992 0.05548
4 0.20751999999999998 0.125495 0.04979999999999998 0.02377
4 0.47656 0.12682 0.05077999999999999 0.023779999999999996
4 0.97119 0.12682 0.049800000000000066 0.023779999999999996
8 0.640625 0.6684300000000001 0.14063000000000003 0.07662000000000002
9 0.511717 0.23712 0.968746 0.062079999999999996
9 0.5107405 0.6948449999999999 0.970699 0.03962999999999994
10 0.56201 0.360635 0.01855999999999991 0.12417
10 0.7094750000000001 0.35799000000000003 0.018549999999999955 0.12418000000000001
10 0.5625 0.43130999999999997 0.023439999999999905 0.019820000000000004
10 0.7099599999999999 0.429985 0.023440000000000016 0.019809999999999994
10 0.561035 0.282035 0.024409999999999932 0.033030000000000004
10 0.71045 0.28203500000000004 0.024419999999999997 0.030389999999999973
10 0.55078 0.809115 0.01758000000000004 0.09114999999999995
10 0.728515 0.809115 0.02149000000000001 0.09114999999999995
10 0.5512699999999999 0.7516499999999999 0.020500000000000074 0.023780000000000023
10 0.727535 0.75099 0.025390000000000024 0.02510000000000001
10 0.5356449999999999 0.7529699999999999 0.010749999999999926 0.02642
10 0.7431650000000001 0.7516499999999999 0.003909999999999969 0.02642
10 0.5376 0.812415 0.006839999999999957 0.09247000000000005
10 0.74219 0.810435 0.005859999999999976 0.09115000000000006
