2 0.205075 0.32666 0.04297000000000001 0.05566000000000004
2 0.20573 0.4292 0.052080000000000015 0.05565999999999999
2 0.29557500000000003 0.326175 0.044269999999999976 0.054690000000000016
2 0.386065 0.32715 0.04297000000000001 0.05274000000000001
2 0.29491999999999996 0.4292 0.05077999999999999 0.05565999999999999
2 0.38672 0.42871000000000004 0.052080000000000015 0.054680000000000006
2 0.47526 0.32666 0.044279999999999986 0.05566000000000004
2 0.565105 0.32666 0.04427000000000003 0.05371999999999999
2 0.47461 0.42969 0.05077999999999999 0.05663999999999997
2 0.56445 0.4292 0.05078000000000005 0.05565999999999999
2 0.653645 0.32666 0.04427000000000003 0.05566000000000004
2 0.742185 0.32666 0.04427000000000003 0.05371999999999999
2 0.653645 0.42969 0.05208999999999997 0.05663999999999997
2 0.740885 0.42969 0.04686999999999997 0.05663999999999997
2 0.20443 0.5390649999999999 0.052080000000000015 0.06054999999999999
2 0.29427000000000003 0.54004 0.05207999999999996 0.06054000000000004
2 0.20507999999999998 0.6626 0.05338000000000001 0.06347999999999998
2 0.29492 0.66309 0.05337999999999998 0.0625
2 0.38542 0.54004 0.049480000000000024 0.06054000000000004
2 0.47396 0.54004 0.04947999999999997 0.06054000000000004
2 0.385415 0.66309 0.054690000000000016 0.0625
2 0.47396 0.66309 0.052080000000000015 0.0625
2 0.5638000000000001 0.54004 0.052080000000000015 0.06054000000000004
2 0.652995 0.54004 0.05079 0.06054000000000004
2 0.5638000000000001 0.663575 0.052080000000000015 0.06347000000000003
2 0.652995 0.66309 0.055989999999999984 0.0625
2 0.740885 0.539555 0.04686999999999997 0.05957000000000001
2 0.741535 0.66309 0.048169999999999935 0.0625
2 0.653645 0.7880849999999999 0.03907000000000005 0.07030999999999998
2 0.7447900000000001 0.7880849999999999 0.039059999999999984 0.07030999999999998
2 0.472005 0.7880849999999999 0.04037000000000002 0.07030999999999998
2 0.56315 0.7876 0.04036000000000006 0.06933999999999996
2 0.384765 0.78711 0.04036999999999996 0.07031999999999994
2 0.29362 0.78711 0.04036000000000001 0.07031999999999994
2 0.20377499999999998 0.78711 0.04036999999999999 0.07031999999999994
1 0.422526 0.59326 0.7669279999999999 0.7685599999999999
2 0.11588699999999999 0.5390649999999999 0.05208600000000001 0.06054999999999999
2 0.115883 0.42822000000000005 0.04947399999999999 0.05565999999999999
2 0.116536 0.326175 0.042968000000000006 0.054690000000000016
2 0.8990849999999999 0.34423499999999996 0.09504999999999997 0.07715
2 0.8990849999999999 0.456055 0.09504999999999997 0.07421
2 0.72656 0.251955 0.0625 0.02148999999999998
2 0.64323 0.25293 0.0625 0.021480000000000027
2 0.56055 0.25293 0.06119999999999992 0.021480000000000027
2 0.47526 0.25293 0.0625 0.021480000000000027
2 0.39193 0.251955 0.0625 0.02148999999999998
2 0.309245 0.25293 0.06118999999999997 0.021480000000000027
2 0.22460999999999998 0.251955 0.061200000000000004 0.02148999999999998
2 0.14193 0.251955 0.0625 0.02148999999999998
2 0.0657555 0.251955 0.045572999999999995 0.02148999999999998
2 0.9056 0.23047 0.08463999999999994 0.03516
2 0.902995 0.57031 0.09505000000000008 0.07421999999999995
3 0.384115 0.93652 0.07812999999999998 0.08007999999999993
6 0.4199225 0.253415 0.759115 0.03222999999999998
8 0.382815 0.8779300000000001 0.09634999999999999 0.039059999999999984
9 0.4205735 0.31738 0.757813 0.08984000000000003
9 0.4225255 0.70801 0.7565090000000001 0.041019999999999945
11 0.241535 0.878415 0.13410999999999998 0.03223000000000009
11 0.23697999999999997 0.935055 0.14844 0.07714999999999994
11 0.509115 0.885745 0.09895000000000004 0.013670000000000071
11 0.72331 0.885255 0.07421999999999995 0.014650000000000052
11 0.616535 0.87939 0.07161000000000006 0.0283199999999999
11 0.52148 0.9355450000000001 0.13672 0.08202999999999994
11 0.704425 0.93164 0.14063000000000003 0.06835999999999998
8 0.61719 0.858885 0.33854000000000006 0.020510000000000028
