1 0.49947465 0.513645 0.9968507 0.79901
2 0.21616 0.281635 0.018880000000000008 0.08685000000000001
2 0.33211 0.281635 0.019940000000000013 0.08685000000000001
2 0.216685 0.485115 0.019930000000000003 0.08684999999999998
2 0.33316 0.487595 0.019940000000000013 0.08685000000000004
2 0.21773 0.691065 0.019940000000000013 0.08684999999999998
2 0.333685 0.688585 0.018890000000000018 0.0868500000000001
2 0.93337 0.67866 0.019939999999999958 0.08684000000000003
2 0.81532 0.681145 0.018880000000000008 0.0868500000000001
2 0.81794 0.470225 0.01994000000000007 0.08685000000000004
2 0.93547 0.46774499999999997 0.019939999999999958 0.08685000000000004
2 0.936515 0.255585 0.019930000000000003 0.09429000000000001
2 0.815845 0.259305 0.019930000000000003 0.09180999999999997
2 0.139035 0.28536 0.04303 0.09429999999999997
2 0.14008 0.493795 0.04302000000000002 0.09428999999999998
2 0.139035 0.6960299999999999 0.04303 0.09677999999999998
2 0.141135 0.87469 0.030429999999999985 0.07196000000000002
2 0.27387 0.385855 0.03988000000000003 0.10172999999999999
2 0.27597 0.59181 0.03988000000000003 0.10174000000000005
2 0.413955 0.282875 0.04303000000000001 0.09428999999999998
2 0.415005 0.488835 0.04303000000000001 0.09428999999999998
2 0.413955 0.69479 0.04303000000000001 0.09430000000000005
2 0.73295 0.26427 0.04302000000000006 0.09678
2 0.734525 0.476425 0.046170000000000044 0.09428999999999998
2 0.73295 0.683625 0.04722000000000004 0.09677000000000002
2 0.8767050000000001 0.367245 0.04093000000000002 0.10421000000000002
2 0.8756550000000001 0.57816 0.04093000000000002 0.10421999999999998
2 0.669465 0.26675 0.044070000000000054 0.10669999999999999
2 0.669465 0.48263 0.044070000000000054 0.10670000000000002
2 0.668415 0.69107 0.044070000000000054 0.10670000000000002
2 0.510495 0.6997500000000001 0.061909999999999965 0.09926000000000001
2 0.510495 0.491315 0.061909999999999965 0.09924999999999995
2 0.504195 0.28288 0.06191000000000002 0.09925999999999996
2 0.40871 0.8722049999999999 0.05562 0.05210999999999999
2 0.507345 0.8597999999999999 0.02623000000000003 0.02729999999999999
2 0.6558200000000001 0.862285 0.027280000000000082 0.027290000000000036
2 0.7371449999999999 0.8697250000000001 0.05561000000000005 0.05210999999999999
2 0.22035500000000002 0.8697250000000001 0.01679 0.05210999999999999
3 0.276495 0.8163750000000001 0.03883000000000003 0.16872999999999994
3 0.8746050000000001 0.8101750000000001 0.03883000000000003 0.17120999999999997
6 0.142185 0.366005 0.05980999999999999 0.11166999999999999
6 0.14271 0.5744400000000001 0.05875999999999999 0.11165999999999998
6 0.142185 0.776675 0.05980999999999999 0.09428999999999998
6 0.4213 0.367245 0.07450000000000001 0.11414999999999997
6 0.421825 0.578165 0.07135000000000002 0.09924999999999995
6 0.421825 0.7853600000000001 0.07135000000000002 0.10174000000000005
6 0.7502599999999999 0.34863500000000003 0.08814 0.12159000000000003
6 0.7492099999999999 0.565755 0.08814 0.11414999999999997
6 0.746065 0.780395 0.08814999999999995 0.09676999999999991
7 0.46957000000000004 0.28164 0.022040000000000004 0.10173999999999997
7 0.50997 0.28288 0.020980000000000054 0.10422000000000001
7 0.53043 0.28412000000000004 0.019939999999999958 0.10174
7 0.490035 0.49131500000000006 0.018889999999999962 0.09429000000000004
7 0.509965 0.49131500000000006 0.018890000000000073 0.09429000000000004
7 0.5299050000000001 0.49007500000000004 0.018889999999999962 0.09181
7 0.46852000000000005 0.69479 0.019940000000000013 0.09926000000000001
7 0.55404 0.69479 0.02307999999999999 0.10421999999999998
7 0.6374599999999999 0.26799 0.02203999999999995 0.10917999999999997
7 0.70042 0.26675 0.02203999999999995 0.11165999999999998
7 0.7019949999999999 0.47891000000000006 0.023089999999999944 0.10422000000000003
7 0.63851 0.47891000000000006 0.02204000000000006 0.10422000000000003
7 0.65845 0.6910700000000001 0.01994000000000007 0.10174000000000005
7 0.67943 0.69231 0.019939999999999958 0.09926000000000001
9 0.50157195 0.16129 0.9842561000000001 0.0794
