1 0.5036205 0.5014624999999999 0.930039 0.971675
2 0.1079615 0.23389000000000001 0.049457 0.0791
2 0.21713 0.23389000000000001 0.05066000000000001 0.0791
2 0.32449 0.23486500000000002 0.05066000000000004 0.08105000000000001
2 0.43184500000000003 0.234375 0.053070000000000006 0.08006999999999997
2 0.541015 0.234375 0.05186999999999997 0.08006999999999997
2 0.64837 0.23486 0.04946000000000006 0.07909999999999998
2 0.813025 0.229 0.04100999999999999 0.0791
2 0.86429 0.22949 0.042219999999999924 0.08007999999999998
2 0.10735650000000001 0.389645 0.04824700000000001 0.08202999999999999
2 0.21592 0.389645 0.05065999999999998 0.08202999999999999
2 0.32509 0.389645 0.049460000000000004 0.08202999999999999
2 0.431845 0.389645 0.05066999999999999 0.08202999999999999
2 0.5404100000000001 0.390135 0.05066000000000004 0.08301000000000003
2 0.647165 0.389645 0.049449999999999994 0.08202999999999999
2 0.864895 0.38183500000000004 0.04342999999999997 0.07812999999999998
2 0.811215 0.38086 0.03981000000000001 0.07617999999999997
2 0.1079615 0.54785 0.049457 0.08398000000000005
2 0.21532 0.547365 0.04704 0.08301000000000003
2 0.32449 0.546875 0.05066000000000004 0.08203000000000005
2 0.431845 0.547365 0.05066999999999999 0.08301000000000003
2 0.5404100000000001 0.547365 0.05066000000000004 0.08301000000000003
2 0.6483749999999999 0.546875 0.05186999999999997 0.08203000000000005
2 0.1079615 0.71582 0.049457 0.08397999999999994
2 0.216525 0.714845 0.049449999999999994 0.08399000000000001
2 0.32509 0.714845 0.049460000000000004 0.08399000000000001
2 0.43184500000000003 0.715335 0.053070000000000006 0.08300999999999992
2 0.541615 0.714355 0.05066999999999999 0.08301000000000003
2 0.65018 0.714355 0.05066000000000004 0.08301000000000003
2 0.812425 0.71289 0.03981000000000001 0.08397999999999994
2 0.8649 0.71338 0.0458400000000001 0.08299999999999996
2 0.8685149999999999 0.543945 0.04342999999999997 0.08593000000000006
2 0.8124199999999999 0.543945 0.042220000000000035 0.08593000000000006
3 0.43064 0.901855 0.07719999999999999 0.15137
4 0.1055475 0.33496000000000004 0.09770500000000001 0.027339999999999975
4 0.21652500000000002 0.334475 0.09770999999999999 0.026370000000000005
4 0.326295 0.33691499999999996 0.09770999999999996 0.03321000000000002
4 0.433655 0.33691499999999996 0.10013 0.039069999999999994
4 0.54101 0.33691499999999996 0.10011999999999999 0.03711000000000003
4 0.65078 0.33740000000000003 0.10011999999999999 0.034180000000000044
4 0.8419749999999999 0.33301000000000003 0.15198999999999996 0.03319999999999995
4 0.1091655 0.48242 0.10252899999999998 0.039059999999999984
4 0.21652500000000002 0.48291 0.09770999999999999 0.03808
4 0.327505 0.48192999999999997 0.10253000000000001 0.04004000000000002
4 0.435465 0.481445 0.10133000000000003 0.037109999999999976
4 0.54343 0.481935 0.10011999999999999 0.03808999999999996
4 0.650785 0.481445 0.1025299999999999 0.037109999999999976
4 0.8431850000000001 0.476565 0.15681 0.048829999999999985
5 0.107358 0.6025400000000001 0.08926399999999998 0.03320000000000001
5 0.214715 0.6040000000000001 0.08684999999999998 0.03417999999999999
5 0.32509 0.6015600000000001 0.08564 0.03515999999999997
5 0.43245 0.604005 0.08564000000000005 0.036129999999999995
5 0.5398050000000001 0.601565 0.08323000000000003 0.03125
5 0.648975 0.60205 0.08926999999999996 0.032220000000000026
5 0.841375 0.603025 0.14595000000000002 0.036129999999999995
5 0.10796249999999999 0.770995 0.08323499999999999 0.03222999999999998
5 0.220145 0.771485 0.07841000000000004 0.03320999999999996
5 0.326295 0.769535 0.07840999999999998 0.03125
5 0.43184999999999996 0.768065 0.08444000000000002 0.03027000000000002
5 0.54162 0.769045 0.07719999999999994 0.03027000000000002
5 0.651385 0.7700199999999999 0.07960999999999996 0.032220000000000026
5 0.841375 0.768555 0.12424999999999997 0.03125
6 0.10977200000000001 0.288085 0.060315999999999995 0.035150000000000015
6 0.21713 0.287595 0.06032000000000001 0.03027000000000002
6 0.324485 0.28711 0.06273000000000001 0.029299999999999993
6 0.43245 0.28955 0.05910000000000004 0.03221999999999997
6 0.542825 0.28857 0.06272999999999995 0.028320000000000012
6 0.65078 0.287595 0.06152000000000002 0.03027000000000002
6 0.837755 0.28174 0.11458999999999997 0.030279999999999974
8 0.8425849999999999 0.066406 0.11700999999999995 0.041016000000000004
6 0.755125 0.0756835 0.04100999999999999 0.026367
6 0.93004 0.0756835 0.03859999999999997 0.026367
9 0.5036200000000001 0.146975 0.9035000000000001 0.09277
9 0.5078385 0.31494 0.916763 0.03808
9 0.50603 0.62207 0.90832 0.08983999999999992
9 0.503618 0.78809 0.920384 0.06835999999999998
5 0.10675499999999999 0.938965 0.07117 0.03416999999999992
5 0.21592 0.938475 0.07238 0.035149999999999904
5 0.32509 0.936035 0.07600000000000001 0.03223000000000009
5 0.543425 0.934575 0.07358999999999993 0.03125
5 0.652595 0.938475 0.06996999999999998 0.035149999999999904
5 0.843785 0.94043 0.12183 0.041020000000000056
10 0.838965 0.890625 0.013270000000000004 0.052729999999999944
10 0.8377600000000001 0.919435 0.015680000000000027 0.004890000000000061
10 0.83836 0.859865 0.02171999999999996 0.008790000000000076
10 0.89686 0.50391 0.015679999999999916 0.011719999999999953
10 0.8401700000000001 0.50391 0.015680000000000027 0.011719999999999953
10 0.785285 0.503905 0.014469999999999983 0.009769999999999945
10 0.785285 0.53174 0.009649999999999936 0.04590000000000005
10 0.840775 0.532715 0.009650000000000047 0.0458900000000001
10 0.896265 0.532715 0.009649999999999936 0.0458900000000001
10 0.78528 0.570315 0.01205999999999996 0.03125
10 0.840165 0.5708 0.013270000000000004 0.030279999999999974
10 0.896865 0.5708 0.010850000000000026 0.030279999999999974
10 0.95175 0.24219 0.014480000000000048 0.10937999999999998
10 0.904705 0.243165 0.01689000000000007 0.11132999999999998
10 0.7774399999999999 0.24219 0.015680000000000027 0.10937999999999998
10 0.731005 0.2417 0.01689000000000007 0.1084
10 0.71592 0.24316500000000002 0.010860000000000092 0.10937
10 0.69059 0.247555 0.015680000000000027 0.11035
10 0.6097699999999999 0.247555 0.015680000000000027 0.11035
10 0.5832299999999999 0.24756 0.015680000000000027 0.10839999999999997
10 0.47467000000000004 0.247555 0.015679999999999972 0.11035
10 0.501205 0.247555 0.018089999999999995 0.11035
10 0.39264 0.248045 0.015680000000000027 0.11132999999999998
10 0.3661 0.247555 0.015679999999999972 0.11035
10 0.28287 0.24560500000000002 0.015680000000000027 0.11424999999999999
10 0.258745 0.24560500000000002 0.018089999999999967 0.11424999999999999
10 0.17611500000000002 0.247555 0.01688999999999999 0.11035
10 0.15018 0.247555 0.018100000000000005 0.11035
10 0.067551 0.24756 0.016887999999999993 0.10839999999999997
10 0.048251 0.24756 0.016888 0.10839999999999997
10 0.00723765 0.253415 0.012062699999999999 0.11621000000000001
10 0.017491 0.25342 0.008444 0.11426
10 0.0199035 0.320315 0.008442999999999999 0.019529999999999992
10 0.008444150000000001 0.320315 0.014475700000000001 0.019529999999999992
10 0.00784065 0.17285 0.0132687 0.044920000000000015
10 0.0199035 0.17334 0.010857 0.04394000000000001
10 0.048251 0.187985 0.016888 0.008789999999999992
10 0.068154 0.188475 0.018094000000000006 0.009770000000000001
10 0.14958 0.1875 0.01930000000000001 0.011720000000000008
10 0.17551499999999998 0.1875 0.02051 0.011720000000000008
10 0.258145 0.18554500000000002 0.021710000000000007 0.007810000000000011
10 0.28347 0.18506 0.019299999999999984 0.006840000000000013
10 0.366105 0.1875 0.018089999999999995 0.009759999999999991
10 0.39324499999999996 0.1875 0.019309999999999994 0.009759999999999991
10 0.47467 0.18799 0.018100000000000005 0.01074
10 0.501205 0.18799 0.020510000000000028 0.01074
10 0.5838399999999999 0.18799 0.019299999999999984 0.01074
10 0.60977 0.18799 0.018100000000000005 0.01074
10 0.69119 0.188475 0.019299999999999984 0.009770000000000001
10 0.71592 0.184085 0.010860000000000092 0.00879000000000002
10 0.7316050000000001 0.182615 0.020509999999999917 0.009770000000000001
10 0.7774449999999999 0.18213000000000001 0.020509999999999917 0.01074
10 0.9047000000000001 0.182615 0.019299999999999984 0.009770000000000001
10 0.951145 0.18164 0.01808999999999994 0.011720000000000008
10 0.963815 0.18408000000000002 0.009649999999999936 0.01074
10 0.963815 0.243165 0.009649999999999936 0.10742999999999997
