1 0.496158 0.49902399999999997 0.922064 0.957032
2 0.169045 0.15576 0.043910000000000005 0.05176
2 0.41273 0.169435 0.03952 0.07129000000000002
2 0.49944999999999995 0.16992000000000002 0.039519999999999944 0.07226000000000002
2 0.574095 0.169435 0.041710000000000025 0.07129000000000002
2 0.659715 0.17041 0.041710000000000025 0.07128000000000001
2 0.7371000000000001 0.17089500000000002 0.04061999999999999 0.07031000000000001
2 0.826565 0.171385 0.041709999999999914 0.07128999999999999
2 0.901755 0.171875 0.040610000000000035 0.07030999999999998
2 0.0933025 0.27880499999999997 0.048295000000000005 0.08300999999999997
2 0.33864 0.168945 0.04061999999999999 0.07031000000000001
2 0.336445 0.320805 0.040610000000000035 0.07715
2 0.41273499999999996 0.32128999999999996 0.04170999999999997 0.07617999999999997
2 0.4989 0.32177500000000003 0.040619999999999934 0.07715
2 0.573545 0.322265 0.040610000000000035 0.07617000000000002
2 0.658615 0.322755 0.041710000000000025 0.07518999999999998
2 0.736005 0.323245 0.040610000000000035 0.07616999999999996
2 0.82437 0.30469 0.04172000000000009 0.04102
2 0.901205 0.30664 0.041710000000000025 0.04102
2 0.0922085 0.44531 0.048303 0.08398
2 0.336445 0.4751 0.042810000000000015 0.07520000000000004
2 0.411635 0.4751 0.03950999999999999 0.07520000000000004
2 0.49945000000000006 0.476075 0.041720000000000035 0.07715000000000005
2 0.573 0.47705000000000003 0.03952 0.07520000000000004
2 0.6608149999999999 0.47705 0.041710000000000025 0.07713999999999999
2 0.735455 0.47705 0.039510000000000045 0.07713999999999999
2 0.826565 0.46435499999999996 0.041709999999999914 0.047850000000000004
2 0.901205 0.46533 0.041710000000000025 0.04980000000000001
2 0.0922085 0.611815 0.048303 0.08301000000000003
2 0.336995 0.6313500000000001 0.041710000000000025 0.07520000000000004
2 0.41109 0.6318349999999999 0.03842000000000001 0.07616999999999996
2 0.498355 0.6318349999999999 0.04170999999999997 0.07616999999999996
2 0.573 0.632325 0.03952 0.07715000000000005
2 0.660265 0.6318349999999999 0.040610000000000035 0.07616999999999996
2 0.7343550000000001 0.632815 0.041710000000000025 0.07813000000000003
2 0.824915 0.625975 0.042810000000000015 0.06054999999999999
2 0.901755 0.626465 0.040610000000000035 0.061529999999999974
2 0.1663 0.78418 0.04720000000000002 0.07617999999999991
2 0.33809 0.785155 0.04171999999999998 0.07616999999999996
2 0.412185 0.785155 0.04060999999999998 0.07616999999999996
2 0.6630050000000001 0.785155 0.041710000000000025 0.07616999999999996
2 0.736005 0.784665 0.042810000000000015 0.07714999999999994
2 0.8276650000000001 0.7856449999999999 0.043910000000000005 0.07714999999999994
2 0.901755 0.786135 0.040610000000000035 0.07616999999999996
2 0.198685 0.30566499999999996 0.026349999999999985 0.09571000000000002
2 0.198135 0.625 0.025249999999999995 0.08983999999999992
2 0.197585 0.46338 0.024150000000000005 0.09081999999999996
2 0.53732 0.78223 0.04061999999999999 0.0625
3 0.53732 0.90918 0.06475999999999993 0.11718000000000006
4 0.092206 0.213865 0.081228 0.04687000000000002
4 0.3326 0.26465 0.07904 0.03515999999999997
4 0.41108500000000003 0.26514 0.07793 0.03417999999999999
4 0.49561 0.265625 0.08014000000000004 0.035150000000000015
4 0.57355 0.2666 0.07573999999999992 0.03516
4 0.65642 0.26758000000000004 0.07904 0.035160000000000025
4 0.735455 0.2666 0.07903000000000004 0.03516
4 0.82327 0.26709 0.07683999999999991 0.03417999999999999
4 0.901205 0.268065 0.07903000000000004 0.03222999999999998
4 0.33205 0.42041 0.07794000000000001 0.03417999999999999
4 0.40999 0.41992 0.07794000000000001 0.03320000000000001
4 0.49395999999999995 0.42041 0.07683999999999996 0.032220000000000026
4 0.57245 0.421875 0.07573999999999992 0.03320999999999996
4 0.65642 0.421875 0.07684000000000002 0.03320999999999996
4 0.7338100000000001 0.421875 0.07794000000000001 0.03320999999999996
4 0.0905595 0.37744 0.08452099999999999 0.049799999999999955
5 0.334795 0.37012 0.07245000000000001 0.029299999999999993
5 0.411085 0.370605 0.07355 0.026370000000000005
5 0.49561 0.36963 0.07353999999999994 0.026359999999999995
5 0.5719000000000001 0.371095 0.07463999999999993 0.027349999999999985
5 0.65532 0.370605 0.07684000000000002 0.026370000000000005
5 0.734905 0.371095 0.07355 0.025390000000000024
5 0.332605 0.52539 0.07245000000000001 0.02734000000000003
5 0.40944 0.52539 0.07244 0.02734000000000003
5 0.497255 0.5248999999999999 0.07024999999999998 0.028320000000000012
5 0.57245 0.52588 0.07353999999999994 0.02635999999999994
5 0.6580699999999999 0.527345 0.07354000000000005 0.029289999999999927
5 0.73655 0.52783 0.07684000000000002 0.028320000000000012
6 0.09549750000000001 0.33838 0.081225 0.04004000000000002
6 0.196485 0.358885 0.043910000000000005 0.04198999999999997
6 0.0955005 0.5014649999999999 0.06805900000000001 0.03416999999999998
6 0.19813 0.52051 0.03842000000000001 0.03320000000000001
6 0.091109 0.6699200000000001 0.065862 0.03515999999999997
6 0.197585 0.677735 0.03733 0.03125
6 0.8507100000000001 0.36914 0.19977999999999996 0.08983999999999998
6 0.8507100000000001 0.53711 0.21075999999999995 0.10156000000000004
6 0.84797 0.6987300000000001 0.20087999999999995 0.09277999999999997
8 0.16575499999999999 0.11914 0.03513000000000002 0.02148
8 0.33809 0.12207000000000001 0.02854000000000001 0.021480000000000013
8 0.41383000000000003 0.12256 0.026339999999999975 0.022459999999999994
8 0.50055 0.12304499999999999 0.028540000000000065 0.021489999999999995
8 0.5757399999999999 0.12304499999999999 0.02524000000000004 0.021489999999999995
8 0.6602600000000001 0.124515 0.02964 0.02051
8 0.73491 0.12451000000000001 0.02964 0.022459999999999994
8 0.824915 0.125485 0.025249999999999995 0.02051
8 0.9017599999999999 0.125485 0.02964 0.02051
8 0.0894615 0.5581050000000001 0.029636999999999997 0.024409999999999932
8 0.335345 0.58154 0.025249999999999995 0.022460000000000035
8 0.411635 0.58154 0.02635000000000004 0.022460000000000035
8 0.49616000000000005 0.5825199999999999 0.019760000000000055 0.022460000000000035
8 0.5719 0.58301 0.01976 0.023440000000000016
8 0.6608149999999999 0.583005 0.024150000000000005 0.025390000000000024
8 0.7343550000000001 0.5834999999999999 0.024150000000000005 0.022460000000000035
8 0.82437 0.58301 0.01755999999999991 0.023440000000000016
8 0.900655 0.5825199999999999 0.023050000000000015 0.020500000000000074
8 0.88584 0.402345 0.08121999999999996 0.05859000000000003
8 0.804065 0.402835 0.08233000000000001 0.05957000000000001
9 0.4956075 0.07470850000000001 0.909985 0.096683
9 0.49341599999999997 0.216795 0.903408 0.03125
9 0.4945095 0.522465 0.912181 0.08202999999999999
9 0.4912195 0.6928749999999999 0.905601 0.05957000000000001
9 0.4906715 0.851075 0.917677 0.05957000000000001
11 0.16190949999999998 0.905275 0.24698099999999998 0.13866999999999996
11 0.778265 0.84863 0.21075 0.03516000000000008
11 0.6383099999999999 0.8432599999999999 0.02744000000000002 0.03808
11 0.69484 0.897945 0.03732000000000002 0.053709999999999924
11 0.7749699999999999 0.89795 0.04609999999999992 0.05566000000000004
11 0.864985 0.896485 0.032929999999999904 0.054690000000000016
11 0.93633 0.90625 0.02854000000000001 0.03516000000000008
2 0.6580699999999999 0.9296850000000001 0.04061999999999999 0.06445000000000001
2 0.73436 0.930175 0.03952 0.06542999999999999
2 0.9023049999999999 0.92871 0.037329999999999974 0.0625
3 0.8249200000000001 0.927735 0.0494 0.08593000000000006
