4 0.3151 0.329105 0.13802 0.03125
2 0.28906 0.374515 0.03645999999999999 0.05957000000000001
2 0.347005 0.375 0.035150000000000015 0.06054000000000004
2 0.44922 0.375485 0.039059999999999984 0.05957000000000001
2 0.55534 0.375 0.037759999999999905 0.06054000000000004
4 0.446615 0.328615 0.08073000000000002 0.03027000000000002
4 0.554035 0.329105 0.07943 0.03125
4 0.6582049999999999 0.328615 0.07943 0.03027000000000002
2 0.658855 0.375975 0.03907000000000005 0.06054999999999999
2 0.8105500000000001 0.37255499999999997 0.04818 0.059569999999999956
4 0.813805 0.313475 0.10677000000000003 0.035150000000000015
4 0.8112 0.45703000000000005 0.07811999999999997 0.017579999999999985
4 0.810545 0.57031 0.08462999999999998 0.041020000000000056
2 0.8112 0.495605 0.04947999999999997 0.05957000000000001
2 0.8105500000000001 0.634765 0.04818 0.09179000000000004
2 0.8105500000000001 0.7636700000000001 0.04818 0.09570000000000001
2 0.809245 0.877445 0.04296999999999995 0.06542999999999999
2 0.658855 0.8793949999999999 0.04686999999999997 0.06738999999999995
2 0.55534 0.8793949999999999 0.037759999999999905 0.06738999999999995
2 0.55534 0.62207 0.04036000000000006 0.0625
2 0.658855 0.62207 0.03907000000000005 0.0625
2 0.55534 0.750975 0.04036000000000006 0.06640999999999997
2 0.658205 0.751465 0.04037000000000002 0.06738999999999995
2 0.55534 0.498045 0.04036000000000006 0.06054999999999999
2 0.6575500000000001 0.498045 0.03646000000000005 0.06054999999999999
4 0.55534 0.45996000000000004 0.0663999999999999 0.015620000000000023
4 0.6582049999999999 0.46094 0.06640999999999997 0.017579999999999985
4 0.55469 0.57422 0.07552000000000003 0.041019999999999945
4 0.6581999999999999 0.5737300000000001 0.07682 0.041999999999999926
4 0.448565 0.458985 0.06901000000000002 0.01757000000000003
4 0.446615 0.5737300000000001 0.07812999999999998 0.041999999999999926
4 0.31771000000000005 0.45947000000000005 0.12240000000000001 0.016600000000000004
4 0.317055 0.5727500000000001 0.13150999999999996 0.040039999999999965
2 0.290365 0.497555 0.03384999999999999 0.05957000000000001
2 0.34765500000000005 0.497555 0.03384999999999999 0.05957000000000001
2 0.289715 0.63672 0.035150000000000015 0.08984000000000003
2 0.34635499999999997 0.63672 0.03384999999999999 0.08984000000000003
2 0.44857 0.497555 0.04036000000000001 0.05957000000000001
2 0.44857 0.62158 0.04036000000000001 0.06152000000000002
2 0.44857 0.751465 0.04036000000000001 0.06738999999999995
2 0.44987 0.8793949999999999 0.05337999999999998 0.06738999999999995
3 0.31901 0.900875 0.054680000000000006 0.11034999999999995
2 0.3457 0.765135 0.03515999999999997 0.09472999999999998
2 0.28906 0.765135 0.03645999999999999 0.09472999999999998
1 0.4811205 0.549315 0.8606790000000001 0.8154300000000001
4 0.180335 0.32861 0.08202999999999999 0.03417999999999999
4 0.0865875 0.330565 0.06640499999999999 0.036129999999999995
4 0.183595 0.458495 0.07291 0.01855000000000001
4 0.183595 0.571775 0.08073 0.04198999999999997
5 0.18229 0.535645 0.07292000000000001 0.02246999999999999
5 0.44791499999999995 0.535155 0.06770999999999999 0.019529999999999936
5 0.552735 0.5366200000000001 0.06901000000000002 0.01856000000000002
5 0.32031 0.535645 0.12240000000000001 0.020510000000000028
5 0.658855 0.5366200000000001 0.06771000000000005 0.01856000000000002
5 0.8105450000000001 0.53369 0.07943 0.01855999999999991
5 0.55469 0.791505 0.0625 0.014650000000000052
5 0.45052 0.791505 0.0625 0.014650000000000052
5 0.65755 0.79248 0.0625 0.014639999999999986
5 0.183595 0.79199 0.06770999999999999 0.01758000000000004
6 0.18294 0.417965 0.07422000000000001 0.03125
6 0.284505 0.418945 0.06640999999999997 0.029289999999999983
6 0.35156 0.41797 0.06509999999999999 0.029299999999999993
6 0.448565 0.41797 0.06640999999999997 0.029299999999999993
6 0.55599 0.418945 0.07031999999999994 0.029289999999999983
6 0.660155 0.41992 0.07030999999999998 0.029299999999999993
6 0.8144549999999999 0.413575 0.10547000000000006 0.032230000000000036
6 0.8125 0.674805 0.1197999999999999 0.07813000000000003
6 0.658855 0.66699 0.07030999999999998 0.03515999999999997
6 0.555335 0.66797 0.06901000000000002 0.03320000000000001
6 0.444665 0.6709 0.06900999999999996 0.03320000000000001
6 0.17838500000000002 0.6650400000000001 0.07031000000000001 0.03320000000000001
6 0.30143 0.67627 0.17578 0.07713999999999999
6 0.302735 0.811525 0.16537 0.06640999999999997
6 0.8138 0.811035 0.11197999999999997 0.06933
8 0.565105 0.29296999999999995 0.007809999999999984 0.02148
8 0.6484350000000001 0.29346 0.007809999999999984 0.022460000000000035
8 0.66732 0.293945 0.009120000000000017 0.02149000000000001
8 0.717445 0.28906 0.007810000000000095 0.02148
8 0.73633 0.28857 0.009120000000000017 0.022460000000000035
8 0.802735 0.28857 0.009109999999999951 0.022460000000000035
8 0.821615 0.28711 0.007809999999999984 0.02148
8 0.8854150000000001 0.288085 0.007809999999999984 0.02149000000000001
8 0.904945 0.28857 0.007810000000000095 0.022460000000000035
8 0.546875 0.29296999999999995 0.007810000000000095 0.02148
8 0.45703000000000005 0.29346 0.007819999999999994 0.022460000000000035
8 0.43945500000000004 0.29346 0.009110000000000007 0.022460000000000035
8 0.307295 0.29247999999999996 0.007809999999999984 0.02245999999999998
8 0.32552000000000003 0.29247999999999996 0.007819999999999994 0.02245999999999998
8 0.17448 0.29296999999999995 0.007819999999999994 0.02148
8 0.19336 0.2915 0.009120000000000017 0.02245999999999998
8 0.0846355 0.29346 0.007813 0.022460000000000035
8 0.06835949999999999 0.293945 0.009114999999999998 0.02149000000000001
8 0.130859 0.296875 0.076822 0.01366999999999996
8 0.25065000000000004 0.297855 0.10286000000000001 0.013670000000000015
8 0.382815 0.296875 0.10416999999999998 0.01366999999999996
8 0.5019549999999999 0.297365 0.07943 0.012689999999999979
8 0.60677 0.296875 0.07291999999999998 0.01366999999999996
8 0.6914100000000001 0.296875 0.039059999999999984 0.01366999999999996
8 0.770185 0.29248 0.05339000000000005 0.014639999999999986
8 0.852215 0.29198999999999997 0.05338999999999994 0.015620000000000023
8 0.13280999999999998 0.35985999999999996 0.026039999999999994 0.02245999999999998
8 0.23828 0.36084 0.026040000000000035 0.022460000000000035
8 0.39648 0.36182000000000003 0.024739999999999984 0.02245999999999998
8 0.50065 0.35985999999999996 0.02474000000000004 0.02245999999999998
8 0.60742 0.35985999999999996 0.024739999999999984 0.02245999999999998
8 0.7239599999999999 0.464355 0.02084000000000008 0.03222999999999998
8 0.896485 0.46338 0.019530000000000047 0.032220000000000026
8 0.502605 0.44628999999999996 0.02865000000000001 0.015620000000000023
8 0.55534 0.4458 0.02734000000000003 0.014640000000000042
8 0.60807 0.44677500000000003 0.026040000000000063 0.014649999999999996
8 0.658205 0.4458 0.027349999999999985 0.014640000000000042
8 0.69922 0.44628999999999996 0.023440000000000016 0.015620000000000023
8 0.76237 0.44189500000000004 0.02733999999999992 0.014649999999999996
8 0.81185 0.44189500000000004 0.02734000000000003 0.014649999999999996
8 0.85677 0.442875 0.026039999999999952 0.014649999999999996
8 0.44857 0.444825 0.027339999999999975 0.012690000000000035
8 0.397785 0.44628999999999996 0.027349999999999985 0.015620000000000023
8 0.347005 0.444825 0.027349999999999985 0.014649999999999996
8 0.28841 0.44433500000000004 0.02734000000000003 0.013670000000000015
8 0.23828 0.4458 0.02864 0.014640000000000042
8 0.18555 0.444825 0.027340000000000003 0.014649999999999996
8 0.13216 0.445315 0.02733999999999999 0.013670000000000015
8 0.52734 0.44531 0.013020000000000032 0.015620000000000023
8 0.5800799999999999 0.4458 0.01432 0.014640000000000042
8 0.63151 0.44628999999999996 0.013020000000000032 0.015620000000000023
8 0.67969 0.44531 0.013020000000000032 0.015620000000000023
8 0.78711 0.442875 0.011719999999999953 0.014649999999999996
8 0.7324200000000001 0.442875 0.011720000000000064 0.014649999999999996
8 0.83529 0.44189500000000004 0.011719999999999953 0.014649999999999996
8 0.8886700000000001 0.44189500000000004 0.011720000000000064 0.014649999999999996
8 0.421875 0.4458 0.013029999999999986 0.014640000000000042
8 0.36914 0.444825 0.011720000000000008 0.014649999999999996
8 0.315755 0.444825 0.011709999999999998 0.014649999999999996
8 0.26107 0.4458 0.011720000000000008 0.014640000000000042
8 0.20768 0.4458 0.011720000000000008 0.014640000000000042
8 0.472005 0.444825 0.011709999999999998 0.014649999999999996
8 0.1543 0.444825 0.011720000000000008 0.014649999999999996
8 0.100911 0.444825 0.011718000000000006 0.014649999999999996
9 0.48242 0.441895 0.8528600000000001 0.03222999999999998
9 0.4804665 0.27832 0.8567670000000001 0.06053999999999998
9 0.479166 0.6831050000000001 0.8437479999999999 0.06933
9 0.480469 0.805175 0.851562 0.04784999999999995
10 0.210285 0.38817999999999997 0.006510000000000016 0.034180000000000044
10 0.160805 0.388185 0.006510000000000016 0.03222999999999998
10 0.266275 0.388185 0.006510000000000016 0.03222999999999998
10 0.10286400000000001 0.38622999999999996 0.0078119999999999995 0.03028000000000003
10 0.3125 0.38817999999999997 0.00782000000000005 0.034180000000000044
10 0.322915 0.38867 0.007809999999999984 0.03320000000000001
10 0.369145 0.38867 0.006510000000000016 0.03320000000000001
10 0.42317499999999997 0.388185 0.007810000000000039 0.03222999999999998
10 0.472655 0.38916 0.007809999999999984 0.032220000000000026
10 0.529945 0.387205 0.007810000000000095 0.03809000000000001
10 0.5794250000000001 0.388185 0.007809999999999984 0.036129999999999995
10 0.633465 0.38916 0.006509999999999905 0.03417999999999999
10 0.6816450000000001 0.38916 0.006509999999999905 0.03417999999999999
10 0.77409 0.36963 0.009119999999999906 0.057620000000000005
10 0.84961 0.36914 0.009120000000000017 0.05663999999999997
10 0.102212 0.367185 0.011716000000000004 0.007809999999999984
10 0.160805 0.36865000000000003 0.009110000000000007 0.006840000000000013
10 0.20963500000000002 0.367675 0.010410000000000003 0.006830000000000003
10 0.36849 0.36816499999999996 0.010419999999999985 0.007810000000000039
10 0.322265 0.36816499999999996 0.009110000000000007 0.007810000000000039
10 0.31120000000000003 0.367185 0.01042000000000004 0.007809999999999984
10 0.26693 0.36914 0.010419999999999985 0.007819999999999994
10 0.472655 0.36914 0.01041000000000003 0.007819999999999994
10 0.42318 0.36865000000000003 0.010419999999999985 0.006840000000000013
10 0.634115 0.36865000000000003 0.01041000000000003 0.006840000000000013
10 0.683595 0.36865000000000003 0.01040999999999992 0.006840000000000013
10 0.578775 0.367675 0.009110000000000062 0.0048900000000000055
10 0.5292950000000001 0.366695 0.009110000000000062 0.002929999999999988
10 0.8489599999999999 0.33496 0.01301999999999992 0.009759999999999991
10 0.77344 0.33545 0.013020000000000032 0.010740000000000027
2 0.18814999999999998 0.87842 0.05338000000000001 0.06738
