1 0.5257000000000001 0.58603 0.8047000000000001 0.81174
2 0.63583 0.32692 0.09397999999999995 0.15182
2 0.44347000000000003 0.323885 0.09398000000000001 0.15385
2 0.667405 0.59615 0.05727000000000004 0.15181999999999995
2 0.541115 0.5981799999999999 0.05726999999999993 0.15181999999999995
2 0.41483499999999995 0.5981799999999999 0.05726999999999999 0.15181999999999995
2 0.29589 0.554655 0.045520000000000005 0.07286999999999999
2 0.7797350000000001 0.550605 0.046989999999999976 0.07286999999999999
2 0.779 0.88259 0.08075999999999994 0.15383999999999998
2 0.29147999999999996 0.891705 0.08664 0.15586999999999995
2 0.540385 0.861335 0.04404999999999992 0.06274999999999997
3 0.63069 0.9089050000000001 0.06901999999999997 0.15788999999999997
3 0.44567 0.9068849999999999 0.06901999999999997 0.15788999999999997
5 0.296625 0.59413 0.07929000000000003 0.022260000000000058
5 0.7797350000000001 0.5900799999999999 0.07928999999999997 0.022260000000000058
5 0.6703399999999999 0.6751 0.08663999999999994 0.018220000000000014
5 0.542585 0.6751 0.08662999999999998 0.018220000000000014
5 0.41335999999999995 0.67814 0.08664 0.020240000000000036
5 0.7797350000000001 0.96255 0.10866999999999993 0.022259999999999946
5 0.29589 0.97166 0.10720000000000002 0.020240000000000036
5 0.541115 0.89777 0.07194999999999996 0.018220000000000014
5 0.632895 0.40182 0.12041000000000002 0.018220000000000014
5 0.443465 0.40688 0.12040999999999996 0.02023999999999998
7 0.372985 0.31984 0.046989999999999976 0.15789999999999998
7 0.51175 0.32084999999999997 0.04846 0.15992
7 0.5682849999999999 0.323885 0.046989999999999976 0.15789000000000003
7 0.70411 0.31984 0.045520000000000005 0.1498
7 0.307635 0.55567 0.022029999999999994 0.06679999999999997
7 0.285605 0.55567 0.019089999999999996 0.06679999999999997
7 0.7900149999999999 0.55162 0.020549999999999957 0.06679999999999997
7 0.768725 0.55162 0.01909000000000005 0.06679999999999997
7 0.36931 0.594125 0.030840000000000034 0.15586999999999995
7 0.46035000000000004 0.592105 0.030840000000000034 0.15586999999999995
7 0.49706000000000006 0.594125 0.030840000000000034 0.15586999999999995
7 0.58664 0.594125 0.03084000000000009 0.15586999999999995
7 0.624815 0.594125 0.024969999999999937 0.15586999999999995
7 0.71292 0.594125 0.027900000000000036 0.15586999999999995
7 0.31351 0.8916999999999999 0.03964000000000001 0.15181999999999995
7 0.272395 0.89271 0.04259000000000002 0.14979999999999993
7 0.801025 0.8805700000000001 0.03671000000000002 0.14980000000000004
7 0.762115 0.8805700000000001 0.04110999999999998 0.14980000000000004
9 0.532305 0.474695 0.78267 0.08705000000000002
