1 0.50250625 0.49609328 0.9949875 0.99023344
2 0.152882 0.092773 0.150376 0.04101400000000001
2 0.49373500000000003 0.091306 0.14537000000000005 0.041988
2 0.842105 0.0898445 0.14537 0.042970999999999995
2 0.1591505 0.20507999999999998 0.157899 0.05860000000000001
2 0.5 0.2041 0.15789999999999998 0.058599999999999985
2 0.842105 0.200195 0.16040999999999994 0.05859
2 0.48746999999999996 0.33447499999999997 0.12279999999999996 0.07519000000000003
2 0.15162799999999999 0.333985 0.122804 0.07421
2 0.818295 0.33496000000000004 0.12281000000000009 0.07422000000000001
2 0.81579 0.43848 0.12280000000000002 0.07422000000000001
2 0.47995 0.43945 0.12280000000000002 0.07422000000000001
2 0.15162799999999999 0.43799 0.122804 0.07519999999999999
2 0.81579 0.53809 0.12280000000000002 0.06835999999999998
2 0.48245499999999997 0.53809 0.12281000000000003 0.06835999999999998
2 0.150378 0.53711 0.120304 0.06835999999999998
2 0.150378 0.640625 0.120304 0.06834999999999991
2 0.48746999999999996 0.640625 0.12279999999999996 0.06834999999999991
2 0.81454 0.6416 0.12029999999999996 0.06836000000000009
3 0.48621499999999995 0.90674 0.18546999999999997 0.1435599999999999
2 0.154135 0.76953 0.09774999999999999 0.04687999999999992
2 0.830825 0.770995 0.09775 0.04784999999999995
4 0.8295699999999999 0.6064449999999999 0.24060000000000004 0.054690000000000016
4 0.155389 0.6025400000000001 0.24060199999999998 0.05467999999999995
4 0.49123 0.59473 0.24060000000000004 0.06835999999999998
6 0.84085 0.6904300000000001 0.18296 0.029299999999999993
6 0.49624500000000005 0.6894499999999999 0.18045000000000005 0.029299999999999993
6 0.164161 0.688475 0.18295799999999998 0.029289999999999927
6 0.49373500000000003 0.01416005 0.27067 0.024413900000000002
6 0.81704 0.01416005 0.27068000000000003 0.024413900000000002
6 0.1691705 0.01416005 0.27317899999999995 0.024413900000000002
8 0.50501 0.764645 0.55388 0.08203000000000005
9 0.503757 0.138675 0.972426 0.06641000000000001
9 0.503757 0.053711 0.972426 0.02539000000000001
9 0.50501 0.251465 0.96992 0.045889999999999986
9 0.5025055 0.71045 0.9799490000000001 0.01856000000000002
10 0.329575 0.20313 0.04261000000000004 0.0625
10 0.6729350000000001 0.20215 0.042609999999999926 0.058599999999999985
10 0.3208 0.48291 0.09524000000000005 0.33106
10 0.660405 0.483885 0.09272999999999998 0.33105000000000007
10 0.97118 0.484375 0.047619999999999996 0.32813000000000003
10 0.028822 0.48193 0.037594 0.32910000000000006
10 0.32706500000000005 0.6762699999999999 0.14787 0.05565999999999993
10 0.66416 0.676755 0.15037999999999996 0.054689999999999905
10 0.95865 0.67578 0.07268000000000008 0.05663999999999991
10 0.0401004 0.67578 0.06516319999999999 0.05663999999999991
10 0.31955 0.29003999999999996 0.14286 0.054680000000000006
10 0.66291 0.291015 0.14286 0.05468999999999996
10 0.961155 0.29004 0.06767000000000001 0.058599999999999985
10 0.043859499999999996 0.28808500000000004 0.067669 0.058589999999999975
10 0.32957000000000003 0.16162500000000002 0.07268000000000002 0.02051
10 0.67544 0.162595 0.07267999999999997 0.02051
10 0.36466 0.889645 0.03760000000000002 0.15039000000000002
10 0.285715 0.8911100000000001 0.035089999999999955 0.15332
10 0.62782 0.8925799999999999 0.03759999999999997 0.1543
10 0.70426 0.8925799999999999 0.03508 0.1543
10 0.70426 0.978515 0.05011999999999994 0.017569999999999975
10 0.62782 0.97803 0.047619999999999996 0.01660000000000006
10 0.286965 0.976075 0.05263000000000001 0.016610000000000014
10 0.36717 0.97412 0.057640000000000025 0.016599999999999948
11 0.15539 0.9042950000000001 0.09523999999999999 0.13866999999999996
11 0.83709 0.910155 0.09523999999999999 0.13866999999999996
