1 0.49839015 0.5476775 0.9935597 0.904645
2 0.0764895 0.13447 0.046699 0.03912
2 0.297905 0.13325 0.03543000000000002 0.03177999999999999
2 0.359095 0.132025 0.04186999999999996 0.03423
2 0.70451 0.130805 0.03059999999999996 0.03179
2 0.90177 0.13814 0.028980000000000006 0.04156
2 0.88084 0.031785 0.022540000000000004 0.02445
2 0.37439500000000003 0.25305500000000003 0.07246999999999998 0.10025
2 0.50322 0.25305500000000003 0.07245999999999997 0.10025
2 0.6755249999999999 0.25427500000000003 0.07246999999999992 0.10269
2 0.19726 0.2555 0.07246 0.10024
2 0.19404 0.473105 0.07246 0.10024999999999995
2 0.37117500000000003 0.47066 0.07246999999999998 0.10024
2 0.50322 0.473105 0.07245999999999997 0.10024999999999995
2 0.6723 0.46943500000000005 0.07245999999999997 0.10269
2 0.6731050000000001 0.6833750000000001 0.07084999999999997 0.10025000000000006
2 0.49678 0.6858200000000001 0.07245999999999997 0.10024
2 0.36795500000000003 0.687045 0.07246999999999998 0.10268999999999995
2 0.19243 0.687045 0.07246 0.10268999999999995
2 0.6723 0.899755 0.07245999999999997 0.10268999999999995
2 0.1876 0.9034249999999999 0.07246 0.10025000000000006
2 0.909825 0.48533 0.06119000000000008 0.11492000000000002
2 0.971015 0.48777499999999996 0.04508999999999996 0.11003000000000002
2 0.911435 0.696825 0.06119000000000008 0.10268999999999995
5 0.19163 0.5244500000000001 0.10949999999999999 0.026900000000000035
5 0.36554 0.5244500000000001 0.10949999999999999 0.026900000000000035
5 0.5 0.52812 0.10143999999999997 0.019560000000000022
5 0.673915 0.52812 0.10144999999999993 0.019560000000000022
5 0.673915 0.73839 0.10144999999999993 0.019560000000000022
5 0.49355499999999997 0.74083 0.10144999999999998 0.019560000000000022
5 0.36956500000000003 0.73839 0.10144999999999998 0.019560000000000022
5 0.194045 0.7432799999999999 0.10144999999999998 0.01955999999999991
5 0.18841 0.95844 0.10305999999999998 0.019560000000000022
5 0.67472 0.9486600000000001 0.10305999999999993 0.01955999999999991
6 0.89855 0.530565 0.19323999999999997 0.10269000000000006
6 0.8937200000000001 0.7591699999999999 0.19323999999999997 0.10024
6 0.47262499999999996 0.16137 0.11432999999999999 0.029340000000000005
7 0.177135 0.25183500000000003 0.03220999999999999 0.10269
7 0.214975 0.25428 0.03381000000000001 0.0978
7 0.316425 0.25183500000000003 0.03703000000000001 0.10269
7 0.427535 0.25183500000000003 0.03703000000000001 0.10269
7 0.48551 0.25305500000000003 0.03703999999999996 0.09534999999999999
7 0.5571649999999999 0.25183500000000003 0.03542999999999996 0.10269
7 0.616745 0.25183500000000003 0.03543000000000007 0.10269
7 0.72947 0.25427500000000003 0.03542000000000001 0.10269
7 0.69082 0.46944 0.032200000000000006 0.0978
7 0.6570050000000001 0.46944 0.03220999999999996 0.0978
7 0.55797 0.473105 0.03381999999999996 0.10512999999999995
7 0.42673 0.46821500000000005 0.03542000000000001 0.10513
7 0.44364000000000003 0.473105 0.03382000000000002 0.10512999999999995
7 0.31401 0.47065999999999997 0.03542000000000001 0.10513999999999996
7 0.21256 0.47066 0.03542000000000001 0.09536
7 0.177135 0.473105 0.03542999999999999 0.09535000000000005
7 0.13285 0.68582 0.040260000000000004 0.10514000000000001
7 0.24718 0.688265 0.04025999999999999 0.10512999999999995
7 0.38566999999999996 0.6870400000000001 0.03382000000000002 0.0978
7 0.351045 0.6870400000000001 0.03542999999999996 0.0978
7 0.43881000000000003 0.68704 0.03704000000000002 0.10758000000000001
7 0.55475 0.6833750000000001 0.03703999999999996 0.11002999999999996
7 0.61433 0.68215 0.03704000000000007 0.10758000000000001
7 0.730275 0.68215 0.03703000000000001 0.10758000000000001
7 0.72866 0.89731 0.03703999999999996 0.1075799999999999
7 0.6159399999999999 0.89976 0.03704000000000007 0.10758000000000001
7 0.168275 0.9034249999999999 0.030590000000000006 0.09534999999999993
7 0.203705 0.9034249999999999 0.03703000000000001 0.09534999999999993
9 0.5032215 0.374085 0.974237 0.07335000000000003
9 0.43800150000000004 0.179705 0.737517 0.03666999999999998
