1 0.500499 0.50097655 0.995022 0.9980469
2 0.0692235 0.09912099999999999 0.060757 0.12011799999999999
2 0.32918000000000003 0.09521299999999999 0.06075999999999998 0.120114
2 0.1997 0.0961915 0.06076000000000001 0.120117
2 0.48058 0.09521299999999999 0.06075999999999998 0.120114
2 0.6309750000000001 0.0961915 0.06074999999999997 0.120117
2 0.7639400000000001 0.09912099999999999 0.059759999999999924 0.12011799999999999
2 0.8939250000000001 0.101073 0.06074999999999997 0.120114
2 0.890935 0.320315 0.06074999999999997 0.13477
2 0.766435 0.31836 0.06074999999999997 0.13476000000000005
2 0.635955 0.317875 0.06074999999999997 0.13379000000000002
2 0.48456 0.31543 0.06075999999999998 0.13476
2 0.331175 0.31543 0.06074999999999997 0.13476
2 0.19870500000000002 0.31738500000000003 0.06075 0.13477
2 0.07022049999999999 0.31884500000000005 0.060758999999999994 0.13379000000000002
2 0.0761965 0.568845 0.06872700000000001 0.14940999999999993
2 0.20468 0.56787 0.06872 0.14942000000000005
2 0.33217 0.568845 0.06872 0.14940999999999993
2 0.48556 0.5668949999999999 0.06872000000000006 0.14940999999999993
2 0.6319699999999999 0.5693349999999999 0.06872 0.14842999999999995
2 0.76444 0.5693349999999999 0.06872 0.14842999999999995
2 0.888445 0.56738 0.06374999999999997 0.14843999999999996
3 0.48207 0.86328 0.12349999999999994 0.25976
4 0.067729 0.01660145 0.099602 0.019531100000000003
4 0.1997 0.0136721 0.1006 0.019531800000000002
4 0.33267 0.01220685 0.10558000000000001 0.0185543
4 0.483565 0.011230549999999999 0.10459000000000002 0.0185549
4 0.63845 0.01269535 0.10558000000000001 0.019531299999999998
4 0.76942 0.0146484 0.10458 0.019531200000000002
4 0.89592 0.01708975 0.10458 0.0185545
4 0.071217 0.24072499999999997 0.114546 0.059569999999999984
4 0.201195 0.23828 0.11753000000000002 0.06639999999999999
4 0.331175 0.239255 0.11653000000000002 0.06640999999999997
4 0.48456 0.240235 0.11654000000000003 0.06641000000000002
4 0.63994 0.241695 0.11653999999999998 0.06542999999999999
4 0.773405 0.24462499999999998 0.11653000000000002 0.06542999999999999
4 0.900895 0.24707 0.11653000000000002 0.06640000000000001
4 0.076196 0.461425 0.12848800000000002 0.04199000000000003
4 0.207175 0.461425 0.12749 0.04199000000000003
4 0.337645 0.45947499999999997 0.12749000000000005 0.04199000000000003
4 0.48555499999999996 0.461425 0.12848999999999994 0.04199000000000003
4 0.640935 0.45996000000000004 0.13246999999999998 0.04687999999999998
4 0.77042 0.46240000000000003 0.12650000000000006 0.045899999999999996
4 0.898905 0.46191499999999996 0.12649 0.04687000000000002
5 0.079182 0.6630849999999999 0.12051600000000001 0.04883000000000004
5 0.20966 0.6655249999999999 0.12051999999999999 0.04785000000000006
5 0.336155 0.66455 0.12051 0.047860000000000014
5 0.48755000000000004 0.6630849999999999 0.12052000000000002 0.04883000000000004
5 0.6389450000000001 0.6630849999999999 0.12051 0.04883000000000004
5 0.8909400000000001 0.661625 0.12052000000000007 0.04784999999999995
5 0.76544 0.66211 0.12051999999999996 0.048819999999999975
9 0.501493 0.181155 0.981074 0.047850000000000004
9 0.49950205000000003 0.388185 0.9810759 0.024410000000000043
9 0.500496 0.67041 0.9770880000000001 0.07128000000000001
10 0.15836499999999998 0.5688500000000001 0.01394999999999999 0.13770000000000004
10 0.121015 0.56836 0.01294999999999999 0.13671999999999995
10 0.0313745 0.56836 0.012949000000000002 0.13671999999999995
10 0.25099499999999997 0.5688500000000001 0.01394999999999999 0.13770000000000004
10 0.28685000000000005 0.5688500000000001 0.013940000000000008 0.13770000000000004
10 0.381975 0.5688500000000001 0.012950000000000017 0.13770000000000004
10 0.439745 0.56787 0.012950000000000017 0.13769999999999993
10 0.533365 0.5688500000000001 0.012950000000000017 0.13770000000000004
10 0.5916349999999999 0.5688500000000001 0.013950000000000018 0.13770000000000004
10 0.6842649999999999 0.57031 0.013950000000000018 0.13671999999999995
10 0.720615 0.57031 0.012950000000000017 0.13671999999999995
10 0.8127500000000001 0.57031 0.013939999999999952 0.13671999999999995
10 0.848605 0.5712900000000001 0.013950000000000018 0.13672000000000006
10 0.93426 0.5708 0.009959999999999969 0.13573999999999997
10 0.0313745 0.63867 0.014940999999999996 0.0039000000000000146
10 0.123505 0.63867 0.01593 0.0039000000000000146
10 0.15886 0.63916 0.014940000000000009 0.0029199999999999227
10 0.25249 0.63965 0.014940000000000037 0.0038999999999999035
10 0.28735 0.63916 0.014940000000000009 0.0029199999999999227
10 0.38247 0.63965 0.01594000000000001 0.0038999999999999035
10 0.440735 0.63965 0.018930000000000002 0.005860000000000087
10 0.533865 0.6401349999999999 0.01793 0.002929999999999988
10 0.591135 0.63965 0.01693 0.005860000000000087
10 0.68476 0.6411150000000001 0.016940000000000066 0.002929999999999988
10 0.7216149999999999 0.6411150000000001 0.01693 0.002929999999999988
10 0.813245 0.640625 0.01693 0.00391000000000008
10 0.8481050000000001 0.640625 0.01693 0.0019499999999998963
10 0.93277 0.6401349999999999 0.016939999999999955 0.002929999999999988
10 0.93526 0.49316499999999996 0.019919999999999938 0.019529999999999992
10 0.8486100000000001 0.49316499999999996 0.01992000000000005 0.019529999999999992
10 0.8127500000000001 0.492185 0.01992000000000005 0.019529999999999992
10 0.72112 0.492185 0.019919999999999938 0.019529999999999992
10 0.68426 0.492185 0.019919999999999938 0.019529999999999992
10 0.59163 0.49121499999999996 0.019919999999999938 0.019529999999999992
10 0.53287 0.49121499999999996 0.01992000000000005 0.019529999999999992
10 0.44023999999999996 0.489745 0.019919999999999993 0.01855000000000001
10 0.38247 0.49121499999999996 0.019919999999999993 0.019529999999999992
10 0.28685000000000005 0.490235 0.019919999999999993 0.019529999999999992
10 0.25 0.49121499999999996 0.01992000000000002 0.019529999999999992
10 0.15637 0.49121499999999996 0.019919999999999993 0.019529999999999992
10 0.12251000000000001 0.49121499999999996 0.019920000000000007 0.019529999999999992
10 0.0288845 0.490235 0.019920999999999998 0.019529999999999992
11 0.21265 0.861325 0.08665999999999999 0.18358999999999992
11 0.08715250000000001 0.87207 0.08665500000000001 0.20507999999999993
11 0.34014 0.8745149999999999 0.09064 0.20214999999999994
11 0.63247 0.875975 0.07967999999999997 0.20702999999999994
11 0.7753950000000001 0.73291 0.39740999999999993 0.03808
11 0.876495 0.87207 0.07370999999999994 0.20897999999999994
11 0.75996 0.874025 0.07369999999999999 0.2089899999999999
