1 0.507185 0.521127 0.97741 0.957746
2 0.09137400000000001 0.450705 0.051332 0.11830999999999997
2 0.0965075 0.656335 0.053385 0.11830999999999992
2 0.261805 0.44788500000000003 0.051330000000000015 0.11831000000000003
2 0.259755 0.6591549999999999 0.051330000000000015 0.11831000000000003
2 0.48768 0.47042500000000004 0.05134 0.11831000000000003
2 0.483575 0.673235 0.05133000000000004 0.11831000000000003
2 0.6611899999999999 0.667605 0.057499999999999996 0.11267000000000005
2 0.6591400000000001 0.46197 0.057499999999999996 0.11268000000000006
2 0.6591400000000001 0.269015 0.057499999999999996 0.10423000000000002
2 0.26078 0.26479 0.04928000000000002 0.09578
2 0.140655 0.239435 0.047229999999999994 0.05071000000000003
2 0.35113 0.13098500000000002 0.05337999999999998 0.05915000000000001
2 0.485625 0.25493 0.07187000000000004 0.04226000000000002
2 0.83265 0.66479 0.039020000000000055 0.09014
2 0.890145 0.67042 0.03900999999999999 0.09014
2 0.8316250000000001 0.447885 0.04107000000000005 0.07887
2 0.8891199999999999 0.45634 0.03695999999999999 0.09014
2 0.8891199999999999 0.260565 0.03695999999999999 0.05915000000000001
2 0.8316250000000001 0.24366500000000002 0.04107000000000005 0.047890000000000016
2 0.6611899999999999 0.126759 0.0944600000000001 0.06760200000000001
2 0.510265 0.129576 0.09651000000000004 0.06196800000000001
5 0.25873 0.514085 0.08624000000000001 0.030990000000000073
5 0.089324 0.515495 0.08419200000000002 0.02817000000000003
5 0.26283 0.725355 0.08624000000000001 0.030989999999999962
5 0.096509 0.721125 0.08624200000000001 0.02817000000000003
5 0.48049 0.532395 0.08624000000000004 0.028169999999999917
5 0.48664999999999997 0.7380249999999999 0.08623999999999998 0.028169999999999917
5 0.658115 0.72676 0.08418999999999999 0.022540000000000004
5 0.6591400000000001 0.5211250000000001 0.08213999999999999 0.02253000000000005
5 0.662215 0.31831 0.08418999999999999 0.022540000000000004
6 0.452775 0.32958 0.24024999999999996 0.11268
6 0.14681850000000002 0.314085 0.23614300000000002 0.11548999999999998
6 0.8829549999999999 0.346475 0.2217699999999999 0.17465000000000003
6 0.8850100000000001 0.553525 0.22176000000000007 0.13802999999999999
6 0.8829549999999999 0.75634 0.2217699999999999 0.10421999999999998
9 0.511292 0.18451 0.956876 0.07042000000000001
9 0.5082154999999999 0.792955 0.9671489999999999 0.08169000000000004
11 0.28542 0.8873249999999999 0.06982 0.11831000000000003
11 0.123201 0.880285 0.11087799999999999 0.11548999999999998
11 0.470225 0.90141 0.12731000000000003 0.12394000000000005
11 0.6488700000000001 0.914085 0.11087999999999998 0.15493
11 0.8141700000000001 0.915495 0.17864000000000002 0.15211000000000008
11 0.93429 0.8619749999999999 0.024639999999999995 0.028169999999999917
7 0.052361000000000005 0.44788500000000003 0.026694000000000002 0.11831000000000003
7 0.128335 0.44788500000000003 0.026690000000000005 0.11831000000000003
7 0.24846000000000001 0.44789 0.024640000000000023 0.11267999999999995
7 0.27515 0.44648 0.024639999999999995 0.11549999999999994
7 0.442505 0.466195 0.02668999999999999 0.12113000000000002
7 0.52464 0.466195 0.026699999999999946 0.12113000000000002
7 0.054415000000000005 0.65493 0.026694000000000002 0.12112
7 0.13347 0.65493 0.02464000000000001 0.12112
7 0.44148 0.6746449999999999 0.024639999999999995 0.12113000000000007
7 0.52361 0.6746449999999999 0.024639999999999995 0.12113000000000007
7 0.27515 0.657745 0.024639999999999995 0.12112999999999996
7 0.249485 0.657745 0.02669000000000002 0.12112999999999996
7 0.6170450000000001 0.67042 0.02668999999999999 0.11268
7 0.701235 0.67042 0.02668999999999999 0.11268
7 0.67454 0.46197 0.026699999999999946 0.10704000000000002
7 0.64682 0.460565 0.024639999999999995 0.10423000000000004
7 0.67351 0.26478999999999997 0.024639999999999995 0.08449999999999999
7 0.64682 0.2662 0.024639999999999995 0.08732000000000004
7 0.502055 0.25634 0.039010000000000045 0.03944000000000003
7 0.46406499999999995 0.25634 0.03284999999999999 0.03944000000000003
7 0.29466000000000003 0.259155 0.0267 0.09576999999999997
7 0.213555 0.23803000000000002 0.028749999999999998 0.05352000000000001
7 0.171455 0.23521 0.02259 0.04787999999999998
7 0.09958800000000001 0.238025 0.022584000000000007 0.04788999999999999
7 0.308005 0.11972 0.028749999999999998 0.07606
7 0.47844 0.128171 0.04106000000000004 0.059158
7 0.54415 0.1267625 0.024639999999999995 0.061975
7 0.6006149999999999 0.1267625 0.02668999999999999 0.061975
7 0.704315 0.1253525 0.028750000000000053 0.05915500000000001
7 0.829565 0.24647999999999998 0.04106999999999994 0.047880000000000006
7 0.82854 0.447885 0.039019999999999944 0.07887
7 0.88706 0.456335 0.03695999999999999 0.08450999999999997
7 0.88809 0.26056 0.03490000000000004 0.05352000000000001
