1 0.4744703 0.514799 0.9454194 0.970402
2 0.329225 0.20507 0.09155000000000002 0.18182000000000004
2 0.517605 0.204015 0.09154999999999996 0.17547000000000001
2 0.608275 0.541225 0.09682999999999997 0.18605
2 0.8019350000000001 0.541225 0.09683000000000008 0.18605
2 0.419015 0.54334 0.09507000000000004 0.18604000000000004
2 0.224475 0.545455 0.09683000000000003 0.18605000000000005
2 0.04313385 0.5465150000000001 0.0757043 0.18393000000000004
2 0.222715 0.86575 0.09682999999999997 0.17547999999999997
2 0.610035 0.864695 0.10034999999999994 0.16491
2 0.804575 0.85941 0.10211000000000003 0.16701999999999995
2 0.419015 0.866805 0.13381000000000004 0.16913
2 0.04137335 0.86892 0.0721833 0.16490000000000005
4 0.40757 0.7537 0.2764 0.08667999999999998
