1 0.730385 0.4892304 0.49899 0.9599992
1 0.24144705 0.684615 0.47484590000000004 0.53847
2 0.724345 0.247695 0.05230999999999997 0.12614999999999998
2 0.585515 0.249235 0.05231000000000008 0.12923
2 0.864185 0.24461500000000003 0.050309999999999966 0.12615
2 0.86519 0.487695 0.05231999999999992 0.12614999999999998
2 0.724345 0.484615 0.05230999999999997 0.12614999999999998
2 0.585515 0.487695 0.05231000000000008 0.12614999999999998
2 0.585515 0.727695 0.05231000000000008 0.12614999999999998
2 0.722335 0.727695 0.05230999999999997 0.12614999999999998
2 0.8631800000000001 0.727695 0.05232000000000003 0.12614999999999998
2 0.426555 0.52769 0.028169999999999973 0.08307999999999999
2 0.37827 0.52615 0.028159999999999963 0.08000000000000002
2 0.333 0.52615 0.030179999999999985 0.08000000000000002
2 0.28672 0.52615 0.03018000000000004 0.08000000000000002
2 0.242455 0.524615 0.030189999999999995 0.08307000000000003
2 0.4668 0.52769 0.016100000000000003 0.08307999999999999
2 0.426555 0.7153849999999999 0.028169999999999973 0.08307000000000009
2 0.380285 0.7153849999999999 0.028169999999999973 0.08307000000000009
2 0.333 0.71231 0.030179999999999985 0.08308000000000004
2 0.287725 0.71077 0.02817000000000003 0.08000000000000007
2 0.239435 0.70923 0.02817000000000003 0.08308000000000004
2 0.197185 0.53077 0.02817 0.08307999999999999
2 0.197185 0.7076899999999999 0.02817 0.07999999999999996
2 0.07344049999999999 0.7076899999999999 0.030181 0.07999999999999996
2 0.0241445 0.70462 0.028169 0.07999999999999996
2 0.0321935 0.88 0.028169 0.06153999999999993
2 0.0684105 0.87846 0.028169 0.06462000000000001
2 0.467805 0.71692 0.014089999999999991 0.08000000000000007
2 0.39437 0.24769 0.04024 0.09537999999999996
2 0.44667999999999997 0.24461500000000003 0.04024 0.09539
2 0.33399999999999996 0.24769 0.04024 0.09537999999999996
2 0.28169 0.25077 0.04024 0.09537999999999999
2 0.22434500000000002 0.253845 0.04224999999999998 0.09538999999999997
2 0.17605500000000002 0.256925 0.038230000000000014 0.09539
2 0.119715 0.256925 0.038230000000000014 0.09539
2 0.0674045 0.26 0.038229 0.09538000000000002
2 0.34105 0.372305 0.030179999999999985 0.07384999999999997
2 0.39336 0.37538499999999997 0.030179999999999985 0.07385000000000003
2 0.452715 0.372305 0.032189999999999996 0.07384999999999997
2 0.28471 0.37538499999999997 0.030179999999999985 0.07385000000000003
2 0.22837000000000002 0.37846 0.030180000000000012 0.07384000000000002
2 0.17504999999999998 0.37846 0.03219999999999998 0.07384000000000002
4 0.5835 0.40154 0.09255999999999998 0.04615999999999998
4 0.722335 0.39846000000000004 0.09255000000000002 0.046160000000000034
4 0.86519 0.4 0.09255999999999998 0.04308000000000001
5 0.58551 0.32 0.07645999999999997 0.024619999999999975
5 0.72233 0.316925 0.07645999999999997 0.02461000000000002
5 0.8631800000000001 0.316925 0.07646000000000008 0.02461000000000002
5 0.86519 0.8015399999999999 0.07645999999999997 0.021540000000000004
5 0.72435 0.79846 0.07646000000000008 0.021540000000000004
5 0.59155 0.796925 0.07645999999999997 0.02461000000000002
7 0.541245 0.249235 0.02817000000000003 0.12923
7 0.599595 0.247695 0.02817000000000003 0.13231
7 0.678065 0.246155 0.02817000000000003 0.12922999999999998
7 0.764585 0.244615 0.02817000000000003 0.13230999999999998
7 0.816905 0.244615 0.02817000000000003 0.13230999999999998
7 0.903425 0.243075 0.02817000000000003 0.12923
7 0.541245 0.48307500000000003 0.02817000000000003 0.12923
7 0.629775 0.487695 0.02817000000000003 0.13230999999999993
7 0.678065 0.48307500000000003 0.02817000000000003 0.12923
7 0.764585 0.484615 0.02817000000000003 0.13230999999999998
7 0.8189150000000001 0.484615 0.028169999999999917 0.13230999999999998
7 0.905435 0.48307500000000003 0.02817000000000003 0.12923
7 0.541245 0.727695 0.02817000000000003 0.13230999999999993
7 0.627765 0.726155 0.02817000000000003 0.12922999999999996
7 0.68008 0.724615 0.028159999999999963 0.13230999999999993
7 0.7666 0.726155 0.028160000000000074 0.12922999999999996
7 0.816905 0.726155 0.02817000000000003 0.12922999999999996
7 0.903425 0.727695 0.02817000000000003 0.13230999999999993
9 0.733405 0.07692399999999999 0.48490999999999995 0.129232
9 0.729375 0.55846 0.48089000000000004 0.03383999999999998
9 0.24044415 0.83692 0.4647917 0.06153999999999993
9 0.2414481 0.44615499999999997 0.4708238 0.03077000000000002
