1 0.5288085 0.46215 0.942383 0.86444
2 0.114745 0.24912 0.02051 0.05457999999999999
2 0.188965 0.24824 0.02051 0.05634
2 0.263185 0.24912 0.020510000000000028 0.05457999999999999
2 0.474125 0.24648 0.020509999999999973 0.05634
2 0.5512699999999999 0.2456 0.020500000000000074 0.05458000000000002
2 0.627445 0.24648 0.020510000000000028 0.05634
2 0.705565 0.24648 0.020510000000000028 0.05634
2 0.782225 0.24648 0.019529999999999936 0.05634
2 0.858885 0.24648 0.020510000000000028 0.05634
2 0.936035 0.24648 0.020509999999999917 0.05634
2 0.115725 0.364435 0.024409999999999987 0.09155000000000002
2 0.18994 0.364435 0.024419999999999997 0.09155000000000002
2 0.265135 0.364435 0.024409999999999987 0.09155000000000002
2 0.47509500000000005 0.364435 0.024409999999999987 0.09155000000000002
2 0.553225 0.364435 0.024410000000000043 0.09155000000000002
2 0.631345 0.364435 0.024409999999999932 0.09155000000000002
2 0.7075199999999999 0.36267499999999997 0.024419999999999997 0.09154999999999996
2 0.786135 0.366195 0.025390000000000024 0.09155000000000002
2 0.862795 0.36267499999999997 0.024410000000000043 0.09154999999999996
2 0.36035 0.37060000000000004 0.029299999999999993 0.07922000000000001
2 0.361815 0.488555 0.03027000000000002 0.07923000000000002
2 0.360355 0.25176 0.03125 0.08098
2 0.115725 0.485915 0.020510000000000014 0.05632999999999999
2 0.188965 0.485915 0.02051 0.05632999999999999
2 0.26366999999999996 0.4868 0.02148 0.05810000000000004
2 0.552245 0.48944 0.020510000000000028 0.05634
2 0.629395 0.48944 0.020510000000000028 0.05634
2 0.706545 0.48944 0.020510000000000028 0.05634
2 0.783695 0.48944 0.020510000000000028 0.05634
2 0.86035 0.48944 0.021480000000000055 0.05634
2 0.475585 0.48944 0.02149000000000001 0.05634
2 0.6318349999999999 0.111797 0.009769999999999945 0.072186
2 0.492185 0.1144375 0.013670000000000015 0.070425
2 0.770505 0.112677 0.009770000000000056 0.07394600000000001
7 0.11572 0.338025 0.022460000000000008 0.03521000000000002
7 0.188965 0.338025 0.02246999999999999 0.03521000000000002
7 0.188475 0.47095 0.019529999999999992 0.02288000000000001
7 0.115235 0.46567000000000003 0.019530000000000006 0.012320000000000053
7 0.188475 0.24912 0.019529999999999992 0.05457999999999999
7 0.26366999999999996 0.326585 0.02148 0.012330000000000008
7 0.36035 0.36532 0.02734000000000003 0.06866
7 0.36084 0.457745 0.028320000000000012 0.017610000000000015
7 0.47412 0.22710999999999998 0.01856000000000002 0.01408000000000001
7 0.47461 0.359155 0.02148 0.07394999999999996
7 0.55078 0.231515 0.01758000000000004 0.02640999999999999
7 0.55322 0.355635 0.022460000000000035 0.07042999999999999
7 0.629885 0.35563 0.019530000000000047 0.06689999999999996
7 0.62695 0.229755 0.01757999999999993 0.01937
7 0.70703 0.357395 0.021480000000000055 0.07395000000000002
7 0.783695 0.365315 0.020510000000000028 0.08626999999999996
7 0.93457 0.24207499999999998 0.015619999999999967 0.044009999999999994
8 0.38916 0.251765 0.01856000000000002 0.09507000000000002
8 0.33594 0.251765 0.011720000000000008 0.09507000000000002
8 0.36377 0.31074 0.06738 0.02288000000000001
8 0.38965 0.369715 0.01758000000000004 0.09506999999999999
8 0.33691000000000004 0.371475 0.011720000000000008 0.09506999999999999
8 0.36377 0.43045500000000003 0.06738 0.02289000000000002
8 0.33691499999999996 0.485035 0.013670000000000015 0.08275000000000005
8 0.38915999999999995 0.485915 0.016600000000000004 0.08451000000000003
8 0.37011499999999997 0.53609 0.08788999999999997 0.015839999999999965
10 0.512695 0.711265 0.019530000000000047 0.22535000000000005
10 0.5908199999999999 0.710385 0.019540000000000002 0.22711000000000003
10 0.667965 0.710385 0.019530000000000047 0.22711000000000003
10 0.7441450000000001 0.711265 0.019529999999999936 0.22535000000000005
10 0.821285 0.710385 0.019529999999999936 0.22711000000000003
10 0.22656500000000002 0.7077450000000001 0.01953000000000002 0.22535000000000005
10 0.151365 0.7059850000000001 0.019529999999999992 0.22535000000000005
10 0.15039 0.58803 0.023440000000000016 0.010560000000000014
10 0.22607 0.58891 0.022460000000000008 0.00880000000000003
10 0.51318 0.59331 0.022460000000000035 0.010559999999999903
10 0.59131 0.59155 0.022459999999999924 0.010560000000000014
10 0.7436499999999999 0.59331 0.022460000000000035 0.010559999999999903
10 0.8203100000000001 0.59155 0.023440000000000016 0.010560000000000014
10 0.89697 0.59419 0.022460000000000035 0.008799999999999919
10 0.897465 0.713025 0.019529999999999936 0.22534999999999994
