4 0.282555 0.263185 0.15364999999999998 0.07128999999999999
4 0.27995 0.407715 0.17708 0.05957000000000001
2 0.483725 0.7949200000000001 0.01693 0.039059999999999984
2 0.517575 0.79199 0.02994999999999992 0.04491999999999996
2 0.551435 0.794435 0.019530000000000047 0.04198999999999997
4 0.52344 0.40527 0.1875 0.05077999999999999
2 0.72461 0.9438500000000001 0.045579999999999954 0.07520000000000004
1 0.57552 0.4975597 0.83334 0.9834006000000001
3 0.522135 0.905275 0.09115000000000006 0.12890999999999997
2 0.24935000000000002 0.294435 0.04557999999999998 0.07518999999999998
2 0.314455 0.293945 0.04557 0.07617000000000002
2 0.488935 0.296875 0.045569999999999944 0.07616999999999996
2 0.554035 0.296385 0.04557 0.07518999999999998
2 0.722005 0.29491999999999996 0.05858999999999992 0.07422000000000001
2 0.896485 0.293455 0.048170000000000046 0.07715
2 0.554035 0.46435499999999996 0.04557 0.07910999999999996
2 0.48958500000000005 0.46533 0.04687000000000002 0.0791
2 0.897135 0.46191499999999996 0.04686999999999997 0.08007000000000003
2 0.7233050000000001 0.46386499999999997 0.05859000000000003 0.07812999999999998
2 0.72591 0.128907 0.058600000000000096 0.07812600000000001
2 0.55534 0.130372 0.04818 0.081056
2 0.48893 0.130372 0.048180000000000056 0.081056
2 0.2819 0.127929 0.058599999999999985 0.08398199999999999
2 0.8977900000000001 0.1254905 0.04818 0.081059
2 0.96289 0.1254905 0.04818 0.081059
2 0.24544 0.632325 0.04818 0.08104999999999996
2 0.31055 0.6333 0.04818 0.08106000000000002
2 0.24414 0.8061499999999999 0.04558000000000001 0.08496000000000004
2 0.308595 0.8061499999999999 0.04686999999999997 0.08496000000000004
2 0.48763 0.635255 0.04558000000000001 0.08105000000000007
2 0.5514349999999999 0.635255 0.04557 0.08105000000000007
2 0.722655 0.635255 0.05989 0.08301000000000003
2 0.722005 0.805665 0.05858999999999992 0.08399000000000001
2 0.274085 0.942385 0.08202999999999999 0.07030999999999998
2 0.279945 0.46240499999999995 0.10416999999999998 0.08105000000000001
2 0.89974 0.6333 0.059900000000000064 0.08299999999999996
2 0.06640650000000001 0.277835 0.041666999999999996 0.08691000000000002
2 0.063802 0.45801000000000003 0.041666 0.052739999999999954
2 0.063802 0.411135 0.041666 0.03125
4 0.910155 0.40137 0.15885000000000005 0.056640000000000024
4 0.7291700000000001 0.393555 0.14844000000000002 0.07227
5 0.2806 0.336425 0.13412000000000002 0.016609999999999958
5 0.52539 0.339355 0.13412000000000002 0.016610000000000014
5 0.9264300000000001 0.33740000000000003 0.12370000000000003 0.016600000000000004
5 0.72526 0.33789 0.08333999999999997 0.017579999999999985
5 0.278645 0.680175 0.14063 0.018549999999999955
6 0.2819 0.18603999999999998 0.24087999999999998 0.028319999999999984
8 0.5208349999999999 0.1875 0.16666999999999998 0.02148
8 0.72591 0.186035 0.16536000000000006 0.02051
8 0.91797 0.18506 0.14584000000000008 0.02245999999999998
8 0.27864500000000003 0.55078 0.10417000000000001 0.029299999999999993
8 0.51823 0.57666 0.12240000000000001 0.024419999999999997
8 0.7239599999999999 0.72412 0.14062000000000008 0.07519999999999993
8 0.519535 0.72949 0.16926999999999998 0.09179999999999999
8 0.578775 0.804685 0.019529999999999936 0.019530000000000047
8 0.46289 0.8056650000000001 0.019540000000000002 0.019529999999999936
4 0.05729105 0.22314499999999998 0.1119779 0.04199
4 0.0611971 0.36523 0.11718579999999999 0.0625
9 0.5774750000000001 0.513675 0.8268300000000001 0.025390000000000024
9 0.57617 0.449705 0.82682 0.012690000000000035
9 0.57552 0.28174 0.82812 0.012699999999999989
9 0.57552 0.20752 0.82812 0.024419999999999997
9 0.573565 0.876465 0.8294300000000001 0.020509999999999917
10 0.46289 0.896485 0.01432 0.09179000000000004
10 0.57943 0.896485 0.013020000000000032 0.09179000000000004
8 0.417965 0.287595 0.03125 0.03027000000000002
8 0.623695 0.28613 0.03125 0.029299999999999993
8 0.82487 0.285645 0.03255999999999992 0.03027000000000002
10 0.333985 0.1318385 0.01693 0.07422299999999998
10 0.392575 0.1289085 0.01693 0.074223
10 0.229815 0.13086 0.01693 0.07422000000000001
10 0.171225 0.1318385 0.01693 0.07422299999999998
10 0.171875 0.184085 0.023430000000000006 0.03027000000000002
10 0.22982 0.18310500000000002 0.022139999999999993 0.03026999999999999
10 0.334635 0.184085 0.020830000000000015 0.03027000000000002
10 0.39192499999999997 0.181155 0.02082999999999996 0.03026999999999999
10 0.42122499999999996 0.71582 0.029949999999999977 0.13281999999999994
10 0.6269549999999999 0.71582 0.042970000000000064 0.13281999999999994
10 0.821615 0.714845 0.041669999999999985 0.13476999999999995
10 0.6269499999999999 0.82666 0.04818 0.08886000000000005
10 0.821615 0.82666 0.04686999999999997 0.08886000000000005
10 0.421225 0.82666 0.035150000000000015 0.08886000000000005
10 0.42578 0.6328100000000001 0.039059999999999984 0.03320000000000001
10 0.628905 0.63232 0.05989 0.03417999999999999
10 0.822915 0.63086 0.05989 0.03320000000000001
10 0.580075 0.84473 0.019530000000000047 0.011719999999999953
10 0.46354 0.84473 0.02083999999999997 0.011719999999999953
10 0.58138 0.96582 0.024739999999999984 0.04492000000000007
10 0.46354 0.96387 0.023440000000000016 0.041020000000000056
