1 0.52881 0.43750045000000004 0.93848 0.8693191
2 0.1171865 0.22514499999999998 0.04296699999999999 0.10652999999999999
2 0.22070499999999998 0.22088000000000002 0.04296999999999998 0.10654
2 0.327145 0.21946 0.04297000000000001 0.10653999999999997
2 0.44043 0.21378000000000003 0.04296 0.10654
2 0.6206050000000001 0.20809499999999997 0.04785000000000006 0.10652999999999999
2 0.790035 0.2223 0.042970000000000064 0.10653999999999997
2 0.895505 0.231535 0.04296999999999995 0.10511000000000001
2 0.11718999999999999 0.41619 0.04101999999999999 0.12783999999999995
2 0.219725 0.41476999999999997 0.04100999999999999 0.12784
2 0.32715000000000005 0.41619 0.04102 0.12783999999999995
2 0.44189500000000004 0.41122000000000003 0.04394999999999999 0.13494
2 0.62256 0.4098 0.049800000000000066 0.12926000000000004
2 0.79346 0.41761000000000004 0.040039999999999965 0.12784
2 0.8950199999999999 0.4233 0.040039999999999965 0.12784
2 0.121585 0.600855 0.04199000000000001 0.09091000000000005
2 0.222165 0.602275 0.04199 0.09091000000000005
2 0.327145 0.6044050000000001 0.04297000000000001 0.08948999999999996
2 0.442875 0.602275 0.04199000000000003 0.09091000000000005
2 0.791995 0.602985 0.04296999999999995 0.08949000000000007
2 0.8950199999999999 0.6058250000000001 0.041999999999999926 0.08948999999999996
4 0.11523249999999999 0.31534 0.080075 0.06818000000000002
4 0.2207 0.31392 0.08008000000000004 0.06817999999999996
4 0.328125 0.30966 0.08006999999999997 0.06818000000000002
4 0.44092 0.30752999999999997 0.09082000000000001 0.07527999999999996
4 0.6196299999999999 0.303265 0.09082000000000001 0.07528999999999997
4 0.7963899999999999 0.31818 0.09082000000000001 0.07385999999999998
4 0.89795 0.32101999999999997 0.07520000000000004 0.06534000000000001
5 0.117677 0.487215 0.061525999999999983 0.019889999999999963
5 0.220215 0.487215 0.061529999999999974 0.019889999999999963
5 0.328615 0.48863500000000004 0.061529999999999974 0.01989000000000002
5 0.44140999999999997 0.484375 0.07422000000000001 0.019889999999999963
5 0.623535 0.48011499999999996 0.07324999999999993 0.01989000000000002
5 0.79785 0.487215 0.07422000000000006 0.019889999999999963
5 0.89551 0.49645 0.0625 0.021299999999999986
5 0.1210955 0.64844 0.066409 0.012780000000000014
5 0.222655 0.65057 0.06640999999999997 0.01419999999999999
5 0.328125 0.65199 0.06640999999999997 0.01419999999999999
5 0.444825 0.660515 0.07519000000000003 0.03125
5 0.79199 0.659095 0.07421999999999995 0.03125
5 0.89453 0.65554 0.06446000000000007 0.01845999999999992
7 0.086426 0.22301500000000002 0.020508 0.10227
7 0.14599499999999999 0.22158999999999998 0.02051 0.10227999999999998
7 0.188475 0.22158999999999998 0.02149000000000001 0.10227999999999998
7 0.250975 0.22017 0.02149000000000001 0.10227999999999998
7 0.294435 0.22017 0.020510000000000028 0.10227999999999998
7 0.356935 0.21449000000000001 0.020510000000000028 0.11080000000000001
7 0.40869500000000003 0.21235500000000002 0.020509999999999973 0.10368999999999998
7 0.47314500000000004 0.214485 0.020509999999999973 0.10227000000000003
7 0.657225 0.20880500000000002 0.025389999999999913 0.10795000000000002
7 0.586915 0.204545 0.02149000000000001 0.11079
7 0.760255 0.21946 0.020510000000000028 0.10369999999999999
7 0.822755 0.22158999999999998 0.020510000000000028 0.10227999999999998
7 0.867675 0.227275 0.014650000000000052 0.10227
7 0.927245 0.231535 0.020510000000000028 0.10226999999999997
7 0.82422 0.41832 0.021480000000000055 0.12642000000000003
7 0.7636700000000001 0.4169 0.021480000000000055 0.12641999999999998
7 0.9262699999999999 0.42259 0.022460000000000035 0.12642000000000003
7 0.8706050000000001 0.4169 0.010749999999999926 0.12641999999999998
7 0.47461 0.41264 0.02148 0.12641999999999998
7 0.40918 0.41264 0.02148 0.12641999999999998
7 0.35741999999999996 0.4169 0.02148 0.12641999999999998
7 0.29590000000000005 0.4169 0.02148 0.12641999999999998
7 0.25049 0.41548 0.022460000000000008 0.12641999999999998
7 0.188475 0.41548 0.02149000000000001 0.12641999999999998
7 0.14746 0.41548 0.02148 0.12641999999999998
7 0.0878905 0.4169 0.021485000000000004 0.12641999999999998
7 0.0893575 0.5980099999999999 0.022465 0.08521999999999996
7 0.14989999999999998 0.6001449999999999 0.022460000000000008 0.08381000000000005
7 0.19091999999999998 0.601565 0.022460000000000008 0.08380999999999994
7 0.25293 0.601565 0.021480000000000027 0.08380999999999994
7 0.29541 0.602985 0.022460000000000035 0.08380999999999994
7 0.359375 0.6044050000000001 0.02149000000000001 0.08381000000000005
7 0.41113500000000003 0.6044050000000001 0.021489999999999954 0.08381000000000005
7 0.473145 0.602985 0.02246999999999999 0.08380999999999994
7 0.8227500000000001 0.6036950000000001 0.022460000000000035 0.08523000000000003
7 0.763185 0.6058250000000001 0.014650000000000052 0.08381000000000005
7 0.92822 0.607245 0.022460000000000035 0.08381000000000005
7 0.869625 0.6058250000000001 0.014650000000000052 0.08381000000000005
8 0.6206050000000001 0.52486 0.23925000000000007 0.06108000000000002
8 0.805175 0.53125 0.11034999999999995 0.05397999999999992
8 0.42578499999999997 0.5277000000000001 0.11718999999999996 0.04687999999999992
9 0.5288080000000001 0.1335205 0.9189440000000001 0.073859
9 0.5312515 0.50639 0.933597 0.04688000000000003
10 0.51318 0.330965 0.022460000000000035 0.26988999999999996
10 0.7265600000000001 0.332385 0.023440000000000016 0.26705
10 0.49560499999999996 0.33735499999999996 0.012690000000000035 0.27131
10 0.38183500000000004 0.338065 0.023430000000000006 0.26988999999999996
10 0.742675 0.3402 0.006830000000000003 0.26278
10 0.84863 0.34446 0.023439999999999905 0.25426000000000004
10 0.3833 0.68892 0.020500000000000018 0.22443999999999997
10 0.51416 0.68821 0.020500000000000074 0.22302
10 0.49658 0.691055 0.010740000000000027 0.22301000000000004
10 0.72705 0.68963 0.020499999999999963 0.22302
10 0.8476600000000001 0.690345 0.01758000000000004 0.21591000000000005
10 0.74072 0.691765 0.006840000000000068 0.22443000000000002
10 0.382325 0.481535 0.032230000000000036 0.01705000000000001
10 0.514645 0.476565 0.03125 0.021309999999999996
10 0.49365000000000003 0.481535 0.016600000000000004 0.01705000000000001
10 0.72705 0.477275 0.032220000000000026 0.022730000000000028
10 0.74512 0.480825 0.01757999999999993 0.018469999999999986
10 0.847655 0.482955 0.03125 0.022729999999999972
10 0.384765 0.8338099999999999 0.03321000000000002 0.06534000000000006
10 0.515625 0.8345199999999999 0.03320999999999996 0.0696
10 0.49414 0.8345199999999999 0.015620000000000023 0.06676000000000004
10 0.72461 0.8359399999999999 0.03320000000000001 0.0696
10 0.8491200000000001 0.83239 0.03417999999999999 0.06534000000000006
10 0.382325 0.178265 0.02636999999999995 0.049710000000000004
10 0.5136700000000001 0.16974499999999998 0.02734000000000003 0.049710000000000004
10 0.494625 0.178265 0.014649999999999996 0.049710000000000004
10 0.7265600000000001 0.175425 0.02734000000000003 0.049710000000000004
10 0.746095 0.18395 0.01562999999999992 0.049719999999999986
10 0.84912 0.19247 0.02635999999999994 0.049719999999999986
10 0.382325 0.5660499999999999 0.030269999999999964 0.02413999999999994
10 0.515135 0.56534 0.03027000000000002 0.01988000000000001
10 0.494625 0.5688949999999999 0.014649999999999996 0.02131000000000005
10 0.7275400000000001 0.5667599999999999 0.029299999999999993 0.01988000000000001
10 0.744625 0.569605 0.014650000000000052 0.019889999999999963
10 0.848145 0.571025 0.03027000000000002 0.019889999999999963
11 0.174805 0.68963 0.05859 0.02413999999999994
11 0.330565 0.68608 0.07715 0.01988000000000001
11 0.441895 0.679685 0.036129999999999995 0.018469999999999986
11 0.8950199999999999 0.6917599999999999 0.03613999999999995 0.05398000000000003
11 0.62988 0.74148 0.0625 0.12216000000000005
11 0.442875 0.767755 0.047850000000000004 0.09233000000000002
11 0.407225 0.78693 0.01366999999999996 0.01419999999999999
11 0.33008000000000004 0.7869299999999999 0.04687999999999998 0.13068000000000002
11 0.259765 0.772015 0.027350000000000013 0.10936999999999997
11 0.1489275 0.7755650000000001 0.135745 0.10226999999999997
3 0.228515 0.795455 0.03321000000000002 0.11931000000000003
2 0.791015 0.77912 0.09179000000000004 0.12073999999999996
