1 0.50215515 0.5019531 0.9956897 0.9960938
2 0.36063 0.21289 0.10058 0.11327999999999999
2 0.604885 0.20996 0.10057000000000005 0.11327999999999999
2 0.854885 0.20996 0.10057000000000005 0.11327999999999999
2 0.604165 0.450685 0.11351 0.13965000000000005
2 0.358475 0.45166000000000006 0.11351 0.13964000000000004
2 0.858475 0.45166000000000006 0.11351 0.13964000000000004
2 0.84914 0.7299800000000001 0.10919999999999996 0.16308
2 0.599855 0.7324200000000001 0.11063 0.1582
2 0.1278745 0.210445 0.12069099999999999 0.12207000000000001
2 0.118534 0.45117 0.11063200000000001 0.14648000000000005
2 0.118534 0.72168 0.11063200000000001 0.14647999999999994
3 0.37356 0.757325 0.16954000000000002 0.22363
4 0.119971 0.134765 0.188218 0.03515
4 0.614225 0.1333 0.20833000000000002 0.040040000000000006
4 0.367095 0.134765 0.20833000000000002 0.04100999999999999
4 0.8685350000000001 0.129885 0.20833000000000002 0.04100999999999999
4 0.867095 0.362305 0.20833000000000002 0.04100999999999999
4 0.614225 0.36426000000000003 0.20833000000000002 0.04102
4 0.36566 0.36865000000000003 0.20834000000000003 0.04004000000000002
4 0.118533 0.364745 0.17959399999999998 0.03027000000000002
4 0.11350450000000001 0.6362300000000001 0.181031 0.030279999999999974
4 0.613505 0.637205 0.20403000000000004 0.03808999999999996
4 0.85632 0.634765 0.20401999999999998 0.037109999999999976
5 0.12140699999999999 0.27832 0.147986 0.02148
5 0.364225 0.27636499999999997 0.14799 0.021489999999999954
5 0.613505 0.27246000000000004 0.14943000000000006 0.02148
5 0.8620699999999999 0.276855 0.14942 0.02246999999999999
5 0.86063 0.530275 0.14942 0.021489999999999898
5 0.609915 0.530275 0.14799000000000007 0.021489999999999898
5 0.362785 0.53125 0.14799 0.021479999999999944
5 0.1156635 0.530275 0.14799299999999999 0.021489999999999898
5 0.85273 0.81689 0.14798 0.022459999999999924
5 0.60273 0.81787 0.14798 0.022459999999999924
5 0.1178165 0.81543 0.149427 0.021479999999999944
8 0.37643499999999996 0.606935 0.31897 0.0654300000000001
9 0.509341 0.047851450000000004 0.966958 0.0820311
10 0.26868 0.762205 0.04597999999999999 0.20215000000000005
10 0.48276 0.762205 0.04598000000000002 0.20215000000000005
10 0.26796000000000003 0.6523399999999999 0.05316000000000001 0.01758000000000004
10 0.48203999999999997 0.6523399999999999 0.053159999999999985 0.01758000000000004
