3 0.144535 0.82527 0.048829999999999985 0.2992800000000001
3 0.21582 0.82527 0.04882 0.2992800000000001
2 0.911135 0.7750900000000001 0.054690000000000016 0.19533999999999996
2 0.7768550000000001 0.7750900000000001 0.05567 0.19533999999999996
2 0.64307 0.772405 0.057620000000000005 0.19355
2 0.507815 0.774195 0.05468999999999996 0.19713000000000003
2 0.37451 0.7732950000000001 0.07519999999999999 0.20251000000000008
2 0.90869 0.357525 0.057620000000000005 0.20609
2 0.773925 0.35932 0.05567 0.19892000000000004
2 0.640625 0.35842 0.054689999999999905 0.20072
2 0.504885 0.35932 0.05468999999999996 0.19892000000000004
2 0.36914 0.35663 0.054680000000000006 0.20430000000000004
2 0.21289000000000002 0.34767000000000003 0.04882 0.20788
2 0.1416 0.346775 0.050780000000000006 0.20967000000000002
1 0.5249005 0.5000005 0.948239 0.964159
5 0.1416 0.46864 0.0586 0.041220000000000034
5 0.213865 0.47222 0.058589999999999975 0.04121999999999998
5 0.37207 0.47580999999999996 0.058599999999999985 0.04121999999999998
5 0.50879 0.47939 0.05859999999999993 0.04121999999999998
5 0.64453 0.48207500000000003 0.058599999999999985 0.04301000000000005
5 0.77539 0.48297500000000004 0.058599999999999985 0.041210000000000024
5 0.91211 0.47939 0.058599999999999985 0.04121999999999998
8 0.105955 0.08691499999999999 0.08105 0.03763000000000001
8 0.248535 0.08691499999999999 0.08104999999999998 0.03763000000000001
8 0.17724499999999999 0.08602 0.055670000000000025 0.03584000000000001
8 0.328125 0.1030465 0.007809999999999984 0.048386999999999986
8 0.35790999999999995 0.1021515 0.012699999999999989 0.046597
8 0.388185 0.1021515 0.012689999999999979 0.046597
8 0.42040999999999995 0.1012555 0.012699999999999989 0.048389
8 0.450685 0.1003605 0.012689999999999979 0.046599
8 0.48046500000000003 0.1012555 0.013670000000000015 0.048389
8 0.512205 0.1021515 0.012689999999999979 0.046597
8 0.54053 0.1012555 0.012700000000000045 0.048389
8 0.5737300000000001 0.09946450000000001 0.012700000000000045 0.048391
8 0.603515 0.1021515 0.01366999999999996 0.046597
8 0.635745 0.09946450000000001 0.013670000000000071 0.048391
8 0.66455 0.1021515 0.012700000000000045 0.046597
8 0.6958 0.1030465 0.012700000000000045 0.048386999999999986
8 0.7231449999999999 0.1012555 0.012689999999999979 0.048389
8 0.7543949999999999 0.1030465 0.012689999999999979 0.048386999999999986
8 0.786135 0.1030465 0.01366999999999996 0.048386999999999986
8 0.817385 0.1003605 0.01366999999999996 0.046599
8 0.84717 0.09946450000000001 0.012699999999999934 0.048391
8 0.87744 0.0985645 0.012699999999999934 0.046590999999999994
8 0.907715 0.09946450000000001 0.012689999999999979 0.048391
8 0.93994 0.0985645 0.012699999999999934 0.046590999999999994
8 0.970215 0.1003605 0.012689999999999979 0.046599
9 0.651855 0.08512349999999999 0.6923900000000001 0.123653
9 0.523439 0.50627 0.943362 0.12366000000000005
9 0.5214855 0.887095 0.941409 0.025089999999999946
11 0.180665 0.65681 0.10350999999999999 0.0233000000000001
