1 0.500001 0.50048828 0.996618 0.99902344
2 0.35702500000000004 0.0595705 0.027069999999999983 0.029296999999999997
2 0.39594 0.0595705 0.027079999999999993 0.029296999999999997
2 0.253805 0.061035000000000006 0.02707000000000001 0.030274000000000002
2 0.216585 0.061035000000000006 0.027069999999999983 0.030274000000000002
2 0.0761425 0.0625 0.027073 0.029295999999999996
2 0.499155 0.0585935 0.027069999999999983 0.029297000000000004
2 0.53807 0.0595705 0.027079999999999993 0.029296999999999997
2 0.6379049999999999 0.0600585 0.02707000000000004 0.030273
2 0.67682 0.0605465 0.027079999999999993 0.029296999999999997
2 0.81726 0.0615235 0.027079999999999993 0.029297000000000004
2 0.7783450000000001 0.061035000000000006 0.02707000000000004 0.030274000000000002
2 0.91709 0.0625 0.027079999999999993 0.029295999999999996
2 0.956005 0.0625 0.027069999999999927 0.029295999999999996
2 0.087143 0.16650500000000001 0.065994 0.04980999999999999
2 0.229275 0.16552499999999998 0.06599 0.04980999999999999
2 0.373095 0.165035 0.06599 0.04883000000000001
2 0.516925 0.163575 0.06598999999999994 0.04981000000000002
2 0.6556649999999999 0.16650500000000001 0.0659900000000001 0.04980999999999999
2 0.796105 0.16455 0.06599 0.04980000000000001
2 0.934855 0.16650500000000001 0.06599 0.04980999999999999
2 0.936545 0.25244 0.06599 0.04979999999999998
2 0.799495 0.24951 0.06599 0.04979999999999998
2 0.653975 0.24951 0.06599 0.04979999999999998
2 0.511845 0.248535 0.06599 0.04981000000000002
2 0.369715 0.24951 0.06599 0.04979999999999998
2 0.22758499999999998 0.253905 0.06598999999999997 0.04883000000000001
2 0.08544650000000001 0.253905 0.065987 0.04883000000000001
2 0.0820645 0.342285 0.065991 0.04981000000000002
2 0.225885 0.33935499999999996 0.06599 0.049809999999999965
2 0.366325 0.33740000000000003 0.06599 0.04980000000000001
2 0.510155 0.336425 0.06599000000000005 0.049809999999999965
2 0.6556649999999999 0.336425 0.0659900000000001 0.049809999999999965
2 0.794415 0.33838 0.06599 0.04980000000000001
2 0.941625 0.33935499999999996 0.06599 0.049809999999999965
2 0.941625 0.42627000000000004 0.06599 0.04980000000000001
2 0.796105 0.424805 0.06599 0.048829999999999985
2 0.6556649999999999 0.42627000000000004 0.0659900000000001 0.04980000000000001
2 0.510155 0.427245 0.06599000000000005 0.04981000000000002
2 0.368025 0.42627000000000004 0.06599 0.04980000000000001
2 0.222505 0.42822000000000005 0.06599 0.04980000000000001
2 0.08544650000000001 0.430175 0.065987 0.049809999999999965
2 0.938245 0.512205 0.06599 0.049809999999999965
2 0.797805 0.512205 0.06599 0.049809999999999965
2 0.6556649999999999 0.51416 0.0659900000000001 0.04980000000000001
2 0.505075 0.515135 0.06599000000000005 0.049809999999999965
2 0.364635 0.516115 0.06599 0.049809999999999965
2 0.22081499999999998 0.517575 0.06599 0.048829999999999985
2 0.0786825 0.518555 0.065995 0.04882999999999993
2 0.938245 0.6030249999999999 0.06599 0.04981000000000002
2 0.796105 0.60205 0.06599 0.049799999999999955
2 0.6556649999999999 0.6040049999999999 0.0659900000000001 0.04981000000000002
2 0.511845 0.6049800000000001 0.06599 0.049799999999999955
2 0.361255 0.6049800000000001 0.06599 0.049799999999999955
2 0.21912500000000001 0.606935 0.06599000000000002 0.04980999999999991
2 0.0786825 0.60791 0.065995 0.049799999999999955
2 0.93316 0.68799 0.05922000000000005 0.049800000000000066
2 0.7927249999999999 0.69043 0.059230000000000005 0.048820000000000086
2 0.6489 0.68994 0.05921999999999994 0.049800000000000066
2 0.50508 0.6918949999999999 0.059219999999999995 0.04981000000000002
2 0.35956 0.69287 0.059219999999999995 0.049800000000000066
2 0.21743 0.6938500000000001 0.05922000000000002 0.049799999999999955
2 0.0769885 0.69287 0.059223 0.049800000000000066
2 0.36294000000000004 0.7832049999999999 0.059219999999999995 0.04883000000000004
2 0.5033799999999999 0.779785 0.05921999999999994 0.04981000000000002
2 0.6472100000000001 0.78076 0.05921999999999994 0.049800000000000066
2 0.7893399999999999 0.77881 0.05921999999999994 0.049800000000000066
2 0.92978 0.7792950000000001 0.05921999999999994 0.04883000000000004
2 0.0820665 0.78076 0.059227 0.049800000000000066
2 0.361255 0.881345 0.08291000000000004 0.07714999999999994
2 0.222505 0.88086 0.07614999999999997 0.07618000000000003
2 0.08544650000000001 0.880375 0.08290700000000001 0.07715000000000005
2 0.5 0.882815 0.07614000000000004 0.07617000000000007
2 0.642135 0.88086 0.08291000000000004 0.07618000000000003
2 0.784265 0.8818349999999999 0.08291000000000004 0.07616999999999996
2 0.922165 0.8769549999999999 0.08461000000000007 0.07616999999999996
2 0.9204749999999999 0.979005 0.040609999999999924 0.036129999999999995
2 0.783415 0.980955 0.040610000000000035 0.036129999999999995
2 0.365485 0.981935 0.040610000000000035 0.036129999999999995
2 0.228425 0.981445 0.04061000000000001 0.035150000000000015
2 0.09306400000000001 0.98047 0.040611999999999995 0.03515999999999997
6 0.503383 0.0932625 0.979694 0.036135
9 0.5033839999999999 0.12988 0.976312 0.04492
9 0.5033839999999999 0.7275400000000001 0.976312 0.04491999999999996
9 0.499152 0.92578 0.974616 0.02734000000000003
