1 0.48222780000000004 0.5152 0.9613644 0.7325200000000001
2 0.809895 0.37538 0.07418999999999998 0.06989999999999996
2 0.8091200000000001 0.513675 0.07263999999999993 0.06686999999999999
2 0.8145249999999999 0.6550149999999999 0.07419000000000009 0.06991000000000003
2 0.9157649999999999 0.791795 0.07264999999999999 0.06991000000000003
2 0.911125 0.650455 0.06955 0.06079000000000001
2 0.910355 0.509115 0.06801000000000001 0.05167000000000005
2 0.90649 0.363225 0.06645999999999996 0.051669999999999994
2 0.7503850000000001 0.238605 0.06337000000000004 0.057749999999999996
2 0.6097349999999999 0.238605 0.06337000000000004 0.057749999999999996
2 0.606645 0.369305 0.06336999999999993 0.05774999999999997
2 0.49459 0.36929999999999996 0.061819999999999986 0.04560000000000003
2 0.49227 0.509115 0.06645999999999996 0.05774999999999997
2 0.60665 0.509115 0.06645999999999996 0.05774999999999997
2 0.60587 0.651975 0.07728000000000002 0.05774999999999997
2 0.49072499999999997 0.6474150000000001 0.06954999999999995 0.06079000000000001
2 0.26971 0.36778 0.06028 0.04256000000000004
2 0.70943 0.37538 0.07109999999999994 0.06989999999999996
2 0.7101999999999999 0.513675 0.07263999999999993 0.06686999999999999
2 0.70711 0.6550149999999999 0.07264000000000004 0.06991000000000003
2 0.38408 0.364745 0.06646000000000002 0.04863000000000001
2 0.38021499999999997 0.507595 0.06490999999999997 0.054710000000000036
2 0.37867 0.648935 0.06491999999999998 0.05775000000000008
2 0.266615 0.648935 0.05408999999999997 0.05775000000000008
2 0.26893 0.510635 0.05564000000000002 0.05470999999999998
2 0.17232999999999998 0.5106350000000001 0.06645999999999999 0.06687000000000004
2 0.077281 0.513675 0.064918 0.06686999999999999
2 0.0811415 0.37842 0.066457 0.06990000000000002
2 0.175425 0.37842 0.06647 0.06990000000000002
2 0.16847 0.650455 0.06492 0.06686999999999999
2 0.0726425 0.647415 0.064915 0.06686999999999999
2 0.14065 0.241645 0.061819999999999986 0.051669999999999994
2 0.98068 0.434655 0.020100000000000007 0.06079000000000001
2 0.9830000000000001 0.557755 0.021639999999999993 0.06383000000000005
2 0.98377 0.680855 0.020100000000000007 0.06079000000000001
2 0.82767 0.797875 0.03864000000000001 0.08207000000000009
3 0.7921149999999999 0.81611 0.029370000000000007 0.11246
3 0.730295 0.81915 0.023190000000000044 0.11246
2 0.0695515 0.238605 0.05873300000000001 0.05167000000000002
2 0.35162 0.23252499999999998 0.06028 0.051669999999999966
2 0.531685 0.235565 0.07418999999999998 0.06990999999999997
2 0.821485 0.232525 0.06337000000000004 0.057750000000000024
6 0.42581 0.43161 0.47140000000000004 0.09118000000000004
6 0.421175 0.57143 0.47141 0.09118000000000004
6 0.42503500000000005 0.709725 0.47295000000000004 0.07599
7 0.0811425 0.376895 0.060275 0.06079000000000001
7 0.141425 0.23859999999999998 0.057190000000000005 0.03951999999999997
7 0.164605 0.36626 0.04172999999999999 0.03952
7 0.19938 0.36474 0.015460000000000002 0.030399999999999983
7 0.25425 0.36626000000000003 0.023180000000000034 0.027359999999999995
7 0.28515999999999997 0.36778 0.026280000000000026 0.030399999999999983
7 0.268935 0.234045 0.06800999999999999 0.03647
7 0.34543999999999997 0.22340500000000002 0.06956000000000001 0.027350000000000013
2 0.27357 0.23556500000000002 0.05873999999999999 0.05167000000000002
7 0.72102 0.650455 0.04174 0.054710000000000036
7 0.631375 0.6534949999999999 0.01700999999999997 0.054709999999999925
7 0.5942799999999999 0.642855 0.04481999999999997 0.03342999999999996
7 0.50618 0.6383000000000001 0.03863999999999995 0.02432000000000001
9 0.48531450000000004 0.425535 0.948991 0.06686999999999999
