2 0.302735 0.1123045 0.06900999999999996 0.087891
2 0.490885 0.11083950000000001 0.07552999999999993 0.08496100000000001
2 0.302735 0.281735 0.06900999999999996 0.09277000000000002
2 0.490235 0.281735 0.07160999999999995 0.09277000000000002
2 0.490235 0.46093999999999996 0.06900999999999996 0.09765999999999997
2 0.303385 0.47948999999999997 0.07030999999999998 0.13671999999999995
4 0.30208 0.38817999999999997 0.11198 0.045899999999999996
4 0.48958500000000005 0.387205 0.11459000000000003 0.04394999999999999
2 0.67643 0.07617 0.08723999999999998 0.08984
2 0.67578 0.254395 0.08594000000000002 0.09862999999999997
2 0.67643 0.44189500000000004 0.08723999999999998 0.10059000000000001
2 0.603515 0.08496000000000001 0.03254999999999997 0.10156
2 0.7447900000000001 0.08252150000000001 0.023440000000000016 0.098637
2 0.602865 0.26073999999999997 0.033849999999999936 0.10352
2 0.74544 0.259765 0.024739999999999984 0.10351000000000002
2 0.74349 0.444825 0.026040000000000063 0.10644999999999999
2 0.60091 0.44628999999999996 0.03515999999999997 0.10742000000000002
2 0.602215 0.63037 0.035149999999999904 0.10450000000000004
2 0.74414 0.629885 0.02734000000000003 0.10546999999999995
2 0.67578 0.62793 0.08853999999999995 0.10352000000000006
2 0.6679649999999999 0.819335 0.06771000000000005 0.09960999999999998
2 0.489585 0.819335 0.07030999999999998 0.09960999999999998
2 0.488935 0.63965 0.06901000000000002 0.09765999999999997
2 0.302735 0.63965 0.06900999999999996 0.09765999999999997
3 0.303385 0.876465 0.10937 0.2197300000000001
1 0.606775 0.4965831 0.78125 0.9853538000000001
2 0.48958500000000005 0.95654 0.06770999999999999 0.06151999999999991
2 0.66862 0.956545 0.07162000000000002 0.05957000000000001
2 0.104817 0.171385 0.079426 0.07519
2 0.134765 0.33252000000000004 0.04037 0.07519999999999999
2 0.135415 0.499025 0.04167 0.07616999999999996
2 0.13346 0.64795 0.05077999999999999 0.03613999999999995
2 0.13280999999999998 0.697755 0.05207999999999999 0.05174999999999996
2 0.85091 0.10791 0.07682 0.09082000000000001
2 0.85091 0.279785 0.0716199999999999 0.09277000000000002
2 0.848305 0.45947499999999997 0.07160999999999995 0.10058999999999996
2 0.847655 0.638185 0.07030999999999998 0.10058999999999996
2 0.847005 0.8183549999999999 0.07160999999999995 0.09961000000000009
2 0.8489549999999999 0.95459 0.07030999999999998 0.05958000000000008
4 0.85156 0.38623 0.125 0.047860000000000014
4 0.67187 0.36621000000000004 0.1875 0.06053999999999998
4 0.30078 0.0249023 0.14844 0.0302734
4 0.490235 0.02392555 0.15234999999999999 0.0302729
4 0.851565 0.02343725 0.15884999999999994 0.0312495
5 0.300785 0.16113 0.09375 0.017579999999999985
5 0.488935 0.16016 0.09244999999999998 0.017579999999999985
5 0.84961 0.15918 0.09243999999999997 0.017580000000000012
5 0.850265 0.331545 0.09375 0.01855000000000001
5 0.488935 0.33301000000000003 0.09244999999999998 0.017579999999999985
5 0.302085 0.333985 0.09375 0.01757000000000003
5 0.488935 0.513185 0.09244999999999998 0.01269000000000009
5 0.8431 0.51416 0.09243999999999997 0.012700000000000045
5 0.490235 0.692875 0.09764999999999996 0.014650000000000052
5 0.302735 0.692875 0.09764999999999996 0.014650000000000052
5 0.8489599999999999 0.692875 0.09896000000000005 0.014650000000000052
5 0.66927 0.8730450000000001 0.09114 0.01366999999999996
5 0.84896 0.8730450000000001 0.09114 0.01366999999999996
5 0.48828000000000005 0.87207 0.09114000000000005 0.013679999999999914
5 0.13932 0.541015 0.07551999999999999 0.01366999999999996
4 0.13932 0.44628500000000004 0.07292 0.019529999999999992
4 0.139325 0.6084 0.09115000000000001 0.039059999999999984
4 0.1263 0.25537 0.11458 0.028319999999999984
5 0.1061215 0.214845 0.108077 0.019529999999999992
6 0.30273500000000003 0.535645 0.11849000000000001 0.07911000000000007
6 0.143227 0.76953 0.10676600000000001 0.09179999999999999
8 0.255205 0.12109349999999999 0.020830000000000015 0.121093
8 0.34961 0.123535 0.019540000000000002 0.12207000000000001
8 0.442055 0.1220715 0.019529999999999992 0.12109700000000001
8 0.535805 0.12402350000000001 0.019530000000000047 0.121093
8 0.896485 0.1215835 0.019530000000000047 0.12207300000000001
8 0.801435 0.1215835 0.019530000000000047 0.12207300000000001
9 0.610675 0.553225 0.76563 0.03027000000000002
8 0.309245 0.782715 0.18359 0.13964999999999994
