1 0.4832865 0.5053725 0.9142469999999999 0.973635
3 0.19840000000000002 0.87744 0.26308 0.20995999999999992
2 0.78343 0.8457 0.10465999999999998 0.11328000000000005
2 0.49273500000000003 0.84668 0.10464999999999997 0.11328000000000005
2 0.784885 0.61572 0.11046999999999996 0.12012
2 0.49055499999999996 0.614255 0.11482999999999993 0.12108999999999992
2 0.20276 0.61279 0.12353999999999998 0.1201199999999999
2 0.78561 0.373535 0.11192000000000002 0.09863
2 0.486195 0.372075 0.10900999999999994 0.09960999999999998
2 0.20131 0.373045 0.11191999999999999 0.10350999999999999
2 0.47819999999999996 0.18164 0.049419999999999964 0.039059999999999984
2 0.80087 0.25 0.10174000000000005 0.03516
8 0.20203500000000002 0.48975 0.14245 0.10840000000000005
8 0.35102 0.61279 0.13807999999999998 0.14160000000000006
9 0.4825585 0.282715 0.9011629999999999 0.06347000000000003
9 0.485465 0.206545 0.90407 0.024409999999999987
