2 0.26909500000000003 0.17745 0.10417000000000001 0.06862000000000001
2 0.42535 0.16765000000000002 0.11458000000000002 0.056859999999999994
2 0.5885400000000001 0.163725 0.11458000000000002 0.056870000000000004
2 0.746525 0.17353000000000002 0.11111000000000004 0.06861999999999999
2 0.747395 0.360785 0.11285 0.07058999999999999
2 0.590275 0.35294499999999995 0.11111000000000004 0.07058999999999999
2 0.42708500000000005 0.354905 0.11110999999999999 0.07058999999999999
2 0.270835 0.36568500000000004 0.10416999999999998 0.06863000000000002
2 0.27344 0.556865 0.10590000000000002 0.07843
2 0.426215 0.55196 0.11285 0.0882400000000001
2 0.591145 0.55196 0.11285 0.0882400000000001
2 0.747395 0.5558799999999999 0.11285 0.08823999999999999
2 0.953125 0.22353 0.0833299999999999 0.08235999999999999
2 0.953125 0.396075 0.0833299999999999 0.08235000000000003
2 0.953125 0.57353 0.08681000000000005 0.08431999999999995
2 0.94705 0.0539215 0.0816 0.084313
2 0.0807305 0.07255149999999999 0.081599 0.082357
2 0.0815955 0.23921499999999998 0.08332899999999999 0.08234999999999998
2 0.078124 0.408825 0.08333199999999999 0.08431
2 0.0815955 0.5754900000000001 0.08332899999999999 0.08432000000000006
2 0.355905 0.846075 0.12152999999999997 0.08038999999999996
2 0.51389 0.8509800000000001 0.13194000000000006 0.09019999999999995
2 0.6692750000000001 0.84902 0.13021000000000005 0.09020000000000006
2 0.820315 0.85196 0.13020999999999994 0.08823999999999999
2 0.20833000000000002 0.8509800000000001 0.11458000000000002 0.09019999999999995
2 0.0894085 0.8450949999999999 0.078123 0.08235000000000003
6 0.51389 0.642155 0.8125 0.13137
11 0.0841995 0.757845 0.078121 0.08823000000000003
11 0.48263999999999996 0.64608 0.70486 0.09999999999999998
11 0.930555 0.8343149999999999 0.038189999999999946 0.12353000000000003
7 0.19618 0.719605 0.11457999999999996 0.03528999999999993
7 0.348955 0.716665 0.12847000000000003 0.03333000000000008
7 0.5095449999999999 0.71863 0.13715 0.041179999999999994
7 0.676215 0.716665 0.13020999999999994 0.03333000000000008
7 0.8316 0.719605 0.14236000000000004 0.02352999999999994
1 0.512153 0.5009808 0.975694 0.9941184000000001
11 0.157115 0.28823299999999996 0.03992999999999999 0.545094
