1 0.520225 0.5012019 0.86517 0.9975962
2 0.301125 0.2512 0.05392999999999998 0.11298000000000002
2 0.36292 0.25 0.051680000000000004 0.11058000000000001
2 0.667415 0.2512 0.05393000000000003 0.11298000000000002
2 0.73146 0.25481 0.05167999999999995 0.11057999999999998
2 0.223595 0.454325 0.051689999999999986 0.12980999999999998
2 0.166295 0.45672999999999997 0.026969999999999994 0.13461999999999996
2 0.304495 0.460335 0.06967000000000001 0.14183
2 0.301125 0.700725 0.06741000000000003 0.13221000000000005
2 0.21910000000000002 0.6959150000000001 0.05617999999999998 0.13221000000000005
2 0.16292 0.69832 0.029219999999999996 0.13702000000000003
2 0.526965 0.042067349999999996 0.36629 0.0745193
2 0.51573 0.47596000000000005 0.09213999999999994 0.13462000000000002
2 0.5123599999999999 0.71394 0.09438000000000002 0.13461999999999996
2 0.51573 0.939905 0.09213999999999994 0.11057000000000006
2 0.25281 0.939905 0.09213999999999997 0.11057000000000006
2 0.82921 0.51442 0.08089999999999997 0.125
2 0.83146 0.746395 0.07640000000000002 0.14663000000000004
2 0.83146 0.9447099999999999 0.07640000000000002 0.09615999999999991
4 0.5089899999999999 0.625 0.15055999999999997 0.043260000000000076
4 0.51124 0.862985 0.15056000000000003 0.04326999999999992
5 0.51236 0.548075 0.11686000000000002 0.028850000000000042
5 0.51348 0.778845 0.11910000000000004 0.028850000000000042
6 0.7573049999999999 0.5769200000000001 0.34607 0.13942
6 0.75618 0.81731 0.34831999999999996 0.13942
6 0.496625 0.304085 0.2651700000000001 0.07933000000000001
7 0.437075 0.471155 0.04719000000000001 0.13942999999999994
7 0.583145 0.47476 0.047189999999999954 0.13702000000000003
7 0.437075 0.70553 0.04719000000000001 0.13701999999999992
7 0.5808949999999999 0.70553 0.047189999999999954 0.13701999999999992
7 0.58427 0.935095 0.04493999999999998 0.11538999999999999
7 0.438205 0.9362999999999999 0.040449999999999986 0.11297999999999997
7 0.32584 0.939905 0.044940000000000035 0.11538999999999999
7 0.17977500000000002 0.94111 0.04495000000000002 0.11298000000000008
7 0.46965999999999997 0.27043 0.03145999999999999 0.12739999999999999
7 0.7618 0.51082 0.04493999999999998 0.1274
7 0.88427 0.509615 0.024720000000000075 0.12981000000000004
7 0.760675 0.7427900000000001 0.047190000000000065 0.14903999999999995
7 0.883145 0.7439899999999999 0.02246999999999999 0.14664
7 0.760675 0.9435100000000001 0.047190000000000065 0.10336000000000001
7 0.885395 0.94231 0.02246999999999999 0.10095999999999994
9 0.52135 0.358175 0.83596 0.08173000000000002
9 0.49550500000000003 0.14663500000000002 0.69887 0.08173
2 0.54382 0.270435 0.09438000000000002 0.13221
