1 0.489281 0.503904 0.8652380000000001 0.978512
2 0.17994 0.161135 0.06278 0.07812999999999999
2 0.261105 0.16211 0.06278999999999998 0.07617999999999998
2 0.44793 0.162595 0.059719999999999995 0.07714999999999998
2 0.529095 0.162595 0.059730000000000005 0.07714999999999998
2 0.72052 0.16308499999999998 0.059719999999999995 0.07616999999999999
2 0.801685 0.163575 0.05973000000000006 0.07715
2 0.17764000000000002 0.32372999999999996 0.06126000000000001 0.0791
2 0.44793 0.32422 0.059719999999999995 0.07811999999999997
2 0.258805 0.32422 0.06125000000000003 0.07811999999999997
2 0.527565 0.325195 0.059730000000000005 0.07812999999999998
2 0.72052 0.32422 0.059719999999999995 0.07811999999999997
2 0.801685 0.32422 0.05973000000000006 0.07811999999999997
2 0.17764000000000002 0.487305 0.06126000000000001 0.07812999999999998
2 0.257275 0.487305 0.06125 0.07812999999999998
2 0.509185 0.46094 0.06584999999999996 0.08398
2 0.429555 0.47168 0.04135 0.07617999999999997
2 0.57657 0.47363 0.026039999999999952 0.07421999999999995
2 0.72052 0.48926000000000003 0.059719999999999995 0.07812000000000002
2 0.803215 0.48926000000000003 0.05973000000000006 0.07812000000000002
2 0.16845500000000002 0.651365 0.06125 0.07813000000000003
2 0.271055 0.651365 0.06125 0.07813000000000003
2 0.5107200000000001 0.6386700000000001 0.06891999999999998 0.08398000000000005
2 0.431085 0.644045 0.04135 0.07715000000000005
2 0.575035 0.64551 0.022970000000000046 0.07811999999999997
2 0.70827 0.652345 0.059719999999999995 0.07812999999999992
2 0.8139350000000001 0.652835 0.05972999999999995 0.07714999999999994
2 0.17764000000000002 0.81836 0.06126000000000001 0.07811999999999997
2 0.25727500000000003 0.8193349999999999 0.05819000000000002 0.08202999999999994
2 0.431085 0.8178700000000001 0.06279000000000001 0.08106000000000002
2 0.545175 0.81787 0.06125000000000003 0.07909999999999995
2 0.81164 0.805175 0.05820000000000003 0.036129999999999995
3 0.21209499999999998 0.949705 0.13016999999999998 0.08301000000000003
3 0.77718 0.921385 0.14854 0.1376900000000001
5 0.219755 0.206055 0.19449 0.01953000000000002
5 0.49005 0.20703 0.19602000000000003 0.017580000000000012
5 0.7611 0.208005 0.19907999999999992 0.019529999999999992
5 0.175345 0.367185 0.08728999999999998 0.013670000000000015
5 0.26187 0.36621499999999996 0.0827 0.013670000000000015
5 0.48928 0.36816000000000004 0.16386 0.011720000000000008
5 0.7182200000000001 0.3667 0.08575999999999995 0.014640000000000042
5 0.805515 0.367675 0.08268999999999993 0.012690000000000035
5 0.21975499999999998 0.5459 0.16693 0.041019999999999945
5 0.76034 0.546875 0.16691999999999996 0.04296999999999995
5 0.218225 0.87012 0.16079 0.023439999999999905
5 0.54671 0.862305 0.08882000000000001 0.013670000000000071
5 0.42956000000000005 0.861815 0.0781 0.01269000000000009
5 0.16691999999999999 0.6958 0.08575999999999999 0.012700000000000045
5 0.270295 0.696285 0.08729 0.01366999999999996
5 0.815465 0.697755 0.09340999999999999 0.014650000000000052
5 0.707505 0.696285 0.09188999999999992 0.01366999999999996
8 0.511485 0.54004 0.08269000000000004 0.06640000000000001
8 0.58116 0.563475 0.03522000000000003 0.054690000000000016
8 0.6194500000000001 0.573245 0.03827999999999998 0.10546999999999995
8 0.4219 0.563965 0.05054000000000003 0.04981000000000002
8 0.36141 0.57422 0.03981999999999997 0.10155999999999998
8 0.51455 0.399415 0.042879999999999974 0.04100999999999999
4 0.218225 0.76221 0.16079 0.040039999999999965
8 0.48928000000000005 0.09277450000000001 0.08422000000000002 0.048831
8 0.62481 0.106934 0.05820000000000003 0.047852000000000006
8 0.35375500000000004 0.10595550000000001 0.05819000000000002 0.04784899999999999
8 0.48775 0.8237300000000001 0.038279999999999925 0.04393999999999998
8 0.49080999999999997 0.712405 0.2098 0.03222999999999998
8 0.6378250000000001 0.722165 0.07196999999999998 0.06542999999999999
8 0.88744 0.72119 0.05360000000000009 0.06152000000000002
8 0.34762499999999996 0.72168 0.06124999999999997 0.06835999999999998
8 0.0934165 0.722655 0.07044700000000001 0.06445000000000001
9 0.4931105 0.28320500000000004 0.851459 0.12891000000000002
9 0.4908095 0.720215 0.852981 0.043950000000000045
11 0.43032000000000004 0.941895 0.06431999999999999 0.09863
11 0.549005 0.941405 0.06584999999999996 0.09765000000000001
11 0.5 0.89697 0.032159999999999966 0.022460000000000035
11 0.212095 0.90039 0.11179 0.013680000000000025
4 0.21899 0.27881 0.2052 0.05566000000000004
4 0.488515 0.28125 0.20521 0.05467999999999995
4 0.7611049999999999 0.28174 0.20521 0.05565999999999999
