1 0.5141685 0.509554 0.945003 0.980892
2 0.16583 0.21019 0.05499999999999999 0.10616
2 0.168335 0.408705 0.05667 0.10403000000000001
2 0.17083 0.60297 0.05499999999999999 0.10616000000000003
2 0.16917 0.7983 0.05500000000000002 0.10616000000000003
2 0.6975 0.199575 0.05499999999999994 0.10615
2 0.69583 0.4034 0.05500000000000005 0.10615999999999998
2 0.7025 0.5966 0.05499999999999994 0.10616000000000003
2 0.6975 0.795115 0.05499999999999994 0.10403000000000007
2 0.426665 0.814225 0.03666999999999998 0.08704999999999996
2 0.378335 0.814225 0.036670000000000036 0.08704999999999996
2 0.5175 0.815285 0.038339999999999985 0.08916999999999997
2 0.571665 0.814225 0.03666999999999998 0.08704999999999996
2 0.519165 0.632695 0.04167000000000004 0.07218999999999998
2 0.5691649999999999 0.631635 0.041669999999999985 0.07430999999999999
2 0.42666499999999996 0.632695 0.033330000000000026 0.07643
2 0.37833 0.630575 0.040000000000000036 0.07643
2 0.5175 0.45223 0.041659999999999975 0.06370000000000003
2 0.565 0.44798499999999997 0.039999999999999925 0.06368999999999997
2 0.425 0.454355 0.036660000000000026 0.06369000000000002
2 0.3775 0.45223 0.03834000000000004 0.06370000000000003
2 0.8975 0.420385 0.03500000000000003 0.10191
2 0.8558300000000001 0.420385 0.03500000000000003 0.10191
2 0.898335 0.6072150000000001 0.03333000000000008 0.10191000000000006
2 0.8574999999999999 0.6072150000000001 0.03500000000000003 0.10191000000000006
2 0.89917 0.79724 0.03500000000000003 0.09978000000000009
2 0.8574999999999999 0.799365 0.03500000000000003 0.09979000000000005
2 0.23417 0.41613500000000003 0.035 0.10191
2 0.23666500000000001 0.6072150000000001 0.03333 0.10191000000000006
2 0.235 0.798305 0.03334000000000001 0.10191000000000006
2 0.635 0.41189 0.033339999999999925 0.10192000000000001
2 0.76 0.40764500000000004 0.033339999999999925 0.10191
2 0.635 0.602975 0.033339999999999925 0.10191000000000006
2 0.6325000000000001 0.79724 0.03500000000000003 0.09978000000000009
2 0.76583 0.7983 0.03499999999999992 0.10616000000000003
2 0.766665 0.606155 0.03666999999999998 0.11253000000000002
2 0.1083335 0.4172 0.023332999999999993 0.12102000000000002
2 0.108335 0.6082799999999999 0.02667 0.11252000000000006
2 0.111665 0.8004249999999999 0.02332999999999999 0.10615000000000008
2 0.89583 0.225055 0.03499999999999992 0.10190999999999997
2 0.8525 0.22293000000000002 0.03500000000000003 0.10192000000000001
2 0.764165 0.21337499999999998 0.028329999999999966 0.11677000000000001
2 0.63083 0.21550000000000002 0.02499999999999991 0.11678000000000002
2 0.53083 0.239915 0.08500000000000002 0.09340999999999999
2 0.38167 0.24098 0.09999999999999998 0.09554000000000001
2 0.2375 0.219745 0.035 0.11676999999999998
2 0.1083315 0.225055 0.019997 0.11888999999999997
2 0.364165 0.1167725 0.048329999999999984 0.050954999999999986
2 0.416665 0.1167725 0.04666999999999999 0.050954999999999986
2 0.5225 0.115711 0.048339999999999994 0.053077999999999986
2 0.579165 0.114651 0.048329999999999984 0.050958
2 0.694165 0.055202 0.05832999999999999 0.025478
2 0.17416500000000001 0.061571 0.05833000000000002 0.025478
4 0.8775 0.5456449999999999 0.10165999999999997 0.01698999999999995
4 0.876665 0.35669 0.10333000000000003 0.02971999999999997
4 0.88 0.7409749999999999 0.10333999999999999 0.01698999999999995
5 0.875 0.47770999999999997 0.09333999999999998 0.025480000000000003
5 0.87833 0.6645449999999999 0.08999999999999997 0.02122999999999997
5 0.87833 0.8556250000000001 0.08999999999999997 0.02122999999999997
5 0.701665 0.49363 0.07333 0.08279999999999998
5 0.6325000000000001 0.5 0.04833999999999994 0.08704
5 0.769165 0.503185 0.048329999999999984 0.08916999999999997
5 0.163335 0.495755 0.07333 0.07006999999999997
5 0.2425 0.504245 0.05834000000000003 0.08704999999999996
5 0.1075015 0.510615 0.028337 0.07006999999999997
6 0.389165 0.496815 0.12167 0.06369000000000002
6 0.530835 0.49363 0.12833 0.05732000000000004
6 0.529165 0.684715 0.12833 0.05732999999999999
6 0.39083 0.685775 0.125 0.05945
6 0.529165 0.869425 0.12833 0.0573300000000001
6 0.3925 0.870485 0.12834 0.05945
7 0.93333 0.41825999999999997 0.040000000000000036 0.10615999999999998
7 0.8200000000000001 0.41825999999999997 0.039999999999999925 0.10615999999999998
7 0.93667 0.60722 0.040000000000000036 0.10616000000000003
7 0.820835 0.60722 0.038329999999999975 0.10616000000000003
7 0.93833 0.7983 0.040000000000000036 0.10616000000000003
7 0.8225 0.8004249999999999 0.03834000000000004 0.10615000000000008
4 0.16416999999999998 0.1167745 0.08499999999999999 0.05945099999999999
4 0.6983349999999999 0.1093395 0.09666999999999992 0.05732100000000001
9 0.5141685 0.33652 0.935003 0.053080000000000016
9 0.511665 0.52972 0.93333 0.027599999999999958
9 0.5141685 0.71444 0.935003 0.027599999999999958
9 0.5158315 0.90552 0.9349970000000001 0.02760000000000007
11 0.11083499999999999 0.96072 0.01833 0.05732000000000004
11 0.1675 0.96072 0.048339999999999994 0.05732000000000004
11 0.24083 0.96072 0.035 0.05732000000000004
11 0.16249999999999998 0.907645 0.09165999999999999 0.01910999999999996
11 0.395835 0.961785 0.09167000000000003 0.06369000000000002
11 0.525835 0.95329 0.10167000000000004 0.08067999999999997
11 0.8825000000000001 0.949045 0.15834000000000004 0.09340999999999999
11 0.7025 0.91083 0.09499999999999997 0.025479999999999947
11 0.76417 0.96497 0.025000000000000022 0.05732000000000004
11 0.634165 0.96709 0.028329999999999966 0.06581999999999999
11 0.70167 0.962845 0.050000000000000044 0.06581000000000004
2 0.22749999999999998 0.07431 0.035 0.038216
2 0.13333 0.072187 0.020000000000000018 0.03397
2 0.7408300000000001 0.065817 0.025000000000000022 0.029724
2 0.6475 0.0690025 0.028340000000000032 0.031847
