1 0.72323 0.625605 0.37568 0.6570100000000001
1 0.36933000000000005 0.719805 0.3285 0.48309
2 0.81216 0.692025 0.019959999999999978 0.07970999999999995
2 0.835755 0.69082 0.019970000000000043 0.07729999999999992
2 0.859345 0.689615 0.019970000000000043 0.07970999999999995
2 0.73775 0.69444 0.01634000000000002 0.07487999999999995
2 0.71506 0.69686 0.014519999999999977 0.07487999999999995
2 0.63793 0.6980649999999999 0.019959999999999978 0.07728999999999997
2 0.61252 0.700485 0.01996000000000009 0.07728999999999997
2 0.587115 0.700485 0.019969999999999932 0.07728999999999997
2 0.16605999999999999 0.060386499999999996 0.016339999999999993 0.067633
2 0.23412 0.05434800000000001 0.01813999999999999 0.065218
2 0.30127000000000004 0.051932500000000006 0.021779999999999966 0.065217
2 0.309435 0.17754 0.02359 0.07488
2 0.28312000000000004 0.178745 0.021779999999999966 0.07729
2 0.24137999999999998 0.18116 0.021779999999999994 0.07730000000000001
2 0.21416000000000002 0.183575 0.021779999999999994 0.07729
2 0.17423 0.18599 0.021779999999999994 0.07730000000000001
2 0.147005 0.1872 0.02177000000000001 0.07488
2 0.3049 0.316425 0.02178000000000002 0.07728999999999997
2 0.278585 0.31762999999999997 0.02359 0.07488
2 0.236845 0.32004999999999995 0.02359 0.07488
2 0.20962 0.32125499999999996 0.02360000000000001 0.07729000000000003
2 0.1706 0.32487999999999995 0.02178000000000002 0.07488
2 0.143375 0.32487999999999995 0.02177000000000001 0.07488
2 0.13974999999999999 0.46255999999999997 0.021779999999999994 0.07488
2 0.16697 0.460145 0.021779999999999994 0.07487000000000005
2 0.207805 0.45772999999999997 0.02359 0.07488
2 0.23412 0.45772999999999997 0.021779999999999994 0.07488
2 0.27405 0.45772999999999997 0.02178000000000002 0.07488
2 0.30127000000000004 0.45289999999999997 0.021779999999999966 0.07488
2 0.8167 0.38888999999999996 0.02178000000000002 0.08695999999999998
2 0.7559 0.3901 0.023600000000000065 0.08454
2 0.72958 0.39251 0.02177999999999991 0.08454
2 0.7023600000000001 0.39493 0.02178000000000002 0.08454
2 0.6406499999999999 0.39493 0.02178000000000002 0.08454
2 0.8620650000000001 0.544685 0.01815 0.07970999999999995
2 0.8384750000000001 0.5422750000000001 0.01815 0.07971000000000006
2 0.816695 0.544685 0.01815 0.07970999999999995
2 0.74773 0.54469 0.014520000000000088 0.07488000000000006
2 0.7132499999999999 0.5470999999999999 0.014519999999999977 0.07487999999999995
2 0.690565 0.5470999999999999 0.016329999999999956 0.07487999999999995
2 0.64156 0.54952 0.019959999999999978 0.07488000000000006
2 0.6170599999999999 0.5507249999999999 0.018139999999999934 0.07728999999999997
2 0.5934649999999999 0.55314 0.01815 0.07730000000000004
2 0.381125 0.28261000000000003 0.01815 0.07729999999999998
2 0.408345 0.28261000000000003 0.01815 0.07729999999999998
2 0.441015 0.28019499999999997 0.01815 0.07729000000000003
2 0.470055 0.27898999999999996 0.01815 0.07488
2 0.50363 0.27778 0.023600000000000065 0.07729999999999998
2 0.53176 0.27778 0.02177999999999991 0.07729999999999998
2 0.56443 0.27536 0.02178000000000002 0.07730000000000001
2 0.5934699999999999 0.27536 0.02178000000000002 0.07730000000000001
2 0.392015 0.41425 0.036290000000000044 0.06522
2 0.45372 0.41425 0.0363 0.06522
2 0.51543 0.410625 0.036300000000000054 0.06763000000000002
2 0.24864 0.7016899999999999 0.07622000000000001 0.11351999999999995
2 0.336665 0.7016899999999999 0.07440999999999998 0.11351999999999995
2 0.422865 0.700485 0.07623000000000002 0.11111000000000004
2 0.49637 0.69686 0.045379999999999976 0.11351999999999995
2 0.033575 0.4686 0.016334 0.04348000000000002
2 0.057169 0.471015 0.016334000000000008 0.04347000000000001
2 0.080762 0.471015 0.016333999999999987 0.04347000000000001
2 0.0780395 0.27415500000000004 0.014519000000000004 0.05073
2 0.0580765 0.27415500000000004 0.014519000000000004 0.05073
2 0.07350300000000001 0.38526499999999997 0.016334 0.055550000000000044
2 0.054446499999999995 0.38526499999999997 0.014518999999999997 0.055550000000000044
2 0.037205 0.38526499999999997 0.016334 0.055550000000000044
2 0.1588 0.7512099999999999 0.03448000000000001 0.11594000000000004
2 0.1070795 0.75362 0.036301000000000014 0.11594000000000004
2 0.0571685 0.75483 0.03448300000000001 0.11352000000000007
2 0.01270395 0.75483 0.021778099999999998 0.10870000000000002
5 0.157895 0.23188 0.06533 0.009660000000000002
5 0.225955 0.22464 0.06714999999999999 0.009660000000000002
5 0.292195 0.21981 0.06533 0.009660000000000002
5 0.15245 0.36715 0.06534000000000001 0.009660000000000002
5 0.22323 0.36353 0.06534000000000001 0.012080000000000035
5 0.29401 0.3599 0.06534000000000001 0.009660000000000002
5 0.154265 0.50483 0.06533000000000001 0.009660000000000002
6 0.49274 0.15097 0.11434 0.02174000000000001
7 0.673325 0.39493 0.025410000000000044 0.08454
7 0.6669700000000001 0.39493 0.02721999999999991 0.08454
7 0.77677 0.3901 0.025399999999999978 0.08454
7 0.788565 0.3901 0.027229999999999976 0.08454
7 0.785845 0.544685 0.025409999999999933 0.07970999999999995
7 0.666065 0.5519350000000001 0.025409999999999933 0.07971000000000006
7 0.880215 0.689615 0.025410000000000044 0.07970999999999995
7 0.785845 0.692025 0.025409999999999933 0.07970999999999995
7 0.6569849999999999 0.696855 0.01815 0.07970999999999995
7 0.5626150000000001 0.699275 0.025410000000000044 0.07970999999999995
8 0.392015 0.35749 0.047189999999999954 0.04348000000000002
8 0.45372 0.35507 0.04718 0.04347999999999996
8 0.516335 0.35266 0.04537000000000008 0.04348000000000002
8 0.57441 0.35024 0.045379999999999976 0.04347999999999996
9 0.37024 0.608695 0.3266800000000001 0.03381000000000001
9 0.37024 0.7657 0.3266800000000001 0.03382000000000007
9 0.72414 0.7475849999999999 0.3702399999999999 0.026570000000000094
11 0.21869 0.391305 0.09255999999999998 0.03865000000000002
11 0.7196 0.7934749999999999 0.3611599999999999 0.08937000000000006
11 0.10889199999999999 0.730675 0.03629599999999998 0.05073000000000005
11 0.0589849 0.799515 0.1107102 0.03864999999999996
11 0.09074245 0.90942 0.1778551 0.11352000000000007
11 0.36751500000000004 0.89855 0.15063 0.10628000000000004
11 0.250455 0.902175 0.07622999999999999 0.10869000000000006
11 0.481855 0.89855 0.07440999999999998 0.10628000000000004
11 0.61252 0.8961399999999999 0.09256000000000009 0.10628000000000004
11 0.72051 0.89493 0.11978 0.10870000000000002
11 0.83212 0.896135 0.09982000000000002 0.11111000000000004
11 0.896555 0.89976 0.025409999999999933 0.09904000000000002
11 0.44011 0.03864725 0.09255999999999998 0.0724635
