2 0.397785 0.41503999999999996 0.029950000000000032 0.04687999999999998
2 0.45833500000000005 0.41552500000000003 0.02865000000000001 0.047850000000000004
2 0.404295 0.49365499999999995 0.01693 0.014649999999999996
2 0.427735 0.49072499999999997 0.019529999999999992 0.012690000000000035
2 0.45117 0.494625 0.01432 0.014649999999999996
2 0.404295 0.51904 0.01693 0.028320000000000012
2 0.427735 0.518065 0.019529999999999992 0.03222999999999998
2 0.452475 0.5200199999999999 0.01693 0.028320000000000012
2 0.404945 0.588375 0.01822999999999997 0.014650000000000052
2 0.404945 0.612795 0.01822999999999997 0.026370000000000005
2 0.429035 0.612305 0.019530000000000047 0.029290000000000038
2 0.453125 0.6137699999999999 0.01822999999999997 0.02636000000000005
2 0.453125 0.588865 0.01822999999999997 0.01366999999999996
2 0.429035 0.58691 0.019530000000000047 0.011720000000000064
2 0.39453 0.703125 0.02864 0.05078999999999989
2 0.464195 0.7036100000000001 0.029949999999999977 0.05175999999999992
2 0.40625 0.78125 0.013020000000000032 0.011719999999999953
2 0.429035 0.780275 0.019530000000000047 0.01366999999999996
2 0.45117 0.78125 0.01432 0.011719999999999953
2 0.4069 0.80762 0.01432 0.03320000000000001
2 0.429685 0.80762 0.020830000000000015 0.03320000000000001
2 0.45247499999999996 0.808105 0.01433000000000001 0.03222999999999998
2 0.559245 0.77832 0.011709999999999998 0.011719999999999953
2 0.578125 0.77832 0.013030000000000097 0.011719999999999953
2 0.569015 0.806155 0.03125 0.036129999999999995
2 0.6074200000000001 0.77881 0.01432 0.012699999999999934
2 0.62565 0.77832 0.011720000000000064 0.011719999999999953
2 0.616535 0.806155 0.03254999999999997 0.036129999999999995
3 0.714845 0.890625 0.03125 0.0644499999999999
3 0.789065 0.88623 0.04427000000000003 0.07323999999999997
2 0.70573 0.7817350000000001 0.013020000000000032 0.01464999999999994
2 0.7233099999999999 0.7817350000000001 0.01432 0.01464999999999994
2 0.714845 0.80908 0.03125 0.03417999999999999
2 0.734375 0.7109399999999999 0.015630000000000033 0.029299999999999993
2 0.733725 0.68652 0.01693 0.011719999999999953
2 0.7597700000000001 0.68408 0.024740000000000095 0.012699999999999934
2 0.785155 0.68701 0.01823000000000008 0.012699999999999934
2 0.7604200000000001 0.708495 0.023440000000000016 0.03027000000000002
2 0.785155 0.7109399999999999 0.01823000000000008 0.029299999999999993
2 0.733725 0.590335 0.01693 0.01464999999999994
2 0.752605 0.5893550000000001 0.01041000000000003 0.012689999999999979
2 0.766275 0.5893550000000001 0.009110000000000062 0.012689999999999979
2 0.785155 0.59033 0.01823000000000008 0.012699999999999934
2 0.734375 0.61279 0.015630000000000033 0.022460000000000035
2 0.7597700000000001 0.611325 0.024740000000000095 0.025390000000000024
2 0.785155 0.612305 0.01823000000000008 0.023430000000000062
2 0.746745 0.49316499999999996 0.022129999999999983 0.013670000000000015
2 0.772785 0.49316499999999996 0.022130000000000094 0.013670000000000015
2 0.745445 0.52051 0.019530000000000047 0.03320000000000001
2 0.772785 0.5209999999999999 0.022130000000000094 0.03417999999999999
2 0.759765 0.39258000000000004 0.022129999999999983 0.011720000000000008
2 0.733725 0.412595 0.01693 0.020510000000000028
2 0.7858050000000001 0.41308500000000004 0.01693 0.019529999999999992
2 0.759765 0.41308500000000004 0.022129999999999983 0.019529999999999992
2 0.584635 0.39209 0.03125 0.047860000000000014
2 0.5488249999999999 0.40185499999999996 0.01693 0.05370999999999998
2 0.62565 0.402345 0.024739999999999984 0.054690000000000016
2 0.553385 0.47070500000000004 0.015630000000000033 0.013670000000000015
2 0.57487 0.47021500000000005 0.01432 0.014649999999999996
2 0.59505 0.47070500000000004 0.013020000000000032 0.013670000000000015
2 0.616535 0.47070500000000004 0.01693 0.013670000000000015
2 0.553385 0.49902 0.015630000000000033 0.03319999999999995
2 0.585285 0.49755499999999997 0.035149999999999904 0.03612999999999994
2 0.616535 0.49902 0.01693 0.03319999999999995
2 0.55208 0.574705 0.013020000000000032 0.014650000000000052
2 0.57096 0.574705 0.011719999999999953 0.014650000000000052
2 0.59961 0.574705 0.01432 0.014650000000000052
2 0.61849 0.574705 0.013020000000000032 0.014650000000000052
2 0.561195 0.603515 0.03125 0.035150000000000015
2 0.608725 0.6040000000000001 0.03254999999999997 0.03417999999999999
2 0.56185 0.682615 0.011720000000000064 0.01366999999999996
2 0.57943 0.682615 0.013020000000000032 0.01366999999999996
2 0.60677 0.6831050000000001 0.013020000000000032 0.01464999999999994
2 0.62305 0.6831050000000001 0.011719999999999953 0.01464999999999994
2 0.570965 0.7075199999999999 0.029950000000000032 0.02636000000000005
2 0.613935 0.70801 0.02994999999999992 0.02734000000000003
1 0.595055 0.589845 0.47917000000000004 0.67383
2 0.7487 0.30859499999999995 0.015619999999999967 0.023430000000000006
2 0.7708349999999999 0.30859499999999995 0.01562999999999992 0.023430000000000006
2 0.919925 0.30713 0.03255000000000008 0.026359999999999995
2 0.91536 0.519045 0.0625 0.04981000000000002
2 0.91536 0.42334 0.0625 0.040039999999999965
2 0.917315 0.6162099999999999 0.06901000000000002 0.05467999999999995
2 0.917315 0.708005 0.06901000000000002 0.04882999999999993
2 0.19661499999999998 0.73926 0.049469999999999986 0.041019999999999945
2 0.19661499999999998 0.81006 0.049469999999999986 0.03808
2 0.19596 0.67041 0.05077999999999999 0.03808
2 0.195965 0.5957049999999999 0.04816999999999999 0.04687000000000008
2 0.128255 0.54297 0.04557000000000001 0.041019999999999945
2 0.19531500000000002 0.523925 0.05468999999999999 0.04981000000000002
2 0.30664 0.80664 0.04558000000000001 0.039059999999999984
2 0.307945 0.7334 0.04557 0.039059999999999984
2 0.309245 0.6582 0.04557 0.039060000000000095
2 0.30664 0.5825199999999999 0.04558000000000001 0.040039999999999965
2 0.307945 0.50781 0.04557 0.03906000000000004
2 0.332685 0.4541 0.03254999999999997 0.023440000000000016
2 0.5918 0.31348 0.08983999999999992 0.039059999999999984
3 0.616535 0.890625 0.03254999999999997 0.06641000000000008
3 0.56771 0.890625 0.03386 0.06641000000000008
3 0.42969 0.89111 0.049480000000000024 0.06738
4 0.458985 0.389645 0.04816999999999999 0.04297000000000001
4 0.396485 0.388675 0.04816999999999999 0.04297000000000001
5 0.395835 0.44677500000000003 0.04427000000000003 0.01855000000000001
5 0.455725 0.44677500000000003 0.04427000000000003 0.01855000000000001
5 0.431645 0.55664 0.13151000000000002 0.048819999999999975
5 0.583985 0.51953 0.10807 0.009759999999999991
5 0.46354 0.740725 0.04947999999999997 0.024410000000000043
5 0.39322999999999997 0.740235 0.049480000000000024 0.025390000000000024
5 0.429035 0.828125 0.08984999999999999 0.009770000000000056
6 0.589195 0.74463 0.13151000000000002 0.05176000000000003
6 0.761065 0.7456050000000001 0.09244999999999992 0.04785000000000006
6 0.902995 0.736815 0.11329 0.036129999999999995
6 0.903645 0.6459950000000001 0.11458999999999997 0.04981000000000002
6 0.76237 0.651365 0.10285999999999995 0.06054999999999999
6 0.76107 0.5400400000000001 0.08464000000000005 0.039059999999999984
6 0.758465 0.44922 0.1028699999999999 0.0625
6 0.90365 0.546875 0.125 0.060550000000000104
6 0.908855 0.445315 0.13541000000000003 0.058589999999999975
6 0.92057 0.34424 0.07552000000000003 0.05176000000000003
6 0.759765 0.34473 0.07682999999999995 0.05077999999999999
6 0.591795 0.340335 0.11848999999999998 0.04198999999999997
5 0.58724 0.424805 0.044279999999999986 0.017569999999999975
6 0.29818 0.53711 0.07552000000000003 0.04688000000000003
6 0.296875 0.611325 0.07552999999999999 0.04296999999999995
6 0.29818 0.68701 0.07552000000000003 0.040040000000000076
6 0.296875 0.76172 0.07291000000000003 0.03515999999999997
6 0.29297 0.460935 0.11198 0.048829999999999985
6 0.171875 0.479495 0.12761 0.06444999999999995
6 0.432295 0.33838 0.14322999999999997 0.024419999999999997
6 0.813805 0.341795 0.03125 0.02149000000000001
6 0.70247 0.34033 0.037760000000000016 0.02245999999999998
6 0.8606750000000001 0.34033 0.041669999999999985 0.02245999999999998
6 0.978515 0.3418 0.04037000000000002 0.023440000000000016
5 0.5677099999999999 0.83643 0.04948000000000008 0.022459999999999924
5 0.61719 0.837405 0.04947999999999997 0.024409999999999932
8 0.5019549999999999 0.4209 0.019529999999999936 0.03515999999999997
8 0.6816450000000001 0.422365 0.019529999999999936 0.036129999999999995
4 0.5612 0.551755 0.04688000000000003 0.025390000000000024
4 0.610025 0.552735 0.04557 0.025390000000000024
5 0.60872 0.6303700000000001 0.037760000000000016 0.01856000000000002
5 0.55794 0.6303700000000001 0.037760000000000016 0.01856000000000002
6 0.42317499999999997 0.6498999999999999 0.10937000000000002 0.049799999999999955
6 0.89779 0.833985 0.11328000000000005 0.035150000000000015
8 0.789715 0.81006 0.08202999999999994 0.07909999999999995
5 0.7128950000000001 0.828615 0.055990000000000095 0.008790000000000076
8 0.58594 0.449705 0.03645999999999994 0.01855000000000001
8 0.70052 0.323245 0.03386 0.01366999999999996
8 0.492185 0.32421500000000003 0.02083000000000007 0.013670000000000015
8 0.811195 0.32421500000000003 0.01822999999999997 0.013670000000000015
8 0.860025 0.32421500000000003 0.01693 0.013670000000000015
8 0.759115 0.566895 0.08855000000000002 0.026370000000000005
9 0.597005 0.84668 0.47265 0.009759999999999991
9 0.5931 0.89746 0.47266 0.009759999999999991
9 0.591145 0.753905 0.47395 0.009769999999999945
9 0.595705 0.657225 0.47265000000000007 0.009769999999999945
9 0.5944 0.46191499999999996 0.47265999999999997 0.009770000000000001
9 0.5944 0.35692999999999997 0.47265999999999997 0.016600000000000004
10 0.6367149999999999 0.6987300000000001 0.005210000000000048 0.03808
10 0.535155 0.6987300000000001 0.005210000000000048 0.03808
10 0.5442750000000001 0.70459 0.005210000000000048 0.03417999999999999
10 0.642575 0.7041 0.00391000000000008 0.03515999999999997
10 0.591795 0.79834 0.006510000000000016 0.040039999999999965
10 0.534505 0.71924 0.009109999999999951 0.0048799999999999955
10 0.636065 0.719725 0.009109999999999951 0.003909999999999969
10 0.5358099999999999 0.6757850000000001 0.01432 0.007809999999999984
10 0.54492 0.68359 0.009120000000000017 0.005859999999999976
10 0.63607 0.6757850000000001 0.011719999999999953 0.007809999999999984
10 0.6432249999999999 0.68408 0.005210000000000048 0.0048799999999999955
10 0.591145 0.7749 0.01041000000000003 0.006839999999999957
10 0.5917950000000001 0.82129 0.009110000000000062 0.005859999999999976
11 0.272135 0.89209 0.13540999999999997 0.05371999999999999
11 0.71419 0.854005 0.03516000000000008 0.008790000000000076
11 0.74284 0.8833 0.016919999999999935 0.024419999999999997
11 0.6764349999999999 0.884275 0.01693 0.024410000000000043
11 0.617185 0.852055 0.033849999999999936 0.008790000000000076
11 0.56771 0.8530249999999999 0.03386 0.008789999999999965
11 0.42969 0.8530249999999999 0.052080000000000015 0.008789999999999965
