1 0.48420100000000005 0.502451 0.946098 0.995098
2 0.1403345 0.28064 0.131971 0.12990000000000002
2 0.31133500000000003 0.28554 0.13196999999999998 0.12990000000000002
2 0.480485 0.28554 0.13197000000000003 0.12990000000000002
2 0.641265 0.28798999999999997 0.13010999999999995 0.1299
2 0.80855 0.29289 0.13012 0.1299
2 0.13940550000000002 0.627455 0.133829 0.22059000000000006
2 0.30855 0.6299049999999999 0.13382000000000002 0.22058999999999995
2 0.477695 0.6348050000000001 0.13383000000000006 0.22058999999999995
2 0.6449849999999999 0.632355 0.13383 0.22059000000000006
2 0.8113349999999999 0.6348050000000001 0.13197000000000003 0.22058999999999995
7 0.477695 0.5808800000000001 0.12639 0.10784000000000005
7 0.6468400000000001 0.601715 0.12268000000000001 0.15440999999999994
7 0.8131999999999999 0.606615 0.12082000000000004 0.14951000000000003
9 0.4832695 0.1299 0.933081 0.049019999999999994
