1 0.4877925 0.535204 0.8759750000000001 0.926992
2 0.091311 0.37027 0.036138 0.08344000000000001
2 0.19433499999999998 0.37027 0.037110000000000004 0.08344000000000001
2 0.3042 0.36832 0.036140000000000005 0.08213999999999999
2 0.385255 0.36897 0.036129999999999995 0.08344000000000001
2 0.088381 0.50391 0.036138 0.08995999999999998
2 0.569825 0.37027 0.036129999999999995 0.08344000000000001
2 0.19286999999999999 0.50391 0.03613999999999998 0.08995999999999998
2 0.302245 0.50391 0.036129999999999995 0.08995999999999998
2 0.3833 0.50261 0.036140000000000005 0.08996000000000004
2 0.566895 0.50261 0.036129999999999995 0.08996000000000004
2 0.19286999999999999 0.656455 0.038079999999999975 0.09516999999999998
2 0.09033450000000001 0.656455 0.038091 0.09516999999999998
2 0.30127 0.656455 0.03808 0.09516999999999998
2 0.382325 0.65515 0.03809000000000001 0.09518000000000004
2 0.5668949999999999 0.65124 0.03809000000000007 0.09517999999999993
2 0.646975 0.37158 0.036129999999999995 0.08344000000000001
2 0.7558549999999999 0.370925 0.03711000000000009 0.08213000000000004
2 0.838865 0.37288 0.037109999999999976 0.08344000000000001
2 0.645995 0.50065 0.036129999999999995 0.09126000000000001
2 0.752445 0.5013 0.036129999999999995 0.08995999999999998
2 0.836425 0.50261 0.036129999999999995 0.08996000000000004
2 0.644045 0.6518900000000001 0.03808999999999996 0.09648000000000001
2 0.7504900000000001 0.65124 0.03808 0.09517999999999993
2 0.834475 0.64863 0.03808999999999996 0.09517999999999993
2 0.50439 0.36962 0.02245999999999998 0.08213999999999999
2 0.47802999999999995 0.37027 0.02245999999999998 0.08344000000000001
2 0.45116999999999996 0.36962 0.02148 0.08213999999999999
2 0.194825 0.259455 0.03222999999999998 0.05996999999999997
2 0.0908195 0.260755 0.03320100000000001 0.059969999999999996
2 0.30469 0.26205999999999996 0.03320000000000001 0.05997999999999998
2 0.38281 0.260755 0.03320000000000001 0.059969999999999996
2 0.47705 0.259455 0.03221999999999997 0.05996999999999997
2 0.569335 0.260755 0.03320999999999996 0.059969999999999996
2 0.64551 0.260755 0.03320000000000001 0.059969999999999996
2 0.75537 0.26205999999999996 0.02635999999999994 0.054759999999999975
2 0.83838 0.26205999999999996 0.02635999999999994 0.054759999999999975
2 0.181155 0.14733000000000002 0.03026999999999999 0.05476
2 0.28955 0.14733000000000002 0.03028000000000003 0.05476
2 0.368655 0.14733000000000002 0.03027000000000002 0.05476
2 0.45947499999999997 0.14733000000000002 0.030269999999999964 0.05476
2 0.550785 0.14733000000000002 0.03125 0.05476
2 0.626465 0.15059 0.030269999999999908 0.05606
2 0.733885 0.153195 0.03027000000000002 0.05607000000000001
2 0.4668 0.52347 0.056640000000000024 0.06128
2 0.465335 0.661665 0.05957000000000001 0.07952999999999999
2 0.18310500000000002 0.801175 0.04980999999999999 0.06649000000000005
2 0.297365 0.7979149999999999 0.04981000000000002 0.06518999999999997
2 0.37549 0.7979149999999999 0.04980000000000001 0.06518999999999997
2 0.827635 0.78618 0.04980999999999991 0.06518000000000002
2 0.74512 0.790095 0.04492000000000007 0.06519000000000008
2 0.637205 0.7927 0.043949999999999934 0.06257999999999997
2 0.561035 0.7927 0.04003000000000001 0.05998000000000003
2 0.46924 0.7972600000000001 0.06738 0.06388000000000005
4 0.093262 0.44459000000000004 0.06933599999999998 0.02345999999999998
4 0.19385 0.44459000000000004 0.06934000000000001 0.02345999999999998
4 0.30615000000000003 0.447195 0.06934000000000001 0.02346999999999999
4 0.385255 0.447195 0.06933 0.02346999999999999
4 0.569825 0.445895 0.06933 0.02346999999999999
4 0.6499 0.445895 0.06933999999999996 0.02346999999999999
4 0.75342 0.441985 0.06933999999999996 0.02346999999999999
4 0.84082 0.443285 0.06835999999999998 0.02346999999999999
4 0.65088 0.58605 0.07323999999999997 0.029980000000000007
4 0.57178 0.58605 0.07324000000000008 0.029980000000000007
4 0.38866999999999996 0.5886549999999999 0.07422000000000001 0.029990000000000072
4 0.30566000000000004 0.592565 0.07422000000000001 0.02998999999999996
4 0.093749 0.5867 0.07812200000000001 0.06780000000000008
4 0.19726500000000002 0.588005 0.07813 0.06779000000000002
4 0.844725 0.5827899999999999 0.07812999999999992 0.06779999999999997
4 0.757815 0.5827899999999999 0.07813000000000003 0.06779999999999997
8 0.46826 0.5847450000000001 0.06347999999999998 0.05606999999999995
9 0.4887705 0.22229500000000002 0.8642590000000001 0.10039000000000001
9 0.48828200000000005 0.42308 0.865236 0.027380000000000015
9 0.48340049999999996 0.5508500000000001 0.865239 0.02738000000000007
9 0.48340049999999996 0.7112149999999999 0.865239 0.03259000000000001
11 0.18017499999999997 0.897655 0.04199 0.10038999999999998
11 0.29247999999999996 0.898955 0.04199999999999998 0.10039000000000009
11 0.37011499999999997 0.897 0.04297000000000001 0.10170000000000001
11 0.0893545 0.900265 0.041991 0.10038999999999998
11 0.4624 0.896345 0.057620000000000005 0.10039000000000009
11 0.6269549999999999 0.867665 0.08202999999999994 0.09516999999999998
8 0.662595 0.687095 0.09863 0.10169000000000006
8 0.8574200000000001 0.6831799999999999 0.11327999999999994 0.10170000000000001
