1 0.4909885 0.49609328 0.9794029999999999 0.99023344
2 0.133845 0.21338000000000001 0.05663 0.08106000000000002
2 0.36422 0.229 0.05147999999999997 0.0791
2 0.49356500000000003 0.22998 0.05277000000000004 0.0791
2 0.6261300000000001 0.229 0.055340000000000056 0.0791
2 0.7567550000000001 0.22998 0.05405000000000004 0.0791
2 0.8861 0.228515 0.05020000000000002 0.07812999999999998
2 0.36358 0.38622999999999996 0.05534 0.0791
2 0.494205 0.38622999999999996 0.05662999999999996 0.08105999999999997
2 0.62291 0.37256 0.05147999999999997 0.05176000000000003
2 0.175675 0.3833 0.04504999999999998 0.08105999999999997
2 0.11904599999999999 0.382325 0.04246799999999999 0.07910999999999996
2 0.754825 0.38573999999999997 0.052769999999999984 0.07812000000000002
2 0.884815 0.385255 0.052769999999999984 0.07715
2 0.149295 0.54932 0.056629999999999986 0.07910000000000006
2 0.36229 0.55078 0.05276000000000003 0.08008000000000004
2 0.49228000000000005 0.55029 0.05534 0.07910000000000006
2 0.62355 0.549805 0.055340000000000056 0.08007000000000009
2 0.75418 0.549805 0.05147999999999997 0.07813000000000003
2 0.8861 0.55029 0.05275999999999992 0.07910000000000006
2 0.14994 0.712405 0.055339999999999986 0.08104999999999996
2 0.363575 0.71289 0.052769999999999984 0.08008000000000004
2 0.49485500000000004 0.7123999999999999 0.05277000000000004 0.07910000000000006
2 0.6242 0.7133799999999999 0.05147999999999997 0.08106000000000002
2 0.75354 0.7133799999999999 0.05020000000000002 0.08106000000000002
2 0.8861 0.71289 0.055339999999999945 0.08008000000000004
2 0.362935 0.8720699999999999 0.05404999999999999 0.08204
2 0.14672 0.873045 0.05405999999999998 0.08399000000000001
2 0.62291 0.872555 0.05406 0.08301000000000003
2 0.754825 0.8720699999999999 0.052769999999999984 0.08204
2 0.88481 0.8720699999999999 0.055339999999999945 0.08204
2 0.8713 0.057129 0.06691999999999998 0.034179999999999995
2 0.6235550000000001 0.064453 0.024449999999999972 0.017578000000000003
2 0.097813 0.048827999999999996 0.020594 0.013671999999999997
3 0.4955 0.9091800000000001 0.07721999999999996 0.1543
4 0.138995 0.49316499999999996 0.12355000000000001 0.03514999999999996
4 0.357145 0.49707 0.10938999999999999 0.02148
4 0.49035 0.49658499999999994 0.11068 0.024409999999999987
4 0.75161 0.49658499999999994 0.10295999999999994 0.024409999999999987
4 0.881595 0.49707 0.11068999999999996 0.02343999999999996
5 0.148651 0.427735 0.12741799999999998 0.01757000000000003
5 0.357785 0.43261499999999997 0.09009 0.019529999999999992
5 0.49034999999999995 0.43115499999999995 0.08751999999999999 0.01855000000000001
5 0.75418 0.430175 0.09523999999999999 0.020509999999999973
5 0.88224 0.42822000000000005 0.09138000000000002 0.016600000000000004
6 0.6093949999999999 0.44970999999999994 0.15573000000000004 0.11425999999999997
8 0.36229 0.46240499999999995 0.04503999999999997 0.03809000000000001
8 0.88417 0.46143 0.041179999999999994 0.040039999999999965
8 0.49485 0.77637 0.17374 0.09179999999999999
8 0.131275 0.14795 0.04375000000000001 0.04199999999999998
9 0.49228000000000005 0.1118165 0.95882 0.10058700000000001
9 0.49421000000000004 0.305175 0.96268 0.07910999999999996
9 0.4909915 0.612305 0.958817 0.07813000000000003
9 0.492922 0.77881 0.954956 0.06738
10 0.192405 0.1958 0.019309999999999994 0.10643999999999998
10 0.0701415 0.19385 0.019305000000000003 0.1084
10 0.300515 0.20947000000000002 0.009010000000000018 0.10254000000000002
10 0.42664 0.20996 0.02188000000000001 0.10156000000000004
10 0.55663 0.209965 0.019299999999999984 0.09961
10 0.6891849999999999 0.21045 0.016730000000000023 0.09864
10 0.82111 0.20996 0.018019999999999925 0.10352
10 0.951735 0.21094 0.01930999999999994 0.10352
10 0.9646049999999999 0.21094000000000002 0.009010000000000074 0.10156000000000001
10 0.066924 0.260745 0.03861 0.03125
10 0.18983 0.261715 0.03989999999999999 0.031249999999999972
10 0.301805 0.27393 0.016730000000000023 0.028320000000000012
10 0.42664 0.27441499999999996 0.032179999999999986 0.029289999999999983
10 0.55534 0.27539 0.03731999999999991 0.029299999999999993
10 0.68726 0.27441499999999996 0.033460000000000045 0.029289999999999983
10 0.818535 0.27588 0.030890000000000084 0.028320000000000012
10 0.95045 0.27539 0.02960000000000007 0.027339999999999975
10 0.9703999999999999 0.27637 0.00772000000000006 0.02734000000000003
10 0.021879000000000003 0.1333 0.030888000000000002 0.012699999999999989
10 0.023809499999999997 0.19336 0.014157 0.10742000000000002
10 0.023809499999999997 0.26123 0.019305 0.028320000000000012
10 0.068211 0.13427499999999998 0.02574 0.012690000000000007
10 0.19112 0.13574 0.029599999999999987 0.011720000000000008
10 0.30179999999999996 0.15185500000000002 0.014160000000000006 0.012690000000000007
10 0.42407 0.152345 0.02959999999999996 0.013669999999999988
10 0.5546949999999999 0.152835 0.028309999999999946 0.014649999999999996
10 0.687905 0.152835 0.02703 0.014649999999999996
10 0.81918 0.151365 0.02960000000000007 0.015629999999999977
10 0.94981 0.15283 0.025739999999999985 0.012699999999999989
10 0.9678249999999999 0.1543 0.012870000000000048 0.011720000000000008
