1 0.50048985 0.4987035 0.9951203 0.9948130000000001
2 0.24463000000000001 0.24903 0.06738000000000002 0.18158000000000002
2 0.38037 0.24773 0.06738 0.18158
2 0.526365 0.24967499999999998 0.09374999999999994 0.19845
2 0.67822 0.25616 0.07910000000000006 0.19066000000000002
2 0.8168949999999999 0.259405 0.07518999999999998 0.18937
2 0.10302850000000001 0.5473399999999999 0.079103 0.20752000000000004
2 0.24414000000000002 0.54345 0.06836 0.21272000000000002
2 0.379395 0.546045 0.06933 0.21270999999999995
2 0.5351549999999999 0.55188 0.07812999999999998 0.24254000000000003
2 0.679685 0.55058 0.07813000000000003 0.24253999999999992
2 0.8188500000000001 0.5492900000000001 0.07520000000000004 0.23475999999999997
2 0.52637 0.8806700000000001 0.07422000000000001 0.22568
2 0.6762699999999999 0.878725 0.07520000000000004 0.22957000000000005
2 0.37793 0.8806700000000001 0.07032 0.22568
2 0.24218499999999998 0.8800250000000001 0.07030999999999998 0.22438999999999998
3 0.10986100000000001 0.8904 0.06737800000000001 0.20882
2 0.81738 0.8767849999999999 0.07421999999999995 0.23087000000000002
2 0.954105 0.263295 0.07617000000000007 0.17898999999999998
5 0.103517 0.35084 0.09570600000000001 0.024639999999999995
5 0.24414 0.345655 0.08398 0.019449999999999967
5 0.38134999999999997 0.345005 0.08495999999999998 0.02074999999999999
5 0.52832 0.35602999999999996 0.10742000000000007 0.019459999999999977
5 0.68018 0.35538000000000003 0.09082000000000001 0.01816000000000001
5 0.8188500000000001 0.35862499999999997 0.08496000000000004 0.019450000000000023
5 0.95166 0.35797999999999996 0.08692 0.01816000000000001
5 0.1040035 0.657585 0.092773 0.020750000000000046
5 0.244145 0.6582349999999999 0.08789000000000002 0.022050000000000014
5 0.37939500000000004 0.656935 0.08105000000000001 0.022050000000000014
5 0.53662 0.67639 0.09472000000000008 0.016859999999999986
5 0.6787099999999999 0.67445 0.08984000000000003 0.018159999999999954
5 0.81982 0.671855 0.09082000000000001 0.020750000000000046
8 0.105471 0.780805 0.126958 0.08560999999999996
9 0.502931 0.71336 0.984378 0.054480000000000084
