1 0.50243675 0.511679 0.9918865 0.972402
2 0.261365 0.1422525 0.05518999999999999 0.10191499999999999
2 0.36850499999999997 0.140126 0.05519000000000002 0.101908
2 0.23945 0.360935 0.0763 0.14437
2 0.24026 0.631635 0.07468000000000002 0.1464899999999999
2 0.23701499999999998 0.89915 0.07466999999999999 0.14650000000000007
2 0.7548699999999999 0.6401300000000001 0.07467999999999997 0.14649999999999996
2 0.756495 0.9118900000000001 0.07467000000000001 0.14649999999999996
2 0.75406 0.37155000000000005 0.07629999999999992 0.14438
2 0.7832749999999999 0.15073999999999999 0.053570000000000007 0.09341999999999999
2 0.887175 0.15605 0.053570000000000007 0.09554
2 0.38555 0.33864 0.03083999999999998 0.09130000000000005
2 0.6388 0.34395 0.03083999999999998 0.08917999999999998
2 0.64286 0.6104050000000001 0.029220000000000024 0.09128999999999998
2 0.38149500000000003 0.6072150000000001 0.025969999999999993 0.08917000000000008
2 0.632305 0.8821650000000001 0.043830000000000036 0.09128999999999998
2 0.5673699999999999 0.8821650000000001 0.04383999999999999 0.09128999999999998
2 0.510555 0.8821650000000001 0.04382999999999998 0.09128999999999998
2 0.454545 0.8800399999999999 0.045450000000000046 0.09130000000000005
2 0.392045 0.8800399999999999 0.04382999999999998 0.09130000000000005
2 0.454545 0.737795 0.042210000000000025 0.11253000000000002
2 0.511365 0.737795 0.042210000000000025 0.11253000000000002
2 0.5689949999999999 0.738855 0.040590000000000015 0.11465000000000003
2 0.45698 0.332275 0.04383999999999999 0.07430999999999999
2 0.512985 0.334395 0.04220999999999997 0.07430999999999999
2 0.569805 0.336515 0.04221000000000008 0.07430999999999999
2 0.455355 0.555205 0.043830000000000036 0.16773000000000005
2 0.511365 0.5541400000000001 0.042210000000000025 0.16986
2 0.5689949999999999 0.5551999999999999 0.040590000000000015 0.16347999999999996
2 0.5267850000000001 0.13482149999999998 0.030849999999999933 0.11677699999999999
2 0.58036 0.138003 0.03083999999999998 0.11889399999999999
2 0.6347400000000001 0.145434 0.032460000000000044 0.10403199999999999
4 0.7548699999999999 0.5254749999999999 0.12337999999999993 0.07430999999999999
4 0.24026 0.5191049999999999 0.12337999999999999 0.07430999999999999
5 0.23539000000000002 0.7144349999999999 0.12662 0.031850000000000045
5 0.75974 0.718685 0.12661999999999995 0.031849999999999934
7 0.22240500000000002 0.36199499999999996 0.03570999999999999 0.13801000000000002
7 0.258115 0.36199499999999996 0.03570999999999999 0.13801000000000002
7 0.689125 0.36306 0.043830000000000036 0.14861999999999997
7 0.814125 0.368365 0.040590000000000015 0.14649
7 0.17289 0.62739 0.04384000000000002 0.1507400000000001
7 0.298705 0.631635 0.04220999999999997 0.15075000000000005
7 0.8165549999999999 0.63482 0.04220999999999997 0.15286
7 0.6907449999999999 0.636945 0.043829999999999925 0.15287000000000006
7 0.8157449999999999 0.90764 0.043829999999999925 0.1507400000000001
7 0.6931849999999999 0.910825 0.04220999999999997 0.15287000000000006
7 0.1737 0.901275 0.038959999999999995 0.15075000000000005
7 0.29789 0.90446 0.040580000000000005 0.15286
9 0.504872 0.24841000000000002 0.977276 0.09766
9 0.503247 0.44586000000000003 0.9837659999999999 0.04246
9 0.49513 0.8036099999999999 0.6461 0.04033999999999993
5 0.511365 0.645435 0.17532999999999993 0.025469999999999993
4 0.31493499999999996 0.0573245 0.22076999999999997 0.046709
4 0.59091 0.0530785 0.22078000000000003 0.046709
