1 0.45478450000000004 0.538575 0.842271 0.8701099999999999
2 0.1188235 0.244145 0.07571300000000002 0.09960999999999998
2 0.288115 0.241215 0.07571 0.09961
2 0.454785 0.241215 0.07677 0.09961
2 0.621455 0.242185 0.07570999999999994 0.09961000000000003
2 0.785485 0.246095 0.07570999999999994 0.09961
2 0.11671700000000002 0.45215000000000005 0.07570600000000001 0.13672
2 0.28654 0.44970499999999997 0.07676 0.13768999999999998
2 0.457415 0.44873 0.07571 0.13770000000000004
2 0.621455 0.44970499999999997 0.07570999999999994 0.13768999999999998
2 0.785485 0.450685 0.07570999999999994 0.13769000000000003
2 0.12355449999999998 0.66846 0.08307099999999999 0.11425999999999992
2 0.29074500000000003 0.666505 0.08307000000000003 0.11424999999999996
2 0.455835 0.666505 0.08306999999999998 0.11424999999999996
2 0.621975 0.66162 0.08307000000000009 0.11426000000000003
2 0.781805 0.65967 0.08306999999999998 0.11426000000000003
2 0.945845 0.228515 0.05992999999999993 0.10742999999999997
2 0.944795 0.44921500000000003 0.05992999999999993 0.11718999999999996
2 0.94164 0.660645 0.05993999999999999 0.10448999999999997
3 0.459515 0.89795 0.07361000000000001 0.12597999999999998
4 0.1230275 0.59375 0.128285 0.02733999999999992
4 0.28917000000000004 0.59375 0.12828 0.02733999999999992
4 0.46004 0.589845 0.12934 0.027349999999999985
4 0.62303 0.586425 0.12934 0.026370000000000005
4 0.786015 0.5849599999999999 0.12932999999999995 0.02734000000000003
4 0.12039749999999999 0.34912 0.123025 0.045899999999999996
4 0.28496 0.34765999999999997 0.12407999999999997 0.044920000000000015
4 0.452685 0.34765999999999997 0.12302999999999997 0.044920000000000015
4 0.6225 0.35058500000000004 0.12408000000000008 0.04492999999999997
4 0.78654 0.35058500000000004 0.12407999999999997 0.04492999999999997
4 0.9469 0.14209 0.09148 0.04200000000000001
4 0.94322 0.356445 0.10726000000000002 0.05664999999999998
5 0.1209265 0.549315 0.113567 0.06933
5 0.2939 0.544925 0.11462000000000003 0.0703100000000001
5 0.454785 0.549315 0.11461000000000005 0.06933
5 0.621975 0.5429649999999999 0.11460999999999999 0.07030999999999998
5 0.7860149999999999 0.5429649999999999 0.11460999999999999 0.07030999999999998
5 0.1261855 0.745115 0.11356899999999999 0.052730000000000055
5 0.293375 0.7446250000000001 0.11357000000000003 0.053710000000000035
5 0.45899 0.745115 0.11462 0.052730000000000055
5 0.62513 0.7407250000000001 0.11462000000000006 0.053710000000000035
5 0.78391 0.737305 0.11461999999999994 0.052729999999999944
5 0.9469000000000001 0.30078 0.09989999999999999 0.029299999999999993
7 0.17613499999999999 0.2417 0.04101000000000002 0.09864
7 0.23027999999999998 0.23779499999999998 0.039959999999999996 0.09862999999999997
7 0.061514 0.24072500000000002 0.04101 0.10449
7 0.345425 0.23876999999999998 0.04100999999999999 0.10450000000000001
7 0.399055 0.237305 0.04100999999999999 0.10350999999999999
7 0.5136700000000001 0.237795 0.041000000000000036 0.10449000000000003
7 0.567295 0.242675 0.04100999999999999 0.10449000000000003
7 0.680865 0.2417 0.0410100000000001 0.10449999999999998
7 0.73239 0.242675 0.036799999999999944 0.10449000000000003
7 0.84175 0.24756 0.03469999999999995 0.09863999999999998
7 0.061514 0.44922 0.038905999999999996 0.13672000000000006
7 0.17455 0.44823999999999997 0.039959999999999996 0.13671999999999995
7 0.23185999999999998 0.45117 0.03889999999999999 0.13672000000000006
7 0.344375 0.44823999999999997 0.03891 0.13671999999999995
7 0.39853 0.447265 0.039959999999999996 0.13670999999999994
7 0.50999 0.447265 0.03996000000000005 0.13670999999999994
7 0.570455 0.44823999999999997 0.03891 0.13671999999999995
7 0.676655 0.44823999999999997 0.03891 0.13671999999999995
7 0.733965 0.44823999999999997 0.03995000000000004 0.13671999999999995
7 0.83859 0.44823999999999997 0.038900000000000046 0.13671999999999995
8 0.539955 0.69092 0.04100999999999999 0.07323999999999997
9 0.4579415 0.152835 0.8296570000000001 0.06542999999999999
9 0.4521565 0.311525 0.830707 0.04686999999999997
9 0.454258 0.76709 0.830704 0.028320000000000012
11 0.74658 0.785155 0.25026000000000004 0.03907000000000005
11 0.60673 0.81494 0.02523999999999993 0.05176000000000003
11 0.363825 0.802735 0.018930000000000002 0.023430000000000062
11 0.4327 0.8212900000000001 0.11881999999999998 0.08984000000000003
11 0.48265 0.831055 0.08412000000000003 0.019530000000000047
11 0.675605 0.8828100000000001 0.07045000000000001 0.1543
11 0.61619 0.898925 0.042059999999999986 0.09863
11 0.61882 0.9375 0.04942000000000002 0.06054000000000004
11 0.733965 0.8950199999999999 0.03784999999999994 0.09277999999999997
11 0.783385 0.87744 0.056789999999999896 0.14942
11 0.8343849999999999 0.88672 0.026290000000000036 0.07812000000000008
11 0.849105 0.933595 0.051530000000000076 0.052730000000000055
11 0.291795 0.881835 0.09778999999999999 0.15625
11 0.1382765 0.884275 0.09358700000000002 0.16113
