1 0.504285 0.55909 0.98857 0.8394
2 0.080712 0.5575749999999999 0.049996 0.17574999999999996
2 0.08499999999999999 0.35606 0.05 0.17271999999999998
2 0.22643 0.36212 0.04999999999999999 0.17271999999999998
2 0.22786 0.5681849999999999 0.04999999999999996 0.17272999999999994
2 0.6464300000000001 0.55303 0.04999999999999993 0.17272000000000004
2 0.815715 0.5833349999999999 0.05429000000000006 0.17272999999999994
2 0.8142849999999999 0.368185 0.05429000000000006 0.17273
2 0.6499999999999999 0.325755 0.054279999999999995 0.17273
2 0.702145 0.565155 0.02143000000000006 0.17273
2 0.700715 0.3303 0.024290000000000034 0.17576
2 0.35928499999999997 0.551515 0.04143000000000002 0.16362999999999994
2 0.363575 0.31212 0.04143000000000002 0.16364
2 0.322145 0.56515 0.04143000000000002 0.16665999999999992
2 0.323575 0.35606 0.04142999999999997 0.16666000000000003
2 0.102857 0.78182 0.034286 0.18181999999999998
2 0.057857000000000006 0.78182 0.035714 0.18181999999999998
2 0.152145 0.786365 0.03571000000000002 0.17879
2 0.20071499999999998 0.7878799999999999 0.03570999999999999 0.18181999999999998
2 0.247855 0.79091 0.03570999999999999 0.1818200000000001
2 0.299285 0.795455 0.035709999999999964 0.17879
2 0.35143 0.792425 0.03428000000000003 0.17879
2 0.95 0.8227249999999999 0.03714000000000006 0.19091000000000002
2 0.899285 0.8227249999999999 0.03856999999999999 0.19091000000000002
2 0.84143 0.8196950000000001 0.03713999999999995 0.19091000000000002
2 0.79 0.8227249999999999 0.03714000000000006 0.19091000000000002
3 0.6028549999999999 0.83636 0.14856999999999998 0.18788000000000005
6 0.352145 0.35909 0.061429999999999985 0.08788000000000001
6 0.34857000000000005 0.59242 0.06 0.08788000000000007
7 0.086428 0.36515 0.044284000000000004 0.13635999999999998
7 0.227855 0.366665 0.044289999999999996 0.13939000000000001
7 0.36428499999999997 0.319695 0.03428999999999999 0.16061000000000003
7 0.324285 0.36818 0.037150000000000016 0.13029999999999997
7 0.649285 0.322725 0.047150000000000025 0.16061
7 0.815 0.37576 0.04999999999999993 0.15152
7 0.70143 0.33182 0.020000000000000018 0.16059999999999997
9 0.5085735 0.207575 0.971433 0.06362999999999999
11 0.147145 0.65303 0.06570999999999999 0.05152000000000001
6 0.6657150000000001 0.38029999999999997 0.10285 0.11818000000000001
6 0.6671400000000001 0.61667 0.10286000000000006 0.11818000000000006
6 0.815715 0.630305 0.051429999999999976 0.07272999999999996
6 0.8142849999999999 0.415155 0.051429999999999976 0.07272999999999996
6 0.0849985 0.40606 0.044283 0.07272
6 0.225 0.40606 0.044279999999999986 0.07272
6 0.22714499999999999 0.6090899999999999 0.04571 0.07272
6 0.082145 0.60606 0.044289999999999996 0.07272
6 0.320715 0.39697000000000005 0.035709999999999964 0.06666
6 0.322145 0.60909 0.03571000000000002 0.06665999999999994
