1 0.5014472 0.508895 0.9971056 0.81621
2 0.305355 0.295455 0.13602999999999998 0.16403000000000004
2 0.161362 0.29842 0.13169599999999998 0.16206
2 0.04630985 0.29842 0.08104230000000001 0.15810000000000002
2 0.454415 0.291505 0.13602999999999993 0.16403
2 0.606365 0.291505 0.13602999999999998 0.16403
2 0.75398 0.289525 0.13603999999999994 0.16402999999999998
2 0.904485 0.291505 0.13602999999999998 0.16403
2 0.454415 0.57411 0.13602999999999993 0.16403999999999996
2 0.30825 0.5721350000000001 0.13604 0.16403
2 0.16425499999999998 0.57411 0.12591 0.16403999999999996
2 0.0499275 0.56917 0.07670099999999999 0.15810000000000002
2 0.603475 0.57411 0.13602999999999998 0.16403999999999996
2 0.75615 0.5721350000000001 0.13457999999999992 0.16403
2 0.9059349999999999 0.57411 0.13602999999999998 0.16403999999999996
2 0.309695 0.8290550000000001 0.13602999999999998 0.16403
2 0.16932 0.8310249999999999 0.12736000000000003 0.16403
2 0.052822 0.82016 0.0767 0.1580999999999999
2 0.45875499999999997 0.827075 0.13602999999999998 0.16403
2 0.606365 0.8250949999999999 0.13602999999999998 0.16403
2 0.75398 0.8250949999999999 0.13603999999999994 0.16403
2 0.9030400000000001 0.8250949999999999 0.13604000000000005 0.16403
7 0.044862450000000005 0.28162 0.0752531 0.11264000000000002
7 0.16353 0.29051 0.12445999999999999 0.13834
7 0.753255 0.27075 0.13169000000000008 0.11857999999999999
7 0.904485 0.273715 0.13024999999999998 0.12055000000000002
7 0.9052100000000001 0.565215 0.13170000000000004 0.14229000000000003
7 0.755425 0.565215 0.13024999999999998 0.14229000000000003
7 0.60275 0.5662050000000001 0.13169999999999993 0.14031000000000005
7 0.45369000000000004 0.567195 0.13169999999999998 0.14229000000000003
7 0.30825 0.54644 0.13023999999999997 0.10870000000000002
7 0.605645 0.8083 0.12301000000000006 0.07509999999999994
