2 0.13721 0.340385 0.040040000000000006 0.10128999999999999
2 0.1958 0.340385 0.03808 0.10128999999999999
2 0.28808500000000004 0.340385 0.039069999999999994 0.10128999999999999
2 0.34668 0.341025 0.039059999999999984 0.10257
2 0.43652 0.34167000000000003 0.039059999999999984 0.10127999999999998
2 0.49413999999999997 0.34167000000000003 0.039059999999999984 0.10127999999999998
2 0.140135 0.5391 0.038089999999999985 0.09871999999999997
2 0.19531500000000002 0.5391 0.037110000000000004 0.09871999999999997
2 0.290035 0.539745 0.037109999999999976 0.09742999999999996
2 0.345705 0.5391 0.037109999999999976 0.09871999999999997
2 0.440425 0.5141 0.03125 0.10255999999999998
2 0.47705 0.51474 0.03028000000000003 0.10127999999999998
2 0.513675 0.514745 0.03125 0.10385
2 0.586425 0.53846 0.03808999999999996 0.09744000000000003
2 0.641605 0.5391050000000001 0.037109999999999976 0.09615000000000001
2 0.73584 0.5391050000000001 0.03808 0.09615000000000001
2 0.7900400000000001 0.5391050000000001 0.039059999999999984 0.09615000000000001
2 0.5849599999999999 0.34167000000000003 0.039059999999999984 0.10127999999999998
2 0.64307 0.34103 0.040039999999999965 0.09999999999999998
2 0.73584 0.34167000000000003 0.03808 0.10127999999999998
2 0.79199 0.34103 0.039059999999999984 0.09999999999999998
4 0.61572 0.47179499999999996 0.13184000000000007 0.025650000000000006
4 0.76709 0.47179499999999996 0.13378 0.025650000000000006
4 0.6167 0.6743600000000001 0.14356000000000002 0.05384
4 0.768555 0.6743600000000001 0.14453000000000005 0.05384
2 0.586425 0.73718 0.03808999999999996 0.09999999999999998
2 0.640625 0.73718 0.03906999999999994 0.09999999999999998
2 0.73584 0.73718 0.03808 0.09999999999999998
2 0.78955 0.73718 0.03808 0.09999999999999998
2 0.44872999999999996 0.723715 0.045899999999999996 0.11667000000000005
2 0.505375 0.723715 0.047850000000000004 0.11667000000000005
2 0.3457 0.73718 0.039059999999999984 0.09999999999999998
2 0.291015 0.73782 0.039069999999999994 0.10128000000000004
2 0.194825 0.73782 0.03809000000000001 0.10128000000000004
2 0.13916 0.73782 0.04003999999999999 0.10128000000000004
1 0.46679800000000005 0.519232 0.789064 0.958976
2 0.925295 0.175 0.053710000000000035 0.08846000000000001
2 0.9262699999999999 0.031410099999999996 0.041999999999999926 0.0551278
3 0.4668 0.93846 0.09570000000000006 0.11026000000000002
4 0.1650415 0.46923 0.138677 0.028200000000000003
4 0.316405 0.46858999999999995 0.13477000000000003 0.029480000000000006
4 0.31884999999999997 0.6737200000000001 0.1416 0.06281999999999999
4 0.1669915 0.6711499999999999 0.142577 0.06281999999999999
5 0.16650500000000001 0.601925 0.12793 0.03205000000000002
5 0.31738500000000003 0.5993550000000001 0.12891000000000002 0.03205000000000002
5 0.767085 0.601925 0.12793 0.03205000000000002
5 0.616695 0.602565 0.12793 0.030769999999999964
5 0.43994 0.59231 0.030279999999999974 0.03590000000000004
5 0.476075 0.5935900000000001 0.030269999999999964 0.03589999999999993
5 0.513185 0.59487 0.03027000000000002 0.03590000000000004
8 0.47802500000000003 0.419875 0.020509999999999973 0.044869999999999965
2 0.92334 0.36089499999999997 0.040039999999999965 0.09103
8 0.4702175 0.22564 0.778325 0.08462000000000003
4 0.166503 0.272435 0.13769399999999998 0.029490000000000016
4 0.31494 0.270515 0.13770000000000002 0.028209999999999957
4 0.46533 0.276285 0.1377 0.029490000000000016
4 0.6147450000000001 0.276285 0.13768999999999998 0.029490000000000016
4 0.76709 0.275 0.13770000000000004 0.029480000000000006
9 0.4667975 0.419235 0.777345 0.06922999999999996
9 0.468261 0.8141050000000001 0.778318 0.06923000000000001
10 0.11084 0.35962 0.012700000000000003 0.06281999999999999
10 0.22217 0.36026 0.012699999999999989 0.06409999999999999
10 0.16650500000000001 0.36026 0.02051 0.06409999999999999
10 0.31738500000000003 0.36154 0.019529999999999992 0.06409999999999999
10 0.262695 0.35962 0.011709999999999998 0.06281999999999999
10 0.37305 0.358975 0.011720000000000008 0.06411
10 0.40967 0.35962 0.012699999999999989 0.06281999999999999
10 0.5209950000000001 0.35962 0.012689999999999979 0.06281999999999999
10 0.46533 0.36026 0.018559999999999965 0.061539999999999984
10 0.6137699999999999 0.358975 0.01856000000000002 0.06411
10 0.55957 0.35962 0.011719999999999953 0.06281999999999999
10 0.6689449999999999 0.36026 0.011709999999999998 0.06409999999999999
10 0.7099599999999999 0.35962 0.011720000000000064 0.06281999999999999
10 0.81836 0.358975 0.011719999999999953 0.06411
10 0.7636700000000001 0.358975 0.01758000000000004 0.06411
10 0.11084 0.32308000000000003 0.01464 0.010259999999999991
10 0.222655 0.32308000000000003 0.015630000000000005 0.010259999999999991
10 0.16649999999999998 0.32308000000000003 0.022460000000000008 0.010259999999999991
10 0.31738 0.32436 0.02148 0.010259999999999991
10 0.262205 0.32372 0.014649999999999996 0.008979999999999988
10 0.37255499999999997 0.322435 0.014649999999999996 0.008969999999999978
10 0.409665 0.322435 0.014650000000000052 0.008969999999999978
10 0.521485 0.32372 0.015630000000000033 0.008979999999999988
10 0.560055 0.32308000000000003 0.01464999999999994 0.010259999999999991
10 0.46630499999999997 0.32244 0.020509999999999973 0.011539999999999995
10 0.614255 0.32244 0.019530000000000047 0.011539999999999995
10 0.669435 0.32308000000000003 0.014650000000000052 0.010259999999999991
10 0.708985 0.32244 0.015630000000000033 0.011539999999999995
10 0.818845 0.32115 0.01464999999999994 0.011539999999999995
10 0.76416 0.32115 0.022460000000000035 0.011539999999999995
11 0.24169949999999998 0.920515 0.334961 0.14615
11 0.6918949999999999 0.92308 0.33104999999999996 0.14871999999999996
