1 0.55591 0.52511 0.8466400000000001 0.74886
2 0.357025 0.23402 0.055910000000000015 0.07077999999999998
2 0.751595 0.23515999999999998 0.055910000000000015 0.07762
2 0.24361 0.4121 0.05271999999999999 0.06163999999999997
2 0.24361 0.5810500000000001 0.05271999999999999 0.06164000000000003
2 0.246805 0.754565 0.05271000000000001 0.06164999999999998
2 0.8809899999999999 0.413245 0.05271999999999999 0.06392999999999999
2 0.88578 0.585615 0.05271999999999999 0.07077
2 0.8849849999999999 0.75114 0.05430999999999997 0.07762000000000002
2 0.39297 0.407535 0.08626 0.08446999999999999
2 0.39137 0.582195 0.08626 0.08218999999999999
2 0.72045 0.406395 0.08626 0.08218999999999999
2 0.72364 0.5810500000000001 0.08626 0.08448
2 0.635785 0.239725 0.09265000000000001 0.06392999999999999
2 0.484025 0.237445 0.09265000000000001 0.06392999999999999
2 0.54313 0.407535 0.09904000000000002 0.06165000000000004
2 0.5447299999999999 0.5810500000000001 0.09903999999999996 0.06164000000000003
2 0.54553 0.75685 0.10064000000000001 0.07533999999999996
2 0.39537 0.75913 0.08786000000000005 0.08904000000000001
2 0.722045 0.75685 0.08626999999999996 0.08904000000000001
2 0.541535 0.128995 0.02237 0.02055
5 0.392175 0.452055 0.10382999999999998 0.01368999999999998
5 0.722045 0.4532 0.10543000000000002 0.015979999999999994
5 0.7236450000000001 0.62443 0.10543000000000002 0.015979999999999994
5 0.39297499999999996 0.6267100000000001 0.10542999999999997 0.015979999999999994
5 0.35543 0.27397000000000005 0.07507999999999998 0.01369999999999999
5 0.75399 0.27397000000000005 0.07347999999999999 0.01369999999999999
6 0.55192 0.292235 0.3147 0.07763000000000003
6 0.55192 0.471465 0.16133999999999998 0.07990999999999998
6 0.551115 0.651825 0.15655000000000002 0.08447000000000005
6 0.220445 0.47602500000000003 0.16613 0.07990999999999998
6 0.216455 0.648405 0.16452999999999998 0.08218999999999999
6 0.220445 0.826485 0.16613 0.08218999999999999
6 0.55591 0.829905 0.16614 0.07990999999999993
6 0.891375 0.47260500000000005 0.16613 0.08219000000000004
6 0.89297 0.652965 0.16614000000000007 0.08218999999999999
6 0.89457 0.819635 0.16613999999999995 0.08218999999999999
9 0.559905 0.31164499999999995 0.8322700000000001 0.05707000000000001
9 0.560705 0.16895 0.5431299999999999 0.027400000000000008
