4 0.30143 0.44677500000000003 0.06119999999999998 0.01855000000000001
4 0.40429499999999996 0.44628999999999996 0.05338999999999999 0.017579999999999985
2 0.300785 0.47119 0.03125 0.030279999999999974
2 0.40103999999999995 0.472165 0.026040000000000008 0.03027000000000002
2 0.30143 0.54053 0.03775999999999996 0.05565999999999993
2 0.402345 0.5400400000000001 0.041669999999999985 0.05467999999999995
4 0.30143 0.500485 0.07682 0.020509999999999973
4 0.40495000000000003 0.49707 0.05207999999999996 0.01367999999999997
4 0.47721499999999994 0.49707 0.05338999999999999 0.01367999999999997
4 0.55078 0.49755499999999997 0.05467999999999995 0.014649999999999996
4 0.47721499999999994 0.4458 0.05338999999999999 0.016600000000000004
4 0.55078 0.44628999999999996 0.05467999999999995 0.017579999999999985
2 0.5488299999999999 0.47119 0.02734000000000003 0.030279999999999974
2 0.47591 0.47119 0.02734000000000003 0.030279999999999974
2 0.47526 0.53955 0.041659999999999975 0.05566000000000004
2 0.5481750000000001 0.53955 0.041669999999999985 0.05566000000000004
2 0.6510400000000001 0.538575 0.039059999999999984 0.05567
4 0.6536500000000001 0.49756 0.07551999999999992 0.018559999999999965
4 0.652995 0.44433500000000004 0.06380999999999992 0.015629999999999977
2 0.65104 0.470215 0.03386 0.03027000000000002
2 0.653645 0.618165 0.026050000000000018 0.029290000000000038
2 0.654295 0.6674800000000001 0.027349999999999985 0.028320000000000012
2 0.5553349999999999 0.617675 0.029950000000000032 0.03027000000000002
2 0.40690000000000004 0.618165 0.027339999999999975 0.029290000000000038
2 0.48177 0.618165 0.02864 0.029290000000000038
2 0.302735 0.61914 0.02735000000000004 0.029299999999999993
2 0.302735 0.66846 0.02735000000000004 0.028320000000000012
2 0.303385 0.730955 0.026050000000000018 0.026370000000000005
3 0.40885 0.715335 0.04947999999999997 0.08300999999999992
3 0.48177000000000003 0.714845 0.049480000000000024 0.08399000000000001
3 0.55599 0.714845 0.04947999999999997 0.08399000000000001
2 0.6549499999999999 0.73096 0.026039999999999952 0.028320000000000012
1 0.47916499999999995 0.522465 0.48177 0.46874999999999994
2 0.30013 0.40625 0.03256000000000003 0.013680000000000025
2 0.40429499999999996 0.40380499999999997 0.03255000000000002 0.014649999999999996
2 0.478515 0.40380499999999997 0.03255000000000002 0.014649999999999996
2 0.552735 0.40332 0.03254999999999997 0.013680000000000025
2 0.64974 0.40478499999999995 0.03386 0.014649999999999996
5 0.302735 0.578125 0.06641000000000002 0.02149000000000001
5 0.65039 0.57715 0.06640000000000001 0.021480000000000055
6 0.48112 0.329105 0.4700599999999999 0.03711000000000003
6 0.48763 0.603515 0.2539 0.09179000000000004
8 0.265625 0.40625 0.03125 0.023440000000000016
8 0.334635 0.40625 0.03384999999999999 0.023440000000000016
8 0.6855450000000001 0.40332 0.03254999999999997 0.023440000000000016
8 0.613935 0.40332 0.03255000000000008 0.023440000000000016
8 0.5761700000000001 0.40283 0.01432 0.02245999999999998
8 0.5286500000000001 0.401855 0.01301999999999992 0.02246999999999999
8 0.38086 0.40283 0.01432 0.02245999999999998
8 0.42839 0.40283 0.013020000000000032 0.02245999999999998
8 0.45572999999999997 0.40283 0.01042000000000004 0.02245999999999998
8 0.503255 0.40283 0.011709999999999943 0.02245999999999998
8 0.441405 0.299315 0.020830000000000015 0.020510000000000028
8 0.51302 0.298825 0.02083999999999997 0.019529999999999992
8 0.70703 0.299805 0.02084000000000008 0.019529999999999992
8 0.5898399999999999 0.29883000000000004 0.023440000000000016 0.02148
8 0.365885 0.299315 0.023430000000000006 0.020510000000000028
9 0.47982 0.58887 0.47526 0.01757999999999993
9 0.478515 0.42822000000000005 0.47265 0.02245999999999998
9 0.47916499999999995 0.36865499999999995 0.48177 0.047850000000000004
9 0.47982 0.6943349999999999 0.47526 0.009769999999999945
10 0.36849 0.503905 0.018220000000000014 0.10351000000000005
10 0.44010499999999997 0.502445 0.018230000000000024 0.10449000000000003
10 0.511715 0.503905 0.01822999999999997 0.10351000000000005
10 0.5917950000000001 0.502445 0.01693 0.10449000000000003
10 0.708985 0.502445 0.01693 0.10449000000000003
10 0.246095 0.506345 0.015630000000000033 0.10449000000000003
10 0.353515 0.50586 0.009110000000000007 0.10352
10 0.25065 0.5737300000000001 0.024739999999999984 0.028320000000000012
10 0.36849 0.5629850000000001 0.026040000000000008 0.01464999999999994
10 0.35026 0.5644549999999999 0.010419999999999985 0.01366999999999996
10 0.44010499999999997 0.55957 0.023430000000000006 0.007819999999999938
10 0.51237 0.55957 0.024739999999999984 0.005859999999999976
10 0.5924499999999999 0.55859 0.026039999999999952 0.005859999999999976
10 0.70768 0.570315 0.02214000000000005 0.03125
10 0.70768 0.441895 0.02214000000000005 0.016610000000000014
10 0.5924499999999999 0.44140999999999997 0.023440000000000016 0.017579999999999985
10 0.51432 0.44238 0.023439999999999905 0.01758000000000004
10 0.44010499999999997 0.44140999999999997 0.023430000000000006 0.017579999999999985
10 0.36849 0.44287 0.023440000000000016 0.01856000000000002
10 0.247395 0.44531 0.018230000000000024 0.017579999999999985
10 0.35091 0.44433500000000004 0.009120000000000017 0.01757000000000003
