1 0.49951059999999997 0.50341795 0.9931388 0.9931641
2 0.1142155 0.540525 0.073529 0.08887000000000006
2 0.306375 0.543945 0.07352999999999998 0.08984999999999999
2 0.498525 0.543945 0.07353000000000004 0.08984999999999999
2 0.6882349999999999 0.541505 0.07450999999999997 0.08887
2 0.8838250000000001 0.54297 0.07352999999999998 0.08984000000000003
2 0.49951 0.700195 0.07352000000000003 0.08984999999999999
2 0.312255 0.7011700000000001 0.07352999999999998 0.08984000000000003
2 0.11323549999999999 0.700195 0.073529 0.08984999999999999
2 0.6936249999999999 0.697755 0.07352999999999998 0.08887
2 0.886765 0.696775 0.07352999999999998 0.08887
2 0.8794150000000001 0.35498 0.0666699999999999 0.05371999999999999
2 0.686275 0.35546500000000003 0.06667000000000001 0.05468999999999996
2 0.49902 0.35791 0.06666 0.05371999999999999
2 0.309805 0.360355 0.06667000000000001 0.054690000000000016
2 0.11862700000000001 0.359865 0.06666600000000002 0.053710000000000035
2 0.30735500000000004 0.9082 0.08137 0.1015600000000001
2 0.689705 0.9057649999999999 0.08136999999999994 0.10449000000000008
2 0.885785 0.904785 0.08137000000000005 0.10253000000000001
2 0.50098 0.9057599999999999 0.07844000000000001 0.08692
2 0.113235 0.9091800000000001 0.07745 0.10155999999999998
4 0.1137235 0.473145 0.143133 0.026370000000000005
4 0.30735 0.473145 0.14215999999999998 0.03027000000000002
4 0.50245 0.474605 0.14216 0.03125
4 0.69118 0.472655 0.14314000000000004 0.03125
4 0.8828400000000001 0.472655 0.14215999999999995 0.03125
4 0.113235 0.640625 0.12451000000000001 0.025390000000000024
4 0.310295 0.640625 0.12450999999999998 0.025390000000000024
4 0.500495 0.639645 0.12450999999999995 0.025390000000000024
4 0.886765 0.637695 0.12451000000000001 0.025390000000000024
4 0.690685 0.640625 0.12451000000000001 0.025390000000000024
4 0.110785 0.82666 0.17059000000000002 0.04393999999999998
4 0.306865 0.825685 0.17059000000000002 0.043949999999999934
4 0.890685 0.821285 0.16960999999999993 0.042970000000000064
4 0.70196 0.822755 0.17057999999999995 0.043949999999999934
2 0.1382365 0.093264 0.109807 0.03223200000000001
2 0.136276 0.21924 0.11372800000000001 0.04003999999999999
2 0.37941 0.21826 0.11371999999999999 0.04003999999999999
2 0.865685 0.21631 0.11373 0.04004000000000002
2 0.3799 0.092286 0.11470000000000002 0.03222799999999999
2 0.861765 0.0908225 0.11569000000000007 0.031255000000000005
2 0.638235 0.092286 0.11569000000000007 0.03222799999999999
6 0.5058825 0.0996115 0.9392149999999999 0.06445700000000001
6 0.5014715 0.22705000000000003 0.938237 0.06348000000000001
6 0.499509 0.41211 0.959802 0.0625
6 0.118136 0.58838 0.175488 0.08495999999999992
6 0.307355 0.58838 0.17549 0.08495999999999992
6 0.502945 0.58594 0.17647000000000002 0.08397999999999994
6 0.690685 0.5849599999999999 0.17548999999999992 0.08398000000000005
6 0.886765 0.5825199999999999 0.17549000000000003 0.08496000000000004
6 0.1132365 0.768065 0.159807 0.07129000000000008
6 0.310295 0.76709 0.15980999999999998 0.07128000000000001
6 0.7 0.7661150000000001 0.14313999999999993 0.06933
6 0.886765 0.765135 0.15785000000000005 0.07129000000000008
6 0.5039210000000001 0.972655 0.949018 0.04883000000000004
7 0.099022 0.0947255 0.027456000000000008 0.025388999999999995
7 0.17990499999999998 0.09423899999999999 0.022549999999999987 0.028322
7 0.35098 0.0917975 0.05686000000000002 0.027344999999999994
7 0.40784 0.092776 0.056859999999999966 0.027347999999999997
7 0.887745 0.091309 0.05980999999999992 0.028322
7 0.889705 0.21582 0.05784999999999996 0.03516
7 0.83578 0.21631 0.050000000000000044 0.036140000000000005
7 0.37892000000000003 0.217775 0.10881999999999997 0.037110000000000004
7 0.179415 0.21875 0.025489999999999985 0.03710000000000002
2 0.62157 0.217285 0.11371999999999993 0.04003000000000001
7 0.6210800000000001 0.217285 0.10882000000000003 0.03809000000000001
7 0.105883 0.360355 0.02941400000000001 0.048829999999999985
7 0.136275 0.36084000000000005 0.02744999999999999 0.04980000000000001
7 0.295585 0.359375 0.02843000000000001 0.05079
7 0.325 0.359375 0.02844000000000002 0.05079
7 0.485785 0.3584 0.02843000000000001 0.05078000000000005
7 0.514705 0.3584 0.027449999999999974 0.05078000000000005
7 0.671075 0.35741999999999996 0.028429999999999955 0.05077999999999999
7 0.70147 0.356935 0.02844000000000002 0.04981000000000002
7 0.89951 0.354005 0.020580000000000043 0.05370999999999998
7 0.843135 0.351075 0.019610000000000016 0.06153000000000003
7 0.15392 0.52246 0.01372000000000001 0.06250000000000006
7 0.35147 0.5234350000000001 0.01861999999999997 0.05859000000000003
7 0.48284499999999997 0.529785 0.03431000000000001 0.04199000000000008
7 0.517155 0.52783 0.03234999999999999 0.04393999999999998
7 0.669115 0.52588 0.026469999999999994 0.05176000000000003
7 0.703925 0.5268550000000001 0.029409999999999936 0.043950000000000045
7 0.864215 0.526855 0.030390000000000028 0.04198999999999997
7 0.8965650000000001 0.5244150000000001 0.030390000000000028 0.042970000000000064
7 0.102942 0.69873 0.03529600000000001 0.07323999999999997
7 0.135295 0.69971 0.027450000000000016 0.07324000000000008
7 0.295095 0.6992149999999999 0.03332999999999997 0.07616999999999996
7 0.329905 0.6992149999999999 0.03431000000000001 0.07616999999999996
7 0.5176449999999999 0.695315 0.03332999999999997 0.07617000000000007
7 0.7068650000000001 0.6962900000000001 0.03332999999999997 0.07618000000000003
7 0.6740200000000001 0.697265 0.030400000000000094 0.07616999999999996
7 0.867645 0.69336 0.0313699999999999 0.08008000000000004
7 0.90196 0.691895 0.031379999999999963 0.07911000000000001
7 0.0877455 0.909175 0.022549 0.09375
7 0.717645 0.905765 0.017649999999999944 0.09863
7 0.8573550000000001 0.90381 0.020589999999999997 0.09471999999999992
9 0.4955885 0.30908 0.9539230000000001 0.043940000000000035
10 0.170585 0.36035 0.01765 0.05078000000000005
10 0.0696075 0.36084000000000005 0.017647000000000003 0.04980000000000001
10 0.25980499999999995 0.36035 0.01765 0.05078000000000005
10 0.360785 0.359865 0.01765 0.04981000000000002
10 0.44804 0.359865 0.01763999999999999 0.04981000000000002
10 0.55098 0.358885 0.01763999999999999 0.04981000000000002
10 0.637255 0.3584 0.017649999999999944 0.05078000000000005
10 0.739215 0.3584 0.017650000000000055 0.05078000000000005
10 0.831375 0.3584 0.017649999999999944 0.05078000000000005
10 0.932355 0.35790999999999995 0.017650000000000055 0.04980000000000001
10 0.737745 0.322265 0.028429999999999955 0.021489999999999954
10 0.637255 0.32323999999999997 0.027449999999999974 0.02148
10 0.830395 0.32177999999999995 0.027449999999999974 0.02245999999999998
10 0.9318649999999999 0.32177999999999995 0.028430000000000066 0.02245999999999998
10 0.55098 0.32323999999999997 0.02746000000000004 0.02148
10 0.44902 0.32421999999999995 0.027459999999999984 0.02148
10 0.361765 0.325195 0.027449999999999974 0.02149000000000001
10 0.256865 0.325195 0.027450000000000002 0.02149000000000001
10 0.172055 0.325195 0.028429999999999983 0.02149000000000001
10 0.0691175 0.32421999999999995 0.028431000000000005 0.02148
10 0.067157 0.7026399999999999 0.010784000000000002 0.07324000000000008
10 0.164705 0.70459 0.011770000000000003 0.0771400000000001
10 0.259805 0.703125 0.009809999999999985 0.07421000000000011
10 0.359315 0.7036100000000001 0.012750000000000039 0.07324000000000008
10 0.45 0.7036100000000001 0.011759999999999993 0.07324000000000008
10 0.54902 0.7011700000000001 0.011759999999999993 0.07422000000000006
10 0.642155 0.7026399999999999 0.011769999999999947 0.07324000000000008
10 0.7401949999999999 0.70068 0.011769999999999947 0.07323999999999997
10 0.836275 0.7026399999999999 0.011770000000000058 0.07324000000000008
10 0.933335 0.7001949999999999 0.011770000000000058 0.07421
10 0.940685 0.90869 0.012750000000000039 0.08105999999999991
10 0.836275 0.9091800000000001 0.01373000000000002 0.08204
10 0.7460800000000001 0.9116200000000001 0.013720000000000065 0.08106000000000002
10 0.638235 0.9116200000000001 0.01373000000000002 0.08106000000000002
10 0.616665 0.870115 0.015689999999999982 0.08203000000000005
10 0.388235 0.8706050000000001 0.015689999999999982 0.08104999999999996
10 0.362255 0.913575 0.012750000000000039 0.08104999999999996
10 0.25539 0.913575 0.012740000000000001 0.08104999999999996
10 0.40245 0.89551 0.010779999999999956 0.07421999999999995
10 0.59951 0.8935550000000001 0.010780000000000012 0.07421
10 0.167155 0.91162 0.01471 0.07909999999999995
10 0.059314000000000006 0.9126000000000001 0.014706000000000004 0.07910000000000006
10 0.064706 0.657715 0.021568000000000004 0.016609999999999903
10 0.165195 0.657715 0.020589999999999997 0.016609999999999903
10 0.260785 0.65723 0.021569999999999978 0.01757999999999993
10 0.358825 0.657715 0.021569999999999978 0.016609999999999903
10 0.45098 0.6582 0.021560000000000024 0.01757999999999993
10 0.55 0.65674 0.021559999999999913 0.016599999999999948
10 0.641175 0.65625 0.021569999999999978 0.01757999999999993
10 0.739215 0.65576 0.021569999999999978 0.016599999999999948
10 0.836275 0.65723 0.02157000000000009 0.01757999999999993
10 0.933335 0.65527 0.021569999999999978 0.01757999999999993
10 0.940195 0.8598600000000001 0.02157000000000009 0.01660000000000006
10 0.836275 0.8598600000000001 0.02157000000000009 0.01660000000000006
10 0.746075 0.862305 0.021569999999999978 0.017570000000000086
10 0.6392150000000001 0.86279 0.021569999999999978 0.01660000000000006
10 0.616665 0.81348 0.02353000000000005 0.03320000000000001
10 0.388725 0.81299 0.022550000000000014 0.032219999999999915
10 0.362255 0.865235 0.024510000000000032 0.015630000000000033
10 0.25392499999999996 0.86426 0.023529999999999995 0.01758000000000004
10 0.0588235 0.86426 0.023529 0.01758000000000004
10 0.165685 0.86328 0.023529999999999995 0.01758000000000004
10 0.40441000000000005 0.8466800000000001 0.008819999999999995 0.025399999999999978
10 0.59804 0.84375 0.011759999999999993 0.02540000000000009
10 0.555885 0.80518 0.017650000000000055 0.016599999999999948
10 0.44902 0.80713 0.017640000000000045 0.016599999999999948
10 0.44853 0.875 0.006859999999999977 0.11914000000000002
10 0.5568599999999999 0.87402 0.005879999999999996 0.11914000000000002
10 0.387745 0.9292 0.026469999999999994 0.03613999999999995
10 0.407355 0.94043 0.010790000000000022 0.013679999999999914
10 0.44804 0.94092 0.011759999999999993 0.012699999999999934
10 0.55539 0.94092 0.012740000000000085 0.012699999999999934
10 0.616175 0.9292 0.026469999999999994 0.03613999999999995
10 0.5955900000000001 0.938475 0.014700000000000046 0.01562999999999992
6 0.507355 0.748535 0.26177 0.0791099999999999
