1 0.50215285 0.4848647 0.9956943 0.9580106
2 0.20183 0.333495 0.06996 0.10059000000000001
2 0.04521 0.35791 0.06889200000000001 0.10058
2 0.368135 0.33252 0.06889 0.10058
2 0.553285 0.33545 0.06889 0.10058
2 0.7341249999999999 0.330565 0.06889 0.10058999999999996
2 0.8961250000000001 0.333495 0.06996999999999998 0.10059000000000001
2 0.900965 0.87256 0.06889 0.10058
2 0.901505 0.552245 0.06997000000000009 0.13965
2 0.736815 0.53906 0.06997000000000009 0.11327999999999999
2 0.548975 0.54004 0.06889 0.10937999999999998
2 0.369215 0.5376 0.06889 0.11230000000000001
2 0.206135 0.5376 0.06997 0.11230000000000001
2 0.201295 0.871585 0.06889 0.10059000000000007
2 0.901505 0.726075 0.06997000000000009 0.06933
2 0.73466 0.72461 0.06996000000000002 0.06835999999999998
2 0.35845 0.72461 0.07103999999999999 0.06835999999999998
2 0.20075500000000002 0.7231449999999999 0.06997 0.06933
2 0.20075500000000002 0.7231449999999999 0.06997 0.06933
3 0.536595 0.82959 0.13025000000000003 0.2607400000000001
3 0.35253 0.890625 0.05059999999999998 0.14063000000000003
3 0.73251 0.890625 0.06781999999999999 0.13477000000000006
4 0.190525 0.46191499999999996 0.14209000000000002 0.04687000000000002
4 0.35845 0.463375 0.14424000000000003 0.047850000000000004
4 0.901505 0.46582 0.13024999999999998 0.04687999999999998
4 0.7303550000000001 0.46386499999999997 0.13885000000000003 0.048829999999999985
4 0.892895 0.81299 0.11517 0.04394000000000009
4 0.18999 0.8046899999999999 0.11518 0.03320000000000001
5 0.0543593 0.433105 0.09580140000000001 0.05567
5 0.1986 0.41162 0.12594000000000002 0.06347999999999998
5 0.55113 0.39990000000000003 0.14207999999999998 0.045899999999999996
5 0.36383 0.40674 0.12702000000000002 0.06347999999999998
5 0.73251 0.40576 0.12593999999999994 0.06347999999999998
5 0.9004300000000001 0.40576 0.12594000000000005 0.06347999999999998
5 0.8961250000000001 0.771975 0.10870999999999997 0.03027000000000002
5 0.193755 0.769045 0.10549 0.03027000000000002
5 0.35576 0.774415 0.10655999999999999 0.035150000000000015
5 0.7308950000000001 0.773925 0.10978999999999994 0.036129999999999995
6 0.0581257 0.17724499999999999 0.0990286 0.06347
6 0.477935 0.6333 0.7255100000000001 0.08886000000000005
8 0.54252 0.395995 0.10118000000000005 0.05370999999999998
8 0.553285 0.46240000000000003 0.07535000000000003 0.034180000000000044
8 0.558665 0.114748 0.7944100000000001 0.153324
8 0.13670500000000002 0.06152125 0.06243000000000001 0.1074175
8 0.29871000000000003 0.04833975 0.061360000000000026 0.0810545
9 0.5016139 0.24170000000000003 0.9838522 0.12598
9 0.49946070000000004 0.63916 0.9816986 0.07910000000000006
10 0.1130235 0.45801 0.049513000000000015 0.28515999999999997
10 0.278795 0.45752 0.04951 0.28613999999999995
10 0.44079999999999997 0.456055 0.04843999999999998 0.28515
10 0.64747 0.45752 0.04844000000000004 0.28613999999999995
10 0.81647 0.456055 0.04844000000000004 0.28515
10 0.9800850000000001 0.456055 0.03337000000000001 0.28515
10 0.11356050000000001 0.625 0.059199000000000015 0.048820000000000086
10 0.81862 0.62158 0.05274000000000001 0.04393999999999998
10 0.9790099999999999 0.625 0.03768000000000005 0.05078000000000005
10 0.113023 0.29052500000000003 0.06673399999999999 0.049809999999999965
10 0.27718 0.28955 0.06996 0.04980000000000001
10 0.43864000000000003 0.288575 0.06566 0.049809999999999965
10 0.64532 0.29052500000000003 0.06566000000000005 0.049809999999999965
10 0.81324 0.288575 0.06565999999999994 0.049809999999999965
10 0.97524 0.288575 0.04736000000000007 0.049809999999999965
10 0.20506000000000002 0.79834 0.039819999999999994 0.2353599999999999
10 0.38105500000000003 0.8012699999999999 0.03875000000000001 0.23339999999999994
10 0.601185 0.8032250000000001 0.03983000000000003 0.23535000000000006
10 0.776645 0.802735 0.03983000000000003 0.23436999999999997
10 0.20452 0.939945 0.07103999999999999 0.04785000000000006
10 0.381595 0.941405 0.06997000000000003 0.042970000000000064
10 0.599035 0.94092 0.06996999999999998 0.040039999999999965
10 0.7777149999999999 0.941405 0.06996999999999998 0.042970000000000064
