1 0.5 0.5149135 0.69726 0.967033
2 0.087891 0.08006350000000001 0.035157999999999995 0.084773
2 0.087891 0.276295 0.035157999999999995 0.10675000000000001
2 0.088381 0.48273 0.036138 0.10518
2 0.21289000000000002 0.22135 0.03516 0.11616000000000001
2 0.214845 0.43407 0.03320999999999999 0.11146
2 0.543455 0.436425 0.03222999999999998 0.11302999999999996
2 0.08544950000000001 0.68681 0.034181 0.10831999999999997
2 0.214845 0.6444300000000001 0.03514999999999999 0.11146
2 0.464355 0.437995 0.03222999999999998 0.11303000000000002
2 0.464355 0.648355 0.03222999999999998 0.11302999999999996
2 0.541505 0.64757 0.03222999999999998 0.11146
2 0.387205 0.437995 0.032230000000000036 0.11303000000000002
2 0.318845 0.43878 0.03222999999999998 0.11146
2 0.318845 0.648355 0.03222999999999998 0.11302999999999996
2 0.387205 0.649925 0.032230000000000036 0.11302999999999996
2 0.62256 0.437995 0.032219999999999915 0.11303000000000002
2 0.6196299999999999 0.648355 0.032220000000000026 0.11302999999999996
2 0.68799 0.64757 0.032219999999999915 0.11146
2 0.690915 0.43878 0.03223000000000009 0.11146
2 0.691895 0.226055 0.03222999999999998 0.11302999999999999
2 0.623535 0.226055 0.03223000000000009 0.11302999999999999
2 0.544435 0.2237 0.03222999999999998 0.11146
2 0.465335 0.226055 0.03222999999999998 0.11302999999999999
2 0.388185 0.22762500000000002 0.03222999999999998 0.11302999999999999
2 0.319825 0.22448500000000002 0.032230000000000036 0.11303000000000002
2 0.788085 0.43564 0.03320999999999996 0.11145999999999995
2 0.7900400000000001 0.22135 0.03320000000000001 0.11616000000000001
2 0.788085 0.64757 0.03320999999999996 0.11146
2 0.9272450000000001 0.63344 0.06347000000000003 0.11146
2 0.92822 0.42308 0.057620000000000005 0.10518
2 0.31836 0.864995 0.035160000000000025 0.11617
2 0.464845 0.864995 0.035150000000000015 0.11617
2 0.541015 0.864995 0.035150000000000015 0.11617
2 0.62012 0.86578 0.03516000000000008 0.11773999999999996
2 0.6875 0.8642099999999999 0.03516000000000008 0.11774000000000007
3 0.212405 0.90738 0.07714999999999997 0.17896
3 0.784665 0.9136550000000001 0.053710000000000035 0.16013
3 0.92578 0.8932500000000001 0.058599999999999985 0.21036
4 0.0830075 0.01255895 0.06640499999999999 0.0219781
4 0.0864255 0.23391 0.07128899999999999 0.05338000000000001
4 0.0854515 0.415225 0.047857000000000004 0.02668999999999999
4 0.083987 0.62637 0.050786000000000005 0.018839999999999968
4 0.20703 0.138935 0.09179999999999999 0.045530000000000015
4 0.206055 0.346155 0.10743 0.06436999999999998
4 0.20557 0.5580849999999999 0.1084 0.058090000000000086
4 0.31055 0.14992 0.08008000000000004 0.03610000000000002
4 0.386235 0.152275 0.07128999999999996 0.03767000000000001
4 0.46289499999999995 0.15070499999999998 0.08202999999999999 0.03767000000000001
4 0.54297 0.14992 0.07812000000000008 0.03610000000000002
4 0.61914 0.15070499999999998 0.07421999999999995 0.03767000000000001
4 0.69043 0.15070499999999998 0.07031999999999994 0.03767000000000001
4 0.78613 0.13972 0.08397999999999994 0.0471
4 0.30859000000000003 0.36341999999999997 0.08007999999999998 0.06122
4 0.38427500000000003 0.362635 0.07129000000000002 0.06279000000000001
4 0.615235 0.36341999999999997 0.07227000000000006 0.06122
4 0.6875 0.36341999999999997 0.07225999999999999 0.06122
4 0.78369 0.346155 0.10254000000000008 0.06436999999999998
4 0.30713 0.57771 0.0791 0.06280000000000008
4 0.382325 0.5769249999999999 0.07129000000000002 0.06123000000000001
4 0.614255 0.5753550000000001 0.07227000000000006 0.06123000000000001
4 0.686035 0.5769249999999999 0.07128999999999996 0.06123000000000001
4 0.782225 0.561225 0.1035100000000001 0.058089999999999975
4 0.923825 0.349295 0.09960999999999998 0.04866999999999999
4 0.45947499999999997 0.34301499999999996 0.08105000000000001 0.07693
4 0.540525 0.34537 0.08301000000000003 0.07535999999999998
4 0.45459 0.55887 0.08299999999999996 0.06594
4 0.53613 0.559655 0.08593999999999996 0.06750999999999996
4 0.924315 0.542385 0.10058999999999996 0.07692999999999994
5 0.083984 0.553375 0.058592000000000005 0.03925000000000001
5 0.0810525 0.75981 0.062494999999999995 0.04709999999999992
5 0.31494500000000003 0.505495 0.06543000000000004 0.028249999999999997
5 0.38378999999999996 0.505495 0.06446000000000002 0.028249999999999997
5 0.46191000000000004 0.505495 0.07422000000000001 0.028249999999999997
5 0.53955 0.505495 0.07520000000000004 0.028249999999999997
5 0.61816 0.505495 0.0625 0.028249999999999997
5 0.68701 0.505495 0.06347999999999998 0.028249999999999997
8 0.08056650000000001 0.822605 0.028321 0.03453000000000006
9 0.484865 0.0714285 0.7373099999999999 0.080063
9 0.49365000000000003 0.284145 0.69434 0.015690000000000037
9 0.503415 0.30062500000000003 0.44628999999999996 0.023550000000000015
9 0.487305 0.739405 0.72265 0.08477000000000001
11 0.0839825 0.91915 0.08007500000000001 0.16169999999999995
11 0.257325 0.8430150000000001 0.06346999999999997 0.06279000000000001
11 0.26416 0.9175850000000001 0.020499999999999963 0.017270000000000008
11 0.8291 0.95997 0.03320000000000001 0.07691999999999999
11 0.73926 0.960755 0.03320000000000001 0.07535000000000003
11 0.9140600000000001 0.771585 0.08594000000000002 0.029830000000000023
11 0.964355 0.76295 0.016610000000000014 0.056520000000000015
11 0.97363 0.87755 0.023439999999999905 0.059659999999999935
11 0.38672 0.863425 0.03515999999999997 0.11931000000000003
6 0.20703500000000002 0.50942 0.09961 0.05493999999999999
6 0.21289000000000002 0.298275 0.09570000000000004 0.05023
6 0.21045 0.7197800000000001 0.08886 0.04237999999999997
6 0.7856449999999999 0.296705 0.08104999999999996 0.04081000000000001
6 0.7831999999999999 0.511775 0.09179999999999999 0.05023
6 0.782225 0.725275 0.08788999999999991 0.05023
5 0.31592 0.7260599999999999 0.061519999999999964 0.04866000000000004
5 0.38428 0.726845 0.06152000000000002 0.05023
5 0.460935 0.726845 0.07227 0.05337000000000003
5 0.5390649999999999 0.728415 0.07030999999999998 0.05023
5 0.616695 0.72763 0.05957000000000001 0.048659999999999926
5 0.6855450000000001 0.7260599999999999 0.06054999999999999 0.04866000000000004
