1 0.690435 0.5726450000000001 0.6157699999999999 0.82689
1 0.19211285 0.6228750000000001 0.37751429999999997 0.72643
2 0.49916000000000005 0.47450000000000003 0.06544 0.08964
2 0.28271999999999997 0.476045 0.06207999999999997 0.08036999999999994
2 0.10151 0.477585 0.062079999999999996 0.08036999999999994
2 0.27852 0.62056 0.06039999999999998 0.08810000000000007
2 0.0922805 0.617465 0.06039900000000001 0.08809
2 0.5 0.6221 0.06040000000000001 0.08810000000000007
2 0.926175 0.46986 0.06374999999999997 0.08964000000000005
2 0.9345650000000001 0.619785 0.060409999999999964 0.08655000000000002
2 0.08892749999999999 0.7643 0.060405 0.08810000000000007
2 0.27516999999999997 0.763525 0.06039999999999998 0.08965000000000001
2 0.5 0.76893 0.06040000000000001 0.08810000000000007
2 0.93624 0.76816 0.06040000000000001 0.08964000000000005
2 0.114095 0.32689500000000005 0.040269999999999986 0.04172999999999999
2 0.291945 0.32225499999999996 0.04027000000000003 0.04172999999999999
2 0.714765 0.32457499999999995 0.04363000000000006 0.058730000000000004
2 0.6854 0.484545 0.04530000000000001 0.09118999999999994
2 0.74329 0.47990499999999997 0.04698000000000002 0.09119
2 0.74245 0.628285 0.04530000000000001 0.07573000000000008
2 0.6854 0.63833 0.048659999999999926 0.09582000000000002
2 0.68624 0.76816 0.04361999999999999 0.06491999999999998
2 0.746645 0.769705 0.04363000000000006 0.06491000000000002
2 0.50168 0.316845 0.04361999999999999 0.04637000000000002
2 0.9194599999999999 0.313755 0.04697999999999991 0.04637000000000002
6 0.699665 0.5301400000000001 0.2617499999999999 0.11746000000000001
6 0.698825 0.6715599999999999 0.26342999999999994 0.08809999999999996
7 0.276005 0.76584 0.05537 0.08191999999999999
7 0.09312100000000001 0.74034 0.04865799999999999 0.03400000000000003
7 0.49916000000000005 0.76507 0.05202000000000001 0.07728000000000002
7 0.936245 0.76816 0.053690000000000015 0.08345999999999998
7 0.282715 0.597375 0.05201 0.03554999999999997
7 0.09815650000000001 0.5966 0.045307 0.03400000000000003
4 0.709735 0.2728 0.10067000000000004 0.05100000000000002
4 0.71309 0.40803999999999996 0.15772000000000008 0.0711
8 0.63255 0.38408 0.10067999999999999 0.026280000000000026
8 0.785235 0.37944500000000003 0.10067000000000004 0.02626999999999996
4 0.49413 0.557955 0.11242000000000008 0.052549999999999986
4 0.495805 0.7047950000000001 0.11241000000000001 0.052549999999999986
4 0.277685 0.55873 0.11241000000000001 0.054099999999999926
4 0.09480050000000001 0.56028 0.112419 0.05410000000000004
4 0.083053 0.7032449999999999 0.112414 0.052549999999999986
4 0.27349 0.7047950000000001 0.11410000000000001 0.052549999999999986
4 0.92953 0.5533250000000001 0.11409999999999998 0.052549999999999986
4 0.9354 0.70402 0.11241999999999996 0.05410000000000004
4 0.71309 0.72334 0.15436000000000005 0.03400000000000003
8 0.097315 0.42581 0.02349000000000001 0.023180000000000034
8 0.281875 0.424265 0.02349000000000001 0.023190000000000044
8 0.495805 0.424265 0.021809999999999996 0.023190000000000044
8 0.924495 0.42040500000000003 0.02012999999999998 0.03091000000000005
4 0.71309 0.5710999999999999 0.15436000000000005 0.032460000000000044
9 0.1862418 0.44049499999999997 0.36241639999999997 0.03091000000000005
9 0.1921157 0.523185 0.37080860000000004 0.013909999999999978
9 0.19043680000000002 0.5881 0.3708064 0.020100000000000007
9 0.1895968 0.666925 0.36912639999999997 0.013910000000000089
9 0.1895968 0.733385 0.36912639999999997 0.020090000000000052
9 0.697985 0.37094000000000005 0.5906100000000001 0.0711
9 0.6896 0.5200899999999999 0.6107400000000001 0.017000000000000015
9 0.69463 0.58501 0.59396 0.02627999999999997
9 0.69295 0.6653800000000001 0.6107400000000001 0.017000000000000015
9 0.68792 0.733385 0.59396 0.026270000000000016
8 0.703855 0.36244 0.20972999999999997 0.017000000000000015
