1 0.494665 0.5146835 0.8773299999999999 0.964453
2 0.434665 0.247295 0.05867 0.08347000000000002
2 0.56 0.24652000000000002 0.058660000000000045 0.08192000000000002
2 0.429335 0.435085 0.10132999999999998 0.11282999999999999
2 0.5573349999999999 0.43662999999999996 0.10133000000000003 0.11281999999999998
2 0.7546649999999999 0.438175 0.10133000000000003 0.11282999999999999
2 0.237335 0.43972500000000003 0.10132999999999998 0.11283000000000004
2 0.7573350000000001 0.650695 0.10133000000000003 0.11129
2 0.55733 0.6522399999999999 0.08000000000000007 0.11127999999999993
2 0.43866499999999997 0.651465 0.09332999999999997 0.11282999999999999
2 0.228 0.651465 0.10400000000000004 0.11282999999999999
2 0.812 0.8786700000000001 0.05599999999999994 0.11591999999999991
2 0.1360015 0.8825350000000001 0.11733700000000001 0.12055000000000005
2 0.613335 0.8779 0.11733000000000005 0.12056
3 0.36933499999999997 0.907265 0.14667000000000002 0.14219000000000004
4 0.23332999999999998 0.5680050000000001 0.152 0.03244999999999998
4 0.75467 0.568005 0.16000000000000003 0.03554999999999997
6 0.476 0.542505 0.34934 0.12054999999999999
6 0.62 0.07418749999999999 0.34934 0.068005
7 0.432 0.40417000000000003 0.08533999999999997 0.03863999999999995
7 0.561335 0.438175 0.08267000000000002 0.10664999999999997
7 0.234665 0.43663 0.09067000000000003 0.10355999999999999
7 0.754665 0.43894500000000003 0.09067000000000003 0.10818999999999995
7 0.75867 0.6499250000000001 0.08799999999999997 0.10665000000000002
7 0.556 0.63447 0.07199999999999995 0.07264000000000004
8 0.23067 0.36167000000000005 0.04000000000000001 0.030920000000000003
8 0.42533 0.3609 0.03999999999999998 0.032460000000000044
8 0.553335 0.36244 0.03466999999999998 0.03245999999999999
8 0.750665 0.363215 0.03466999999999998 0.030909999999999993
9 0.4986685 0.32303000000000004 0.848003 0.049460000000000004
9 0.4946685 0.5030950000000001 0.856003 0.013909999999999978
9 0.496 0.755795 0.8480000000000001 0.030909999999999993
8 0.32933 0.24806499999999998 0.055999999999999994 0.09118999999999997
8 0.650665 0.25038499999999997 0.05332999999999999 0.08964999999999998
4 0.49067 0.135235 0.30399999999999994 0.06337000000000001
11 0.4026665 0.78594 0.666667 0.03864000000000001
11 0.23067 0.9049499999999999 0.05600000000000002 0.06028
11 0.51333 0.9034 0.055999999999999994 0.06028
