1 0.582255 0.502193 0.7726500000000001 0.995614
2 0.596115 0.1425455 0.04991000000000001 0.092109
2 0.8299449999999999 0.16776000000000002 0.03327000000000002 0.05044000000000001
2 0.391865 0.16447499999999998 0.033269999999999966 0.05262999999999998
2 0.390015 0.350875 0.059150000000000036 0.10965000000000003
2 0.59704 0.34101000000000004 0.04805999999999999 0.11184
2 0.83087 0.348685 0.05729999999999991 0.10527000000000003
2 0.235675 0.35307 0.024029999999999996 0.11841999999999997
2 0.231975 0.54057 0.027730000000000005 0.11621999999999999
2 0.5979650000000001 0.5318 0.04991000000000001 0.11184
2 0.39371500000000004 0.537285 0.05914999999999998 0.10965000000000003
2 0.397415 0.735745 0.05545 0.11185
2 0.550835 0.7335499999999999 0.05545 0.11184000000000005
2 0.650645 0.72917 0.05545 0.11183999999999994
2 0.281885 0.7489049999999999 0.024029999999999996 0.09869000000000006
2 0.8299449999999999 0.54386 0.059149999999999925 0.11841999999999997
2 0.8327199999999999 0.7456149999999999 0.05730000000000002 0.13597000000000004
2 0.6432500000000001 0.341005 0.025880000000000014 0.11623
2 0.549905 0.33991 0.024029999999999996 0.11404000000000003
2 0.647875 0.5307 0.024029999999999996 0.11404000000000003
2 0.54898 0.532895 0.022179999999999978 0.11403000000000002
2 0.27910999999999997 0.34978 0.018479999999999996 0.12062
2 0.281885 0.538375 0.016630000000000034 0.12061
2 0.2329 0.10855300000000001 0.025880000000000014 0.08991400000000001
2 0.292975 0.1173225 0.04250999999999999 0.094295
2 0.73013 0.0822365 0.022179999999999978 0.019737000000000005
2 0.45655999999999997 0.0800435 0.022180000000000033 0.019737000000000005
4 0.387245 0.27741 0.10167000000000004 0.02412000000000003
4 0.38817 0.44298000000000004 0.10352 0.057020000000000015
4 0.5942700000000001 0.43640500000000004 0.10165999999999997 0.05263000000000001
4 0.595195 0.245615 0.09980999999999995 0.05263000000000001
4 0.390945 0.11623 0.06469000000000003 0.030700000000000005
4 0.83087 0.11842 0.06469999999999998 0.030700000000000005
4 0.229205 0.28069999999999995 0.04436999999999999 0.048240000000000005
4 0.22551 0.470395 0.04435999999999998 0.041669999999999985
5 0.39002000000000003 0.41228 0.09612000000000004 0.01754
5 0.39187 0.598685 0.09611999999999998 0.017549999999999955
5 0.597965 0.609645 0.08687 0.052629999999999955
5 0.5979650000000001 0.41557 0.15710999999999997 0.04166000000000003
5 0.548055 0.79167 0.07208999999999999 0.01316000000000006
5 0.647875 0.78947 0.07208999999999999 0.01316000000000006
5 0.395565 0.796055 0.07393000000000005 0.008770000000000056
5 0.27357 0.801535 0.048059999999999964 0.015349999999999975
6 0.828095 0.37171 0.24399000000000004 0.06797999999999998
6 0.8317950000000001 0.576755 0.24399000000000004 0.07017000000000007
6 0.8317950000000001 0.782895 0.24399000000000004 0.07017000000000007
6 0.227355 0.17434 0.040669999999999984 0.06797999999999998
7 0.39464 0.532895 0.05359999999999998 0.09648999999999996
7 0.5489850000000001 0.532895 0.018490000000000006 0.10965000000000003
7 0.599815 0.532895 0.046210000000000084 0.10965000000000003
7 0.6469499999999999 0.483555 0.022179999999999978 0.015349999999999975
7 0.644175 0.29386 0.024029999999999996 0.01754
7 0.596115 0.29495499999999997 0.04620999999999997 0.01535000000000003
7 0.549905 0.29386 0.024029999999999996 0.01754
7 0.390015 0.303725 0.05545 0.01535000000000003
7 0.83087 0.544955 0.05360000000000009 0.11623
7 0.832715 0.69956 0.053609999999999935 0.03948000000000007
7 0.649725 0.72478 0.0499099999999999 0.09867999999999999
7 0.551755 0.7269749999999999 0.0499099999999999 0.09869000000000006
7 0.396485 0.70285 0.049909999999999954 0.04166000000000003
7 0.281885 0.7182 0.02032999999999996 0.03728000000000009
7 0.231975 0.495615 0.024030000000000024 0.021930000000000005
7 0.28281 0.49013 0.014780000000000015 0.01973999999999998
7 0.235675 0.310305 0.020330000000000015 0.028510000000000035
7 0.279115 0.304825 0.01478999999999997 0.02631
7 0.83179 0.305925 0.05176000000000003 0.015349999999999975
9 0.46673 0.64364 0.5342 0.04605999999999999
9 0.470425 0.864035 0.5341899999999999 0.043849999999999945
9 0.457485 0.24122500000000002 0.51571 0.09648999999999999
10 0.8881699999999999 0.279605 0.005539999999999989 0.11623000000000003
10 0.94547 0.27741499999999997 0.005539999999999989 0.11623
10 0.77172 0.27741499999999997 0.005539999999999989 0.11623
10 0.7162649999999999 0.27741499999999997 0.005550000000000055 0.11623
10 0.772645 0.48246 0.007390000000000008 0.11841999999999997
10 0.89002 0.48355499999999996 0.005539999999999989 0.11623
10 0.946395 0.48246 0.007390000000000008 0.11841999999999997
10 0.715345 0.48026 0.007390000000000008 0.11842000000000003
10 0.772645 0.6864049999999999 0.007390000000000008 0.12280999999999997
10 0.715345 0.6864049999999999 0.007390000000000008 0.12280999999999997
10 0.89002 0.6864049999999999 0.005539999999999989 0.12280999999999997
10 0.946395 0.6864049999999999 0.007390000000000008 0.12280999999999997
10 0.6700550000000001 0.538375 0.012929999999999997 0.10307000000000005
10 0.526805 0.538375 0.01478999999999997 0.10307000000000005
10 0.527725 0.61623 0.024029999999999996 0.0438599999999999
10 0.67283 0.6118399999999999 0.022179999999999978 0.0438599999999999
10 0.52588 0.48026 0.016639999999999988 0.013160000000000005
10 0.67098 0.48136 0.014780000000000015 0.01095999999999997
10 0.628465 0.48465 0.011089999999999933 0.01754
10 0.565615 0.48465 0.011090000000000044 0.01754
10 0.564695 0.54057 0.009250000000000091 0.0943
10 0.628465 0.539475 0.007390000000000008 0.09210999999999997
10 0.25693 0.33662 0.018480000000000024 0.125
10 0.203325 0.36075 0.011089999999999989 0.125
10 0.257855 0.41886 0.020329999999999987 0.039480000000000015
10 0.2024 0.4375 0.012940000000000007 0.02849999999999997
10 0.257855 0.26864 0.020329999999999987 0.01095999999999997
10 0.2061 0.28947 0.016639999999999988 0.013160000000000005
11 0.246765 0.845395 0.08687 0.032890000000000086
11 0.5988899999999999 0.901315 0.17006 0.030710000000000015
11 0.702405 0.9583349999999999 0.040670000000000095 0.07894999999999996
11 0.60074 0.9605250000000001 0.13307999999999998 0.07894999999999996
11 0.494455 0.95943 0.03881000000000001 0.07675999999999994
11 0.40110999999999997 0.948465 0.08502000000000004 0.09868999999999994
11 0.33086499999999996 0.9583349999999999 0.03697 0.07894999999999996
11 0.26802000000000004 0.9506600000000001 0.04436000000000001 0.09867999999999999
11 0.83641 0.946275 0.13124000000000002 0.10307
11 0.9325300000000001 0.9583349999999999 0.038819999999999966 0.07894999999999996
