1 0.50138695 0.50048828 0.9972261 0.99902344
2 0.8710150000000001 0.171875 0.06103000000000003 0.11523
2 0.686545 0.1875 0.06103000000000003 0.11524000000000001
2 0.576975 0.18994 0.058250000000000024 0.11230000000000001
2 0.471565 0.19238 0.05824999999999997 0.11327999999999999
2 0.36061 0.19629 0.05825999999999998 0.11327999999999999
2 0.255895 0.19629 0.05687000000000003 0.11327999999999999
2 0.043689500000000006 0.1875 0.056865000000000006 0.11524000000000001
2 0.87171 0.39209 0.059640000000000026 0.12402000000000002
2 0.6844699999999999 0.40234 0.059640000000000026 0.125
2 0.5762799999999999 0.40380499999999997 0.059640000000000026 0.12206999999999996
2 0.46948999999999996 0.404785 0.05963999999999997 0.12207000000000001
2 0.35853 0.406735 0.05963999999999997 0.12207000000000001
2 0.252425 0.407715 0.058250000000000024 0.12207000000000001
2 0.040915499999999994 0.398925 0.048542999999999996 0.11817
2 0.86893 0.6206050000000001 0.05686000000000002 0.13378999999999996
2 0.68516 0.625975 0.05825999999999998 0.12695
2 0.57559 0.6254850000000001 0.05826000000000009 0.12793
2 0.465325 0.625975 0.056869999999999976 0.12695
2 0.359225 0.6245149999999999 0.05824999999999997 0.12793
2 0.255895 0.6254850000000001 0.05687000000000003 0.12793
2 0.046463500000000005 0.617675 0.056865000000000006 0.12793
2 0.056867400000000005 0.87598 0.0998652 0.19921999999999995
2 0.31345 0.88037 0.09986 0.20019999999999993
2 0.8633850000000001 0.88965 0.10957000000000006 0.20898000000000005
3 0.467405 0.87793 0.11651 0.19531999999999994
4 0.24064000000000002 0.348145 0.11234000000000002 0.06542999999999999
4 0.35298 0.348145 0.1068 0.06542999999999999
4 0.46047000000000005 0.344235 0.10818 0.06542999999999999
4 0.5672699999999999 0.34521500000000005 0.11096000000000006 0.06739
4 0.6782250000000001 0.34424 0.11095 0.06738
4 0.0443829 0.34033 0.0748962 0.061519999999999964
4 0.8619950000000001 0.3291 0.10957000000000006 0.06835999999999998
4 0.867545 0.5488299999999999 0.12067000000000005 0.08008000000000004
4 0.6789149999999999 0.5561499999999999 0.10957000000000006 0.07910000000000006
4 0.568655 0.5585899999999999 0.10819000000000001 0.08008000000000004
4 0.45908499999999997 0.55957 0.10818999999999995 0.08007999999999993
4 0.3509 0.55957 0.10818 0.08007999999999993
4 0.24133 0.5581050000000001 0.10818000000000003 0.08104999999999996
4 0.049930449999999994 0.549315 0.0887651 0.08105000000000007
5 0.0478504 0.48046999999999995 0.08183119999999999 0.05077999999999999
5 0.25035 0.489745 0.09570000000000001 0.04784999999999995
5 0.35714 0.48583999999999994 0.09570000000000001 0.04785999999999996
5 0.46255 0.487305 0.09569999999999995 0.04686999999999997
5 0.5749 0.487305 0.09570000000000001 0.04686999999999997
5 0.6844699999999999 0.48633000000000004 0.09570000000000001 0.052740000000000065
5 0.8724000000000001 0.47558500000000004 0.09707999999999994 0.05273
5 0.86477 0.6943349999999999 0.11512 0.02342999999999995
5 0.680995 0.696775 0.10541 0.020510000000000028
5 0.578365 0.697755 0.10541 0.020510000000000028
5 0.463245 0.696775 0.10541 0.020510000000000028
5 0.357835 0.696285 0.10541 0.019529999999999936
5 0.248265 0.693845 0.10541 0.020509999999999917
5 0.048543949999999995 0.68848 0.0859921 0.01757999999999993
7 0.045076 0.37548499999999996 0.037447999999999995 0.047850000000000004
7 0.25797499999999995 0.38965 0.044389999999999985 0.06054000000000004
7 0.469485 0.6005849999999999 0.04576999999999998 0.052730000000000055
7 0.578365 0.5981449999999999 0.047150000000000025 0.051750000000000074
7 0.68724 0.589845 0.05132000000000003 0.035150000000000015
9 0.49861435 0.25927999999999995 0.9778112999999999 0.05565999999999999
9 0.5020793499999999 0.73535 0.9847412999999999 0.04687999999999992
9 0.499998 0.05517795 0.977804 0.0966841
10 0.196945 0.191895 0.013869999999999993 0.13769000000000003
10 0.303055 0.19043000000000002 0.01802999999999999 0.14062000000000002
10 0.628295 0.18310500000000002 0.022190000000000043 0.13769
10 0.52011 0.186035 0.019419999999999993 0.13768999999999998
10 0.95215 0.1660165 0.02080000000000004 0.140627
10 0.78294 0.1660135 0.02080000000000004 0.142573
10 0.40707000000000004 0.1069335 0.031899999999999984 0.030272999999999994
10 0.517335 0.10302549999999999 0.030510000000000037 0.030269000000000004
10 0.6289899999999999 0.102052 0.03189999999999993 0.024416000000000007
10 0.78017 0.0825195 0.03190000000000004 0.024415000000000006
10 0.95076 0.083496 0.03189999999999993 0.02441399999999999
10 0.30305000000000004 0.1079115 0.031899999999999984 0.024417000000000008
10 0.1158105 0.1000955 0.03189899999999998 0.024409
10 0.19763999999999998 0.11084150000000001 0.023580000000000018 0.024417000000000008
11 0.63107 0.8852549999999999 0.11928000000000005 0.20018999999999998
