1 0.509421 0.5166025000000001 0.9219379999999999 0.939455
2 0.17563499999999999 0.1123025 0.05249000000000001 0.06249500000000001
2 0.36002999999999996 0.108401 0.04980000000000001 0.05859799999999998
2 0.870125 0.10986399999999999 0.05249000000000004 0.059572
2 0.47308 0.108401 0.049799999999999955 0.05859799999999998
2 0.583445 0.1079125 0.04979 0.05957499999999999
2 0.6965 0.1079125 0.049800000000000066 0.05957499999999999
2 0.17631000000000002 0.262205 0.0673 0.08105000000000001
2 0.35733499999999996 0.265625 0.05248999999999998 0.07616999999999999
2 0.8667549999999999 0.260255 0.06728999999999996 0.08104999999999998
2 0.470395 0.265135 0.05249000000000004 0.07519
2 0.5807549999999999 0.265135 0.05249000000000004 0.07519
2 0.692465 0.265135 0.052489999999999926 0.07519
2 0.35733499999999996 0.424805 0.05248999999999998 0.07617000000000002
2 0.470395 0.424315 0.05249000000000004 0.07715
2 0.5807549999999999 0.424315 0.05249000000000004 0.07715
2 0.6911149999999999 0.42334000000000005 0.05249000000000004 0.07519999999999999
2 0.355985 0.577145 0.05249000000000004 0.08789000000000002
2 0.580085 0.5708 0.06191000000000002 0.07909999999999995
2 0.689775 0.57666 0.05249000000000004 0.08886000000000005
2 0.359355 0.740235 0.05382999999999999 0.07616999999999996
2 0.46904500000000005 0.7417 0.05248999999999998 0.07520000000000004
2 0.5807549999999999 0.7407250000000001 0.05249000000000004 0.07714999999999994
2 0.6917899999999999 0.7397450000000001 0.05384 0.07518999999999998
2 0.147375 0.421875 0.03903000000000001 0.07813000000000003
2 0.205245 0.421875 0.03902999999999998 0.07813000000000003
2 0.833785 0.42285 0.0390299999999999 0.07811999999999997
2 0.893675 0.42285 0.03769 0.07811999999999997
2 0.14805000000000001 0.575685 0.03768000000000002 0.08691000000000004
2 0.206595 0.575195 0.03903000000000001 0.08789000000000002
2 0.83109 0.575195 0.039039999999999964 0.08789000000000002
2 0.89502 0.574705 0.04576000000000002 0.08887
2 0.525575 0.893555 0.05786999999999992 0.08007000000000009
2 0.64132 0.893555 0.05787999999999993 0.08007000000000009
2 0.17968 0.899415 0.10902 0.09570999999999996
2 0.8647400000000001 0.898435 0.11439999999999995 0.09375
2 0.17765999999999998 0.740235 0.08343999999999999 0.07813000000000003
2 0.864735 0.73975 0.08479000000000003 0.07909999999999995
3 0.41319 0.912595 0.08343999999999996 0.13378999999999996
4 0.17563499999999999 0.2124 0.09824999999999998 0.057620000000000005
4 0.8687750000000001 0.21338000000000001 0.09825000000000006 0.05761999999999998
4 0.17765999999999998 0.364745 0.1319 0.057609999999999995
4 0.8687750000000001 0.36377 0.13324999999999998 0.057620000000000005
4 0.361375 0.52002 0.09824999999999995 0.06738000000000005
4 0.473085 0.52002 0.09824999999999995 0.06738000000000005
4 0.584795 0.520505 0.09825000000000006 0.06641000000000002
4 0.692465 0.52002 0.09824999999999995 0.06738000000000005
4 0.359355 0.22070499999999998 0.08344999999999997 0.04296999999999998
4 0.47308 0.222165 0.08209999999999995 0.04199
4 0.58345 0.22119499999999997 0.08210000000000006 0.04199
4 0.6965 0.22119499999999997 0.08210000000000006 0.04199
5 0.17765999999999998 0.1416 0.08343999999999999 0.009759999999999991
5 0.176985 0.30615000000000003 0.10901 0.012699999999999989
5 0.357335 0.30762 0.09555000000000002 0.011720000000000008
5 0.47174 0.30664 0.09555999999999998 0.01367999999999997
5 0.5821000000000001 0.30615000000000003 0.09555999999999998 0.012699999999999989
5 0.693805 0.30615000000000003 0.09824999999999995 0.012699999999999989
5 0.8681 0.30566000000000004 0.11036000000000001 0.011720000000000008
5 0.17833 0.470215 0.13862 0.02246999999999999
5 0.35868 0.47217 0.10363999999999995 0.02245999999999998
5 0.47241 0.47168 0.09959999999999997 0.023440000000000016
5 0.5821000000000001 0.47119 0.10364000000000007 0.022460000000000035
5 0.693805 0.4707 0.09824999999999995 0.023440000000000016
5 0.8667549999999999 0.47119 0.14534999999999998 0.022460000000000035
5 0.179 0.63574 0.13728 0.03515999999999997
5 0.8667549999999999 0.634765 0.13997000000000004 0.037109999999999976
5 0.35868 0.637695 0.09286 0.035150000000000015
5 0.695155 0.637695 0.08748999999999996 0.037109999999999976
5 0.18035 0.78076 0.12652 0.006839999999999957
5 0.3607 0.78174 0.10227999999999998 0.006839999999999957
5 0.47308 0.78125 0.09555999999999998 0.005859999999999976
5 0.58412 0.78076 0.09689999999999999 0.006839999999999957
5 0.695155 0.782225 0.09825000000000006 0.009769999999999945
5 0.8640650000000001 0.78125 0.12651 0.009759999999999991
6 0.54576 0.65723 0.28129999999999994 0.10742000000000007
8 0.41252 0.8325199999999999 0.02288000000000001 0.024419999999999997
9 0.512114 0.16748000000000002 0.911172 0.055660000000000015
8 0.073351 0.168455 0.030956000000000004 0.03809000000000001
8 0.279945 0.17139 0.04037000000000002 0.04003999999999999
8 0.416555 0.17334 0.03365000000000001 0.036140000000000005
8 0.52826 0.17432 0.03633999999999993 0.04004000000000002
8 0.638625 0.17334 0.0390299999999999 0.04003999999999999
8 0.77591 0.16992000000000002 0.06055999999999995 0.03906000000000001
8 0.9576 0.17089500000000002 0.02288000000000001 0.037110000000000004
9 0.510092 0.32665999999999995 0.917896 0.026359999999999995
9 0.511439 0.643555 0.909822 0.07813000000000003
9 0.508748 0.8129900000000001 0.909824 0.024419999999999997
9 0.508748 0.970705 0.909824 0.025390000000000024
10 0.27995 0.483885 0.032299999999999995 0.25292999999999993
10 0.07537 0.482915 0.032302000000000004 0.25293000000000004
10 0.07537 0.33740499999999995 0.043068 0.03809000000000001
10 0.28129499999999996 0.33838 0.04307 0.03808
10 0.774565 0.48340000000000005 0.03365000000000007 0.25196
10 0.95289 0.482425 0.032299999999999995 0.25195000000000006
10 0.775235 0.33838 0.04306999999999994 0.03808
10 0.95289 0.33740499999999995 0.032299999999999995 0.03809000000000001
11 0.043068499999999996 0.491215 0.040376999999999996 0.23633000000000004
11 0.039704 0.737795 0.044414 0.04198999999999997
8 0.18035 0.83545 0.02692 0.030279999999999974
8 0.52759 0.8325199999999999 0.021540000000000004 0.02636000000000005
8 0.64401 0.8325199999999999 0.025580000000000047 0.02636000000000005
8 0.86541 0.834965 0.032299999999999995 0.03125
8 0.8674299999999999 0.6855500000000001 0.028260000000000063 0.029299999999999993
8 0.695155 0.688475 0.03364999999999996 0.029289999999999927
8 0.58412 0.688475 0.03500000000000003 0.027350000000000096
8 0.471735 0.6879900000000001 0.03365000000000001 0.024419999999999997
8 0.35935 0.688965 0.032299999999999995 0.026370000000000005
8 0.179005 0.68604 0.04307 0.028320000000000012
2 0.471065 0.5708 0.06191000000000002 0.07909999999999995
4 0.361375 0.36914 0.09287000000000001 0.054680000000000006
4 0.471735 0.36865499999999995 0.09287000000000001 0.05370999999999998
4 0.582775 0.36914 0.09421000000000002 0.052739999999999954
4 0.695825 0.36816499999999996 0.10228999999999999 0.05468999999999996
4 0.17765999999999998 0.515135 0.14266 0.06932999999999995
4 0.8694500000000001 0.51221 0.1426599999999999 0.06934000000000001
