1 0.502441 0.5050915 0.858398 0.921897
2 0.1416 0.29456499999999997 0.044920000000000015 0.10357
2 0.24609 0.296265 0.044920000000000015 0.10357000000000002
2 0.35546999999999995 0.29287 0.044920000000000015 0.10356000000000001
2 0.4707 0.29456499999999997 0.04491999999999996 0.10357
2 0.518065 0.29456499999999997 0.04394999999999999 0.10357
2 0.6313500000000001 0.29287 0.04393999999999998 0.10356000000000001
2 0.74512 0.29287 0.04492000000000007 0.10356000000000001
2 0.8549800000000001 0.29287 0.04393999999999998 0.10356000000000001
2 0.141605 0.55348 0.04297000000000001 0.12563999999999997
2 0.245115 0.55433 0.04297000000000001 0.12393999999999994
2 0.35546500000000003 0.55518 0.04297000000000001 0.12563999999999997
2 0.516115 0.550935 0.04198999999999997 0.11374999999999996
2 0.46777 0.550935 0.039059999999999984 0.11374999999999996
2 0.632815 0.556875 0.04296999999999995 0.12562999999999996
2 0.74658 0.55603 0.04393999999999998 0.12394
2 0.855465 0.558575 0.04296999999999995 0.12563000000000002
2 0.142575 0.80645 0.04297000000000001 0.11206000000000005
2 0.24658000000000002 0.8073 0.04394000000000001 0.11036000000000001
2 0.35497999999999996 0.80985 0.043940000000000035 0.10865999999999998
2 0.63086 0.81579 0.04296 0.10695999999999994
2 0.7431650000000001 0.819185 0.042970000000000064 0.1069699999999999
2 0.8530249999999999 0.820035 0.043950000000000045 0.11204999999999998
3 0.49121000000000004 0.82513 0.08593999999999996 0.22750000000000004
4 0.141605 0.225805 0.06445000000000001 0.023770000000000013
4 0.24755500000000003 0.224105 0.06543000000000002 0.023770000000000013
4 0.357425 0.222415 0.06445000000000001 0.023770000000000013
4 0.6352549999999999 0.220715 0.06542999999999999 0.023770000000000013
4 0.748535 0.220715 0.06542999999999999 0.023770000000000013
4 0.856935 0.220715 0.0654300000000001 0.023770000000000013
4 0.85791 0.47284000000000004 0.07324000000000008 0.015280000000000016
4 0.74805 0.47114 0.07421999999999995 0.01527999999999996
4 0.6347700000000001 0.47114 0.07422000000000006 0.01527999999999996
4 0.35546999999999995 0.47114 0.07422000000000001 0.01527999999999996
4 0.24707 0.46943999999999997 0.07421999999999998 0.015280000000000016
4 0.1416 0.46943999999999997 0.07422000000000001 0.015280000000000016
4 0.1416 0.73769 0.06640000000000001 0.015280000000000071
4 0.24707 0.73939 0.06640000000000001 0.01527999999999996
4 0.354495 0.74109 0.06640999999999997 0.01527999999999996
4 0.631345 0.7461800000000001 0.06542999999999999 0.015280000000000071
4 0.745115 0.74788 0.06640999999999997 0.01527999999999996
4 0.854495 0.75127 0.06641000000000008 0.01527999999999996
4 0.495605 0.220715 0.11817 0.02037
5 0.14209 0.35314 0.061520000000000005 0.016979999999999995
5 0.24658 0.35144 0.061519999999999964 0.01698000000000005
5 0.35645 0.35229 0.0625 0.015280000000000016
5 0.632325 0.35144 0.061529999999999974 0.01698000000000005
5 0.74609 0.349745 0.0625 0.016969999999999985
5 0.85596 0.35144 0.06151999999999991 0.01698000000000005
5 0.493165 0.35144 0.11133000000000004 0.01698000000000005
4 0.498045 0.46943999999999997 0.11719000000000002 0.022080000000000044
4 0.49707 0.381155 0.16795999999999994 0.05263000000000001
5 0.35547 0.619695 0.0625 0.01696999999999993
5 0.24512 0.62054 0.0625 0.01527999999999996
5 0.24512 0.62054 0.0625 0.01527999999999996
5 0.14209 0.62139 0.061520000000000005 0.016979999999999995
5 0.63184 0.62479 0.0625 0.016979999999999995
5 0.74609 0.626485 0.0625 0.01697000000000004
5 0.85303 0.626485 0.06152000000000002 0.01697000000000004
6 0.50537 0.647705 0.14356000000000008 0.08318999999999999
8 0.49657999999999997 0.42020500000000005 0.04393999999999998 0.08659
9 0.504884 0.112901 0.849612 0.12053799999999999
9 0.503904 0.872665 0.853512 0.033950000000000036
10 0.192385 0.53056 0.03125 0.60272
10 0.300785 0.52886 0.03125 0.6027199999999999
10 0.41113 0.529715 0.03320000000000001 0.60781
10 0.0898445 0.52971 0.031251 0.60102
10 0.578615 0.532255 0.03027000000000002 0.60951
10 0.69092 0.53311 0.03417999999999999 0.6146
10 0.802245 0.533955 0.03222999999999998 0.61969
10 0.9116200000000001 0.533955 0.032220000000000026 0.62309
10 0.090821 0.8472 0.035157999999999995 0.03395999999999999
10 0.19238 0.8472 0.03516 0.03395999999999999
10 0.30078 0.8472 0.03515999999999997 0.03395999999999999
10 0.407715 0.850595 0.036129999999999995 0.033949999999999925
10 0.69043 0.8582350000000001 0.041020000000000056 0.03225
10 0.80176 0.86078 0.041019999999999945 0.03395999999999999
10 0.578125 0.85569 0.04100999999999999 0.03395999999999999
10 0.910155 0.8641749999999999 0.04100999999999999 0.033950000000000036
10 0.0917995 0.19185000000000002 0.03516100000000001 0.0713
10 0.19385 0.19014999999999999 0.045899999999999996 0.07809999999999997
10 0.302735 0.18930000000000002 0.04687000000000002 0.0764
10 0.41308500000000004 0.19015500000000002 0.04492999999999997 0.07131000000000001
10 0.57959 0.186755 0.05371999999999999 0.08149
10 0.69336 0.18761 0.04688000000000003 0.07640000000000002
10 0.805175 0.189305 0.04784999999999995 0.07301000000000002
10 0.9121049999999999 0.186755 0.03711000000000009 0.07130999999999998
10 0.557615 0.42445 0.015630000000000033 0.03395999999999999
10 0.43457 0.4236 0.015620000000000023 0.03226000000000001
10 0.43359000000000003 0.526315 0.011720000000000008 0.17317
10 0.55566 0.52462 0.011720000000000064 0.16978
10 0.424315 0.526315 0.006830000000000003 0.17317
10 0.5644549999999999 0.52547 0.003909999999999969 0.16808
8 0.43701 0.589135 0.012699999999999989 0.04074999999999995
8 0.558595 0.589135 0.01366999999999996 0.04074999999999995
10 0.5644549999999999 0.8293699999999999 0.009769999999999945 0.1510999999999999
10 0.56592 0.734295 0.01856000000000002 0.03564999999999996
10 0.44238500000000003 0.8276749999999999 0.009770000000000001 0.15110999999999997
10 0.44287 0.733445 0.01856000000000002 0.037349999999999994
10 0.42432 0.82428 0.0048799999999999955 0.14091999999999993
10 0.425295 0.735995 0.00879000000000002 0.03565000000000007
10 0.42285 0.4236 0.005859999999999976 0.03226000000000001
10 0.56543 0.4253 0.005859999999999976 0.03226000000000001
10 0.56543 0.93039 0.01757999999999993 0.04754000000000003
8 0.16308499999999998 0.11969199999999999 0.015630000000000005 0.04583599999999999
8 0.11914 0.118847 0.015620000000000009 0.04414599999999999
8 0.22314499999999998 0.11969199999999999 0.012690000000000007 0.04583599999999999
8 0.269045 0.118847 0.012690000000000035 0.04414599999999999
8 0.333495 0.117148 0.012689999999999979 0.04414400000000002
8 0.140135 0.128185 0.03026999999999999 0.025469999999999993
8 0.246095 0.126485 0.03320999999999999 0.028869999999999993
8 0.355465 0.126485 0.03125 0.028869999999999993
8 0.37988500000000003 0.1162995 0.013670000000000015 0.04584100000000001
8 0.468265 0.12394 0.03222999999999998 0.027160000000000004
8 0.519045 0.12479000000000001 0.03222999999999998 0.02886000000000001
8 0.6333 0.12139 0.032220000000000026 0.028859999999999997
8 0.746585 0.12309 0.03223000000000009 0.028859999999999997
8 0.8549800000000001 0.12139 0.032220000000000026 0.028859999999999997
8 0.44628500000000004 0.117148 0.013670000000000015 0.04414400000000002
8 0.49560499999999996 0.11544950000000001 0.014649999999999996 0.044141
8 0.544435 0.11544950000000001 0.01269000000000009 0.044141
8 0.611815 0.11544950000000001 0.01269000000000009 0.044141
8 0.6582049999999999 0.11544950000000001 0.01366999999999996 0.044141
8 0.7255849999999999 0.1137505 0.01366999999999996 0.044139
8 0.773925 0.1137505 0.012689999999999979 0.044139
8 0.83545 0.1137505 0.012700000000000045 0.044139
8 0.8833 0.1137505 0.012700000000000045 0.044139
8 0.57959 0.12309 0.032220000000000026 0.028859999999999997
8 0.411135 0.125635 0.03125 0.027170000000000014
5 0.14209 0.904925 0.04786 0.08489000000000002
8 0.300785 0.126485 0.03125 0.028869999999999993
8 0.0908225 0.12818 0.031255000000000005 0.028859999999999983
8 0.19286999999999999 0.127335 0.03222 0.027169999999999986
8 0.691405 0.12309 0.03125 0.028859999999999997
8 0.8042 0.119695 0.032220000000000026 0.028869999999999993
8 0.913575 0.118 0.03222999999999998 0.028859999999999997
5 0.246095 0.908315 0.046869999999999995 0.08489000000000002
5 0.355955 0.904925 0.047850000000000004 0.08489000000000002
5 0.635255 0.90832 0.04784999999999995 0.07810000000000006
5 0.741695 0.91087 0.04784999999999995 0.07640000000000002
5 0.853515 0.9168099999999999 0.05079 0.08150000000000002
