1 0.5136735 0.49999895 0.968753 0.9974820999999999
2 0.1171855 0.313205 0.070309 0.13585000000000003
2 0.23535499999999998 0.310695 0.07030999999999998 0.13585
2 0.35546999999999995 0.31006500000000004 0.07422000000000001 0.13711
2 0.47656 0.31195 0.07421999999999995 0.13836
2 0.65674 0.31195 0.07323999999999997 0.13836
2 0.811035 0.315095 0.07128999999999996 0.13710999999999998
2 0.9594750000000001 0.31887 0.07128999999999996 0.13207999999999998
2 0.116699 0.573585 0.079102 0.20629000000000003
2 0.23389000000000001 0.572325 0.0791 0.20629000000000003
2 0.35497999999999996 0.5716950000000001 0.0791 0.20755
2 0.47754 0.573585 0.08008000000000004 0.20629000000000003
2 0.65869 0.5710649999999999 0.07909999999999995 0.20628999999999997
2 0.813475 0.573585 0.07226999999999995 0.20124999999999998
2 0.116701 0.85786 0.081058 0.13334000000000001
2 0.236325 0.85849 0.08202999999999996 0.13207999999999998
2 0.356445 0.85912 0.08399000000000001 0.13334000000000001
2 0.478515 0.857235 0.08399000000000001 0.13459
2 0.773925 0.8515699999999999 0.06542999999999999 0.13082000000000005
2 0.95166 0.066667 0.05371999999999999 0.090566
2 0.806155 0.059118000000000004 0.053710000000000035 0.090564
2 0.806155 0.059118000000000004 0.053710000000000035 0.090564
2 0.648925 0.0553465 0.053710000000000035 0.090567
3 0.6606449999999999 0.93459 0.06933 0.12829999999999997
5 0.116698 0.386795 0.088864 0.018870000000000053
5 0.23584 0.384905 0.08886000000000002 0.017610000000000015
5 0.356935 0.386165 0.08887 0.017610000000000015
5 0.47705000000000003 0.386165 0.08886000000000005 0.017610000000000015
5 0.660645 0.387425 0.08887 0.017610000000000015
5 0.814945 0.387425 0.08887 0.017610000000000015
5 0.116698 0.681765 0.088864 0.017610000000000015
5 0.234865 0.679875 0.08887 0.018869999999999942
5 0.356445 0.679875 0.09375 0.018869999999999942
5 0.479495 0.679875 0.09375 0.018869999999999942
5 0.660155 0.676725 0.09375 0.017610000000000015
5 0.819335 0.6792450000000001 0.09375 0.017610000000000015
5 0.11718799999999999 0.9283049999999999 0.095704 0.017610000000000015
5 0.23730500000000002 0.9295549999999999 0.09571000000000002 0.017610000000000015
5 0.359375 0.932075 0.09570999999999996 0.017610000000000015
5 0.47754 0.92893 0.09570000000000001 0.018859999999999988
5 0.77539 0.919495 0.07618000000000003 0.015089999999999937
8 0.666505 0.7786150000000001 0.16113 0.09056999999999993
9 0.50537 0.75912 0.94824 0.03648000000000007
9 0.516601 0.142765 0.955078 0.07673
