1 0.2387715 0.49922845000000005 0.416997 0.9923031
1 0.722655 0.5069225 0.5488299999999999 0.964615
2 0.37793 0.166925 0.039059999999999984 0.08461
2 0.29003999999999996 0.16846 0.03906000000000004 0.08462
2 0.200195 0.167695 0.03907000000000002 0.08615000000000002
2 0.200195 0.32769 0.03514999999999999 0.09845999999999999
2 0.28906 0.32769 0.035160000000000025 0.09845999999999999
2 0.378905 0.32769 0.035150000000000015 0.09845999999999999
2 0.38086 0.503845 0.035160000000000025 0.10307
2 0.29003999999999996 0.50231 0.035160000000000025 0.10307999999999995
2 0.20117000000000002 0.50154 0.03516 0.10153999999999996
2 0.203125 0.68769 0.035150000000000015 0.10153999999999996
2 0.293455 0.69 0.03809000000000001 0.10307999999999995
2 0.3833 0.69154 0.03808 0.10307999999999995
2 0.07714850000000001 0.323075 0.023437 0.13231000000000004
2 0.0498045 0.35077 0.021484999999999997 0.12308000000000002
2 0.050292500000000004 0.515385 0.022461000000000002 0.12307000000000001
2 0.0776365 0.49923000000000006 0.022460999999999995 0.12154000000000004
2 0.0522465 0.695385 0.02246100000000001 0.12307000000000001
2 0.0786135 0.6830799999999999 0.022460999999999995 0.12307999999999997
2 0.48633 0.106924 0.039059999999999984 0.09077199999999999
2 0.56445 0.106924 0.039060000000000095 0.09077199999999999
2 0.64453 0.110771 0.03320000000000001 0.08615799999999998
2 0.723145 0.110771 0.03222999999999998 0.08615799999999998
2 0.7988299999999999 0.116923 0.03320000000000001 0.08615400000000001
2 0.87451 0.116923 0.032219999999999915 0.08615400000000001
2 0.949705 0.12000150000000001 0.03222999999999998 0.086157
2 0.489745 0.28846 0.03222999999999998 0.06616
2 0.566895 0.29154 0.03222999999999998 0.06616
2 0.64453 0.29154 0.03320000000000001 0.06616
2 0.725095 0.29 0.03222999999999998 0.06616
2 0.799315 0.29461499999999996 0.03222999999999998 0.06614999999999999
2 0.878415 0.29769500000000004 0.03223000000000009 0.06614999999999999
2 0.949705 0.296155 0.03222999999999998 0.06615000000000004
2 0.48877 0.45999999999999996 0.028320000000000012 0.07075999999999999
2 0.56445 0.46230499999999997 0.02733999999999992 0.06922999999999996
2 0.64697 0.461535 0.028320000000000012 0.07077
2 0.72168 0.46230499999999997 0.02733999999999992 0.06922999999999996
2 0.7963899999999999 0.463845 0.028320000000000012 0.06923000000000001
2 0.874025 0.461535 0.027350000000000096 0.07077
2 0.48975 0.636155 0.028319999999999956 0.06923000000000001
2 0.56543 0.6346149999999999 0.02733999999999992 0.06923000000000001
2 0.64209 0.631535 0.028320000000000012 0.06923000000000001
2 0.72461 0.63 0.02734000000000003 0.06923999999999997
2 0.79932 0.628465 0.028320000000000012 0.06923000000000001
2 0.871095 0.631535 0.027349999999999985 0.06923000000000001
2 0.68262 0.814615 0.16016000000000008 0.09077000000000002
2 0.503415 0.81769 0.08886999999999995 0.09999999999999998
2 0.29492 0.86 0.058599999999999985 0.04923999999999995
2 0.382815 0.857695 0.058589999999999975 0.05076999999999998
4 0.2041 0.423075 0.07812 0.04614999999999997
4 0.296875 0.423075 0.07813000000000003 0.04614999999999997
4 0.38525 0.42461499999999996 0.0791 0.04614999999999997
4 0.203125 0.604615 0.08789000000000002 0.05231000000000008
4 0.387695 0.6092299999999999 0.08789000000000002 0.0522999999999999
4 0.296385 0.5992299999999999 0.08301000000000003 0.07229999999999992
5 0.20215 0.565385 0.06836 0.038470000000000004
5 0.29297 0.56769 0.06835999999999998 0.03691999999999995
5 0.38477 0.57077 0.06835999999999998 0.036920000000000064
7 0.19922 0.5 0.029299999999999993 0.09845999999999999
7 0.203125 0.68769 0.029289999999999983 0.09845999999999999
7 0.291505 0.68923 0.03027000000000002 0.09845999999999999
7 0.38086 0.69077 0.029299999999999993 0.09845999999999999
7 0.0537105 0.69923 0.015625 0.10616000000000003
7 0.0800785 0.68923 0.015625 0.10461999999999994
7 0.28808500000000004 0.466155 0.029289999999999983 0.027689999999999992
7 0.38378999999999996 0.85846 0.054680000000000006 0.04308000000000001
9 0.277345 0.22 0.32616999999999996 0.027700000000000002
9 0.28125 0.38922999999999996 0.32618 0.027700000000000002
9 0.28174 0.76 0.32323999999999997 0.040000000000000036
11 0.29248 0.8015399999999999 0.25488 0.03691999999999995
11 0.382325 0.94308 0.057609999999999995 0.09845999999999999
11 0.29639 0.94308 0.057620000000000005 0.09845999999999999
11 0.20459 0.944615 0.057620000000000005 0.09847000000000006
11 0.20459 0.86154 0.05565999999999999 0.04308000000000001
11 0.0913065 0.9438500000000001 0.047847 0.09999999999999998
11 0.157715 0.9384600000000001 0.02246999999999999 0.024619999999999975
11 0.12744 0.9330750000000001 0.018560000000000007 0.029229999999999978
11 0.15918 0.85692 0.017580000000000012 0.036920000000000064
11 0.0600585 0.92923 0.014648999999999995 0.01845999999999992
11 0.680175 0.95077 0.15722999999999998 0.0738399999999999
