1 0.50048828 0.49401490000000003 0.99902344 0.9853702
2 0.0800785 0.59242 0.044923000000000005 0.12102000000000002
2 0.25684 0.597735 0.04491999999999999 0.12101000000000006
2 0.38378999999999996 0.5964050000000001 0.044920000000000015 0.12100999999999995
2 0.51172 0.5964050000000001 0.044920000000000015 0.12100999999999995
2 0.6416 0.595745 0.04491999999999996 0.11968999999999996
2 0.7675799999999999 0.5964050000000001 0.04491999999999996 0.12100999999999995
2 0.89844 0.595745 0.04492000000000007 0.11968999999999996
2 0.0810535 0.35505 0.041013 0.11435999999999996
2 0.256835 0.362365 0.04100999999999996 0.11036999999999997
2 0.384765 0.361035 0.041010000000000046 0.11036999999999997
2 0.51172 0.359705 0.04102 0.11036999999999997
2 0.6386700000000001 0.358375 0.041019999999999945 0.11036999999999997
2 0.768555 0.359705 0.04100999999999999 0.11036999999999997
2 0.896485 0.361035 0.04100999999999999 0.11036999999999997
2 0.0849635 0.19415 0.042973 0.02393999999999999
2 0.25928 0.20213 0.04003999999999999 0.023940000000000017
2 0.38573999999999997 0.20079999999999998 0.04102 0.02393999999999999
2 0.51465 0.20079999999999998 0.041019999999999945 0.02393999999999999
2 0.6411100000000001 0.20079999999999998 0.040039999999999965 0.02393999999999999
2 0.77051 0.19946999999999998 0.041019999999999945 0.02393999999999999
2 0.8974599999999999 0.19813999999999998 0.041019999999999945 0.02393999999999999
2 0.0649415 0.759975 0.03417900000000001 0.02793000000000001
2 0.257815 0.7666200000000001 0.03125000000000003 0.03057999999999994
2 0.384765 0.767285 0.03125 0.031909999999999994
2 0.511715 0.7652950000000001 0.031250000000000056 0.030590000000000006
2 0.768555 0.7659549999999999 0.03125 0.031909999999999994
2 0.897465 0.767285 0.03125 0.031909999999999994
2 0.0683595 0.8789899999999999 0.037109 0.09042000000000006
2 0.258785 0.8789899999999999 0.037109999999999976 0.09042000000000006
2 0.385745 0.8789899999999999 0.037109999999999976 0.09042000000000006
2 0.514645 0.879655 0.03711000000000003 0.09175
2 0.770505 0.87766 0.037109999999999976 0.09041999999999994
2 0.898435 0.87766 0.037109999999999976 0.09041999999999994
4 0.074218 0.50997 0.066404 0.043879999999999975
4 0.074706 0.283245 0.065428 0.026590000000000003
4 0.25488500000000003 0.28590499999999996 0.07812999999999998 0.01860999999999996
4 0.38378999999999996 0.28590499999999996 0.07812000000000002 0.01860999999999996
4 0.51221 0.28324499999999997 0.0791 0.01860999999999996
4 0.6401399999999999 0.28324499999999997 0.07910000000000006 0.01860999999999996
4 0.76953 0.28324499999999997 0.07812000000000008 0.01860999999999996
4 0.89795 0.28258 0.07909999999999995 0.017279999999999962
4 0.253905 0.49867 0.08789 0.053200000000000025
4 0.38037 0.49601 0.08886 0.053200000000000025
4 0.510255 0.498005 0.08887 0.05186999999999997
4 0.639645 0.49734 0.08789000000000002 0.05319999999999997
4 0.766115 0.498005 0.08887 0.05186999999999997
4 0.895995 0.49601 0.08887 0.053200000000000025
6 0.072265 0.66822 0.08203 0.03856000000000004
6 0.592285 0.6762 0.81347 0.041220000000000034
6 0.59912 0.02460105 0.7939400000000001 0.0385639
9 0.49950985000000003 0.15226 0.9931603 0.18484
8 0.02001955 0.04255300000000001 0.0361329 0.047872000000000005
9 0.50390455 0.7087749999999999 0.9902309 0.05850999999999995
10 0.12451 0.42686 0.03222 0.40958000000000006
10 0.027832 0.42486500000000005 0.032226 0.40825000000000006
10 0.32129 0.43617 0.03320000000000001 0.40160000000000007
10 0.20410499999999998 0.4375 0.013669999999999988 0.40159999999999996
10 0.447755 0.43484 0.03222999999999998 0.40159999999999996
10 0.57666 0.43484 0.032220000000000026 0.40159999999999996
10 0.705565 0.43351 0.03222999999999998 0.40160000000000007
10 0.834475 0.43617 0.03222999999999998 0.40160000000000007
10 0.962405 0.43617 0.03222999999999998 0.40160000000000007
10 0.02880875 0.64096 0.0419925 0.02393999999999996
10 0.124515 0.64229 0.04199 0.021279999999999966
10 0.203125 0.647605 0.019529999999999992 0.018610000000000015
10 0.32031 0.645615 0.044920000000000015 0.019950000000000023
10 0.447265 0.645615 0.04492999999999997 0.019950000000000023
10 0.5761700000000001 0.645615 0.04491999999999996 0.019950000000000023
10 0.705565 0.644285 0.043949999999999934 0.019949999999999912
10 0.8344750000000001 0.645615 0.043950000000000045 0.019950000000000023
10 0.96289 0.645615 0.04491999999999996 0.019950000000000023
10 0.02880845 0.19082 0.0439451 0.059840000000000004
10 0.12549 0.19281500000000001 0.04394000000000001 0.05850999999999998
10 0.205565 0.20678 0.01855000000000001 0.059840000000000004
10 0.32128500000000004 0.20412 0.04297000000000001 0.059840000000000004
10 0.448245 0.20412 0.04297000000000001 0.059840000000000004
10 0.577635 0.203455 0.043949999999999934 0.058510000000000006
10 0.706545 0.202125 0.043949999999999934 0.058510000000000006
10 0.8344750000000001 0.203455 0.043950000000000045 0.058510000000000006
10 0.9628950000000001 0.20412 0.042970000000000064 0.059840000000000004
