1 0.2084935 0.5199695 0.36425300000000005 0.864221
1 0.601075 0.525557 0.41113000000000005 0.856226
1 0.893555 0.497604 0.17382999999999993 0.892972
2 0.115235 0.203675 0.019530000000000006 0.059109999999999996
2 0.20654 0.203675 0.02245999999999998 0.059109999999999996
2 0.293945 0.204475 0.019529999999999992 0.057510000000000006
2 0.1167 0.328275 0.028319999999999998 0.07827
2 0.20654 0.32987 0.028320000000000012 0.07828000000000002
2 0.296875 0.33147 0.027349999999999985 0.07828000000000002
2 0.29639 0.46166 0.028320000000000012 0.08306000000000002
2 0.20703500000000002 0.459265 0.037110000000000004 0.09104999999999996
2 0.11865 0.460065 0.028320000000000012 0.07987
2 0.118165 0.590255 0.02929000000000001 0.08467000000000002
2 0.29834 0.591855 0.030279999999999974 0.08467000000000002
2 0.208005 0.58866 0.037110000000000004 0.09106000000000003
2 0.0600585 0.44808499999999996 0.014648999999999995 0.09425
2 0.0400395 0.44808499999999996 0.015625 0.09425
2 0.061523499999999995 0.579075 0.015624999999999993 0.09424999999999994
2 0.0410155 0.582265 0.015625 0.09425000000000006
2 0.575195 0.25639 0.019530000000000047 0.08465999999999999
2 0.60205 0.25719 0.01856000000000002 0.08625999999999998
2 0.626465 0.25878500000000004 0.018549999999999955 0.08627000000000001
2 0.648925 0.259585 0.016610000000000014 0.08467000000000002
2 0.575685 0.36262 0.018550000000000066 0.08626
2 0.6030249999999999 0.36182000000000003 0.018549999999999955 0.08466000000000001
2 0.62744 0.36341999999999997 0.01855999999999991 0.08466000000000001
2 0.649905 0.365015 0.01464999999999994 0.08466999999999997
2 0.57666 0.46725000000000005 0.01856000000000002 0.08466000000000001
2 0.6030249999999999 0.46804999999999997 0.018549999999999955 0.08625999999999995
2 0.62842 0.46885 0.01856000000000002 0.08465999999999996
2 0.650875 0.46885 0.014650000000000052 0.08465999999999996
2 0.577635 0.572685 0.018550000000000066 0.08467000000000002
2 0.6030249999999999 0.571885 0.018549999999999955 0.08626999999999996
2 0.62988 0.57428 0.01757999999999993 0.08465999999999996
2 0.6518550000000001 0.57588 0.01464999999999994 0.08466000000000007
2 0.578125 0.66534 0.017570000000000086 0.06230000000000002
2 0.60547 0.66534 0.01758000000000004 0.06230000000000002
2 0.62988 0.66693 0.01757999999999993 0.06230000000000002
2 0.6518550000000001 0.6677299999999999 0.01464999999999994 0.06070000000000009
2 0.690915 0.464855 0.020509999999999917 0.060709999999999986
2 0.716305 0.467255 0.020510000000000028 0.059109999999999996
2 0.748535 0.46885 0.020509999999999917 0.059099999999999986
2 0.774905 0.46965 0.020509999999999917 0.060699999999999976
2 0.690915 0.56789 0.020509999999999917 0.05909999999999993
2 0.716795 0.56949 0.02149000000000001 0.05910000000000004
2 0.749025 0.571085 0.021489999999999898 0.059109999999999996
2 0.774415 0.572685 0.02149000000000001 0.059109999999999996
2 0.691405 0.67093 0.02149000000000001 0.060699999999999976
2 0.717775 0.672525 0.021489999999999898 0.06070999999999993
2 0.748535 0.67412 0.020509999999999917 0.06070000000000009
2 0.776365 0.67412 0.02149000000000001 0.06070000000000009
2 0.4209 0.453675 0.023440000000000016 0.06071000000000004
2 0.44922 0.45447 0.023440000000000016 0.06230000000000002
2 0.484375 0.45607 0.02342999999999995 0.062299999999999967
2 0.5136700000000001 0.45607 0.023440000000000016 0.062299999999999967
2 0.4209 0.55831 0.023440000000000016 0.06230000000000002
2 0.450195 0.5599000000000001 0.023430000000000006 0.06229999999999991
2 0.48535 0.5615 0.023440000000000016 0.06230000000000002
2 0.5136700000000001 0.5630999999999999 0.023440000000000016 0.06229999999999991
2 0.42041 0.66534 0.022460000000000035 0.06230000000000002
2 0.44922 0.66534 0.023440000000000016 0.06230000000000002
2 0.48535 0.66693 0.023440000000000016 0.06230000000000002
2 0.51465 0.66534 0.023440000000000016 0.06230000000000002
2 0.36621 0.33227 0.009759999999999991 0.025560000000000027
2 0.367185 0.46006 0.009770000000000001 0.02555999999999997
2 0.36816499999999996 0.58786 0.009770000000000001 0.03514000000000006
2 0.37109499999999995 0.7236400000000001 0.009770000000000001 0.05111999999999994
2 0.37256 0.872205 0.010739999999999972 0.05750999999999995
2 0.42529 0.238815 0.03417999999999999 0.055910000000000015
2 0.490235 0.240415 0.03320999999999996 0.05590999999999999
2 0.690915 0.253995 0.030269999999999908 0.05431
2 0.748535 0.25719000000000003 0.030269999999999908 0.05431999999999998
2 0.416015 0.16214 0.029289999999999983 0.07508
2 0.478515 0.16454 0.029289999999999983 0.07347999999999999
2 0.6762699999999999 0.17811500000000002 0.030279999999999974 0.06869
2 0.734865 0.1845 0.03027000000000002 0.07507999999999998
2 0.43457 0.34904 0.039059999999999984 0.062299999999999967
2 0.49805 0.353035 0.03906000000000004 0.060709999999999986
2 0.70215 0.36341999999999997 0.03515999999999997 0.059099999999999986
2 0.76074 0.36741500000000005 0.03515999999999997 0.057510000000000006
2 0.850585 0.1885 0.025390000000000024 0.07668000000000003
2 0.888185 0.19489 0.024410000000000043 0.07668
2 0.925295 0.20128000000000001 0.024410000000000043 0.07668
2 0.830565 0.317095 0.024410000000000043 0.08146999999999999
2 0.865725 0.322685 0.024410000000000043 0.08306999999999998
2 0.907715 0.327475 0.024409999999999932 0.08306999999999998
2 0.830565 0.452875 0.024410000000000043 0.08146999999999999
2 0.86719 0.455275 0.021479999999999944 0.08306999999999998
2 0.9106449999999999 0.458465 0.024409999999999932 0.08306999999999998
2 0.9487300000000001 0.460865 0.024419999999999997 0.08147000000000004
2 0.831055 0.585465 0.023430000000000062 0.09105000000000008
2 0.8667 0.58866 0.022460000000000035 0.09106000000000003
2 0.90869 0.59425 0.022459999999999924 0.09266000000000008
2 0.910645 0.72604 0.026370000000000005 0.09106000000000003
2 0.9487300000000001 0.727635 0.02636000000000005 0.09104999999999996
2 0.868655 0.722845 0.024409999999999932 0.09104999999999996
2 0.831545 0.72444 0.024410000000000043 0.09106000000000003
4 0.1181615 0.407345 0.05077700000000002 0.01917000000000002
4 0.29834 0.408145 0.05176000000000003 0.01757000000000003
4 0.11962999999999999 0.5335449999999999 0.05761999999999999 0.01917000000000002
4 0.2998 0.5343450000000001 0.056640000000000024 0.020770000000000066
4 0.20849499999999999 0.5335449999999999 0.07128999999999999 0.01917000000000002
5 0.117675 0.51198 0.047850000000000004 0.027160000000000017
5 0.20703 0.51278 0.0625 0.028759999999999952
5 0.29883000000000004 0.5143800000000001 0.044920000000000015 0.025559999999999916
5 0.1181615 0.646965 0.05077700000000002 0.035150000000000015
5 0.29834000000000005 0.6493599999999999 0.04980000000000001 0.033540000000000014
5 0.8300799999999999 0.503995 0.029299999999999993 0.027149999999999952
5 0.86914 0.50719 0.029299999999999993 0.027159999999999962
5 0.91113 0.51198 0.029299999999999993 0.027160000000000017
5 0.949705 0.514375 0.03222999999999998 0.028750000000000053
5 0.8325199999999999 0.63419 0.030279999999999974 0.012780000000000014
5 0.868165 0.6373800000000001 0.029290000000000038 0.012779999999999903
5 0.950195 0.7763599999999999 0.03320999999999996 0.009580000000000033
5 0.91211 0.7763599999999999 0.03320000000000001 0.009580000000000033
5 0.86914 0.773165 0.03320000000000001 0.009589999999999987
5 0.83057 0.36262 0.028320000000000012 0.012780000000000014
5 0.8671899999999999 0.36661 0.029299999999999993 0.014380000000000004
5 0.9081999999999999 0.373 0.029299999999999993 0.014379999999999948
5 0.85205 0.228435 0.030279999999999974 0.009589999999999987
5 0.890135 0.23322500000000002 0.03027000000000002 0.009590000000000015
5 0.92578 0.238815 0.029299999999999993 0.007989999999999997
6 0.208985 0.646965 0.06445000000000001 0.035150000000000015
6 0.42383000000000004 0.18290499999999998 0.05077999999999999 0.059110000000000024
6 0.48828 0.183705 0.050779999999999936 0.060710000000000014
6 0.74707 0.202075 0.056640000000000024 0.059109999999999996
6 0.68848 0.19888 0.056640000000000024 0.059099999999999986
6 0.596195 0.18131 0.12793 0.04952000000000001
8 0.20654499999999998 0.127797 0.03223000000000001 0.06070600000000001
8 0.25293 0.20527 0.015620000000000023 0.059100000000000014
8 0.161135 0.20446999999999999 0.015629999999999977 0.060700000000000004
8 0.1167 0.28674 0.006839999999999999 0.014380000000000004
8 0.20654 0.28674 0.006840000000000013 0.014380000000000004
8 0.296385 0.28834000000000004 0.006830000000000003 0.014380000000000004
8 0.20947 0.691695 0.016600000000000004 0.031950000000000034
8 0.88965 0.1006415 0.07812000000000008 0.067097
9 0.208495 0.259585 0.35449 0.03993000000000002
9 0.2094735 0.377795 0.354493 0.02396999999999999
9 0.2080085 0.673325 0.357423 0.030349999999999988
9 0.8950199999999999 0.265175 0.16699999999999993 0.04793
9 0.893555 0.5263599999999999 0.16992999999999991 0.023960000000000092
9 0.893555 0.665335 0.16796999999999995 0.030349999999999988
10 0.1626 0.51198 0.016600000000000004 0.17091999999999996
10 0.25537 0.51278 0.016600000000000004 0.16931999999999997
10 0.16406500000000002 0.872205 0.015630000000000005 0.15654999999999997
10 0.256835 0.8738 0.015630000000000005 0.15335999999999994
10 0.25634999999999997 0.6317900000000001 0.02245999999999998 0.0655
10 0.16211 0.6309899999999999 0.023440000000000016 0.06710000000000005
10 0.16260000000000002 0.404955 0.018559999999999993 0.04313
10 0.255855 0.405755 0.01953000000000002 0.04472999999999999
10 0.16455 0.7787550000000001 0.01856000000000002 0.030349999999999988
10 0.0732425 0.777155 0.019530999999999993 0.030349999999999988
10 0.34521500000000005 0.781945 0.01855000000000001 0.0303500000000001
10 0.345215 0.8746 0.016610000000000014 0.15176
11 0.207035 0.822685 0.07030999999999998 0.2396100000000001
11 0.299805 0.8202849999999999 0.07030999999999998 0.24121000000000004
11 0.119142 0.8202849999999999 0.07031599999999999 0.24121000000000004
11 0.890625 0.82588 0.05665000000000009 0.028760000000000008
11 0.956055 0.82428 0.044929999999999914 0.025560000000000027
2 0.0600585 0.31949 0.014648999999999995 0.08306000000000002
2 0.0595705 0.19409 0.015625 0.07188
2 0.0390625 0.19808 0.013671000000000003 0.06390000000000001
2 0.038574 0.317895 0.014648000000000001 0.07987
2 0.561035 0.173325 0.036129999999999995 0.04313
2 0.526365 0.171725 0.01366999999999996 0.04313
2 0.59375 0.171725 0.013679999999999914 0.04313
