1 0.48241985000000004 0.49831675 0.9589803 0.9932665
3 0.28906 0.85017 0.08593999999999999 0.26936000000000004
2 0.521485 0.180975 0.04100999999999999 0.08923
2 0.290035 0.18182 0.037109999999999976 0.08754
2 0.057617 0.185185 0.037110000000000004 0.08754999999999999
2 0.8769549999999999 0.1633 0.01562999999999992 0.07407999999999998
2 0.81006 0.16414 0.016599999999999948 0.07576
2 0.842285 0.140571 0.018549999999999955 0.116158
2 0.875 0.7819849999999999 0.04296000000000011 0.15657
2 0.81494 0.78367 0.04394000000000009 0.15656000000000003
2 0.649415 0.7878799999999999 0.04100999999999999 0.15152
2 0.5307649999999999 0.786195 0.04199000000000008 0.15151000000000003
2 0.41064500000000004 0.785355 0.04394999999999999 0.14983000000000002
2 0.17334 0.790405 0.04200000000000001 0.14983000000000002
2 0.0541995 0.790405 0.043945000000000005 0.14983000000000002
2 0.8720699999999999 0.477275 0.03710000000000002 0.16667000000000004
2 0.8120099999999999 0.478955 0.03808 0.16666999999999993
2 0.646485 0.4899 0.044930000000000025 0.16162000000000004
2 0.52881 0.49074000000000007 0.04394000000000009 0.15994000000000003
2 0.410155 0.49241999999999997 0.04686999999999997 0.16329999999999995
2 0.29297 0.49495 0.04688000000000003 0.16497999999999996
2 0.17529 0.494105 0.045899999999999996 0.16666999999999993
2 0.056640499999999996 0.49495 0.04687499999999999 0.16497999999999996
4 0.84717 0.40741 0.14942 0.09428000000000003
4 0.0576175 0.425925 0.08984500000000001 0.09426999999999996
4 0.17870999999999998 0.42677 0.08984 0.09595999999999999
4 0.29442999999999997 0.42508 0.09081999999999998 0.09595999999999999
4 0.41259999999999997 0.4234 0.09081999999999996 0.09596000000000005
4 0.53125 0.42172 0.08983999999999998 0.09595999999999999
4 0.6498999999999999 0.41919 0.09082000000000001 0.09428000000000003
4 0.844725 0.100166 0.12109000000000003 0.092588
4 0.0561525 0.099327 0.081055 0.127946
4 0.297365 0.0959585 0.08105000000000001 0.12794299999999997
4 0.526855 0.0959585 0.08105000000000001 0.12794299999999997
4 0.0551755 0.7129650000000001 0.07128899999999999 0.031990000000000074
4 0.17529499999999998 0.7112799999999999 0.07128999999999999 0.03198000000000001
4 0.53125 0.7079150000000001 0.07225999999999999 0.031990000000000074
4 0.651365 0.7028650000000001 0.07226999999999995 0.031990000000000074
4 0.41211 0.7062299999999999 0.07226000000000005 0.03198000000000001
5 0.056152499999999994 0.6052150000000001 0.079101 0.06229000000000007
5 0.17725 0.6035349999999999 0.0791 0.06229000000000007
5 0.293945 0.60269 0.07812999999999998 0.05724000000000007
5 0.41211 0.60606 0.07812000000000002 0.05724000000000007
5 0.53125 0.60101 0.07811999999999997 0.05724000000000007
5 0.649905 0.59933 0.07714999999999994 0.05723999999999996
5 0.8105450000000001 0.594275 0.06640999999999997 0.053870000000000084
5 0.876465 0.5934349999999999 0.06542999999999999 0.05219000000000007
7 0.42090000000000005 0.78788 0.02148 0.13803999999999994
7 0.40088 0.786195 0.01856000000000002 0.13805
7 0.519535 0.78788 0.019530000000000047 0.13803999999999994
7 0.540035 0.786195 0.019529999999999936 0.13805
7 0.639645 0.78788 0.019530000000000047 0.13803999999999994
7 0.65869 0.78788 0.01855999999999991 0.13803999999999994
8 0.027832000000000003 0.297135 0.010742000000000005 0.03534999999999999
8 0.058105500000000004 0.29798 0.010743000000000003 0.03704000000000002
8 0.088379 0.297135 0.010742000000000002 0.03534999999999999
8 0.11816 0.297135 0.011720000000000008 0.03534999999999999
8 0.14697 0.296295 0.01074 0.03702999999999995
8 0.17822 0.295455 0.01074 0.03534999999999999
8 0.20751999999999998 0.296295 0.01074 0.03702999999999995
8 0.23681999999999997 0.297135 0.01074 0.03534999999999999
8 0.26611 0.295455 0.010739999999999972 0.03534999999999999
8 0.29639 0.29377 0.010739999999999972 0.03536
8 0.328125 0.29377 0.011709999999999998 0.03536
8 0.35791 0.295455 0.010739999999999972 0.03534999999999999
8 0.38721 0.295455 0.010739999999999972 0.03534999999999999
8 0.41747999999999996 0.295455 0.010740000000000027 0.03534999999999999
8 0.4458 0.295455 0.010740000000000027 0.03534999999999999
8 0.47705 0.295455 0.010740000000000027 0.03534999999999999
8 0.50537 0.29377 0.010739999999999972 0.03536
8 0.53467 0.295455 0.010739999999999972 0.03534999999999999
8 0.56592 0.29461000000000004 0.010739999999999972 0.03704000000000002
8 0.5957 0.295455 0.011719999999999953 0.03534999999999999
8 0.62451 0.29377 0.010739999999999972 0.03536
8 0.65283 0.292085 0.010739999999999972 0.03534999999999999
8 0.6831050000000001 0.29293 0.010749999999999926 0.03704000000000002
8 0.7123999999999999 0.28367 0.028320000000000012 0.05556
9 0.36376780000000003 0.27862 0.7080044 0.09932000000000002
9 0.48437600000000003 0.60606 0.947268 0.10774000000000006
9 0.48388780000000003 0.872895 0.9482444 0.04208999999999996
