1 0.455 0.5013477 0.7575 0.9973046
2 0.6637500000000001 0.1522915 0.08750000000000002 0.132077
2 0.563125 0.1455515 0.08624999999999994 0.12937700000000002
2 0.6643749999999999 0.401615 0.08625000000000005 0.14554999999999996
2 0.5606249999999999 0.401615 0.08625000000000005 0.14554999999999996
2 0.56625 0.65364 0.08250000000000002 0.14286
2 0.6637500000000001 0.65903 0.08750000000000002 0.14286
2 0.47375 0.202155 0.05499999999999999 0.10781000000000002
2 0.475 0.43935 0.05499999999999994 0.10781999999999997
2 0.47750000000000004 0.67655 0.05499999999999999 0.10782000000000003
2 0.8943749999999999 0.491915 0.026249999999999996 0.08895000000000003
2 0.8956249999999999 0.719675 0.026249999999999996 0.09165000000000001
2 0.889375 0.25337 0.026249999999999996 0.08086000000000002
2 0.743125 0.1779 0.03874999999999995 0.16712000000000005
2 0.745 0.41644499999999995 0.03750000000000009 0.16980999999999996
2 0.744375 0.66577 0.03875000000000006 0.16712000000000005
2 0.163125 0.681945 0.09125 0.12399000000000004
2 0.16749999999999998 0.44474 0.08249999999999999 0.11860000000000004
2 0.166875 0.21023999999999998 0.08374999999999999 0.11860000000000001
2 0.30375 0.43935 0.0675 0.10781999999999997
2 0.3075 0.67655 0.0675 0.10782000000000003
2 0.3075 0.200805 0.0675 0.11051
2 0.41500000000000004 0.18329 0.027500000000000024 0.07008
2 0.41437500000000005 0.41779 0.028749999999999998 0.07008000000000003
2 0.4175 0.67655 0.027500000000000024 0.10782000000000003
2 0.306875 0.9123950000000001 0.06874999999999998 0.11051
2 0.14375 0.898925 0.04500000000000001 0.08894999999999997
2 0.195625 0.90027 0.023749999999999993 0.09704000000000002
2 0.71625 0.9177900000000001 0.04999999999999993 0.1159
2 0.62125 0.916445 0.050000000000000044 0.11320999999999992
2 0.896875 0.92857 0.053749999999999964 0.09434000000000009
3 0.47625 0.9164399999999999 0.040000000000000036 0.15634000000000003
2 0.41875 0.9070050000000001 0.02749999999999997 0.11051
4 0.8987499999999999 0.204855 0.0824999999999999 0.14554999999999998
6 0.155625 0.27898 0.15125 0.16442
6 0.15375 0.51617 0.15250000000000002 0.16442
6 0.155625 0.766845 0.15625 0.11590999999999996
6 0.411875 0.766845 0.21625 0.14284999999999992
6 0.41250000000000003 0.5269550000000001 0.2025 0.14285000000000003
6 0.41125 0.273585 0.20249999999999996 0.17521
6 0.9125 0.34906 0.14500000000000002 0.21294
6 0.9175 0.59299 0.14250000000000007 0.15633999999999992
6 0.916875 0.8045800000000001 0.1412500000000001 0.12668000000000001
7 0.561875 0.144204 0.08125000000000004 0.12129200000000001
7 0.5625 0.40162 0.08250000000000002 0.14016
7 0.665 0.62534 0.07999999999999996 0.07007999999999992
7 0.665 0.34097 0.08250000000000002 0.024260000000000004
7 0.744375 0.355795 0.03374999999999995 0.043129999999999946
7 0.28500000000000003 0.20081 0.019999999999999962 0.10511999999999999
7 0.306875 0.20081 0.02124999999999999 0.10511999999999999
7 0.329375 0.20081 0.021250000000000047 0.10511999999999999
7 0.256875 0.439355 0.026250000000000023 0.11321000000000003
7 0.32625 0.433965 0.025000000000000022 0.11321000000000003
7 0.254375 0.675205 0.026250000000000023 0.11051
7 0.306875 0.67655 0.023749999999999993 0.10241999999999996
7 0.33 0.67655 0.020000000000000018 0.10241999999999996
7 0.28375 0.91105 0.020000000000000018 0.10241999999999996
7 0.30625 0.91105 0.019999999999999962 0.10241999999999996
7 0.32875 0.9123950000000001 0.020000000000000018 0.09972999999999999
7 0.42000000000000004 0.67116 0.017500000000000016 0.08626
7 0.46375 0.66981 0.022499999999999964 0.08355999999999997
7 0.459375 0.42183000000000004 0.02124999999999999 0.07278000000000001
7 0.49 0.42318 0.020000000000000018 0.07008000000000003
7 0.491875 0.669815 0.02375000000000005 0.08894999999999997
