1 0.57699 0.604285 0.7952600000000001 0.77429
2 0.801185 0.46071 0.07952999999999999 0.10999999999999999
2 0.354485 0.45929 0.07952999999999999 0.11000000000000004
2 0.347715 0.652855 0.07952999999999999 0.11143000000000003
2 0.802875 0.654285 0.07952999999999999 0.11142999999999992
2 0.466155 0.290715 0.06599 0.07284999999999997
2 0.689505 0.29213999999999996 0.06599 0.07285999999999998
2 0.35364 0.86286 0.15227999999999997 0.09999999999999998
2 0.802875 0.86286 0.15396999999999994 0.09999999999999998
2 0.5812200000000001 0.6714249999999999 0.08629999999999993 0.15143000000000006
2 0.5795250000000001 0.47 0.07952999999999999 0.13142000000000004
5 0.35109999999999997 0.52 0.13028 0.02285999999999999
5 0.804565 0.5214300000000001 0.13029000000000002 0.02285999999999999
5 0.807955 0.717855 0.13029000000000002 0.02143000000000006
5 0.34940499999999997 0.715715 0.13028999999999996 0.022850000000000037
6 0.566835 0.725715 0.26735 0.09715000000000007
6 0.562605 0.528575 0.26565 0.11142999999999997
7 0.357865 0.45214 0.06936999999999999 0.08714
9 0.57614 0.355 0.7732600000000001 0.05286000000000002
