1 0.5023585 0.5009781 0.995283 0.9941438
2 0.071934 0.17334 0.04481199999999999 0.1123
2 0.191625 0.171875 0.04363 0.11329
2 0.315445 0.171875 0.04363 0.11329
2 0.442805 0.17236 0.048350000000000004 0.11426
2 0.565445 0.17285 0.048350000000000004 0.11524000000000001
2 0.689265 0.17676 0.048350000000000004 0.11524000000000001
2 0.8083750000000001 0.18164 0.048350000000000004 0.11524
2 0.928655 0.18310500000000002 0.048350000000000004 0.11424999999999999
2 0.0725235 0.39209 0.05070700000000001 0.11816000000000004
2 0.196345 0.392575 0.050710000000000005 0.12304999999999999
2 0.318395 0.393065 0.05188999999999999 0.12207000000000001
2 0.44516500000000003 0.395015 0.05070999999999998 0.12207000000000001
2 0.571345 0.39746000000000004 0.05071000000000003 0.12303999999999998
2 0.693985 0.398925 0.05071000000000003 0.12206999999999996
2 0.815445 0.398925 0.05071000000000003 0.12206999999999996
2 0.93573 0.399415 0.05070000000000008 0.12304999999999999
2 0.0737005 0.6450199999999999 0.057779000000000004 0.13184000000000007
2 0.197525 0.6459950000000001 0.05779000000000001 0.13183
2 0.3237 0.64697 0.05778 0.13184000000000007
2 0.4487 0.64697 0.05778 0.13184000000000007
2 0.572525 0.64697 0.05779000000000001 0.13184000000000007
2 0.696345 0.6474599999999999 0.05779000000000001 0.13282000000000005
2 0.81545 0.64795 0.05777999999999994 0.13183999999999996
2 0.93632 0.64746 0.056599999999999984 0.12890000000000001
4 0.07370399999999999 0.30615000000000003 0.10967199999999999 0.028319999999999956
4 0.198705 0.30469 0.10966999999999999 0.029299999999999993
4 0.324295 0.30469 0.10848999999999998 0.029299999999999993
4 0.454005 0.30469 0.10848999999999998 0.029299999999999993
4 0.5795950000000001 0.30908 0.10967000000000005 0.028320000000000012
4 0.702245 0.31055 0.10966999999999993 0.029299999999999993
4 0.822525 0.31055 0.10967000000000005 0.029299999999999993
4 0.940445 0.313475 0.10967000000000005 0.029290000000000038
4 0.07665000000000001 0.53662 0.12264000000000001 0.04200000000000004
4 0.20106000000000002 0.53662 0.12146000000000001 0.04200000000000004
4 0.32901 0.53662 0.12264000000000003 0.04200000000000004
4 0.45283 0.53662 0.12263999999999997 0.04200000000000004
4 0.57901 0.538575 0.12263999999999997 0.04198999999999997
4 0.7034199999999999 0.53955 0.12146000000000001 0.04200000000000004
4 0.8254699999999999 0.541505 0.12263999999999997 0.04198999999999997
4 0.9445749999999999 0.5424800000000001 0.10377000000000003 0.04393999999999998
5 0.071343 0.47168 0.100234 0.05077999999999999
5 0.195165 0.47509999999999997 0.10022999999999999 0.05175999999999997
5 0.32488 0.47802999999999995 0.10024 0.05175999999999997
5 0.447525 0.47802999999999995 0.10023000000000004 0.05175999999999997
5 0.571935 0.476075 0.10141 0.05175000000000002
5 0.696345 0.47802999999999995 0.10023000000000004 0.05175999999999997
5 0.818395 0.479 0.10141 0.05175999999999997
5 0.942805 0.48241999999999996 0.10023000000000004 0.05077999999999999
5 0.075473 0.730955 0.10849400000000001 0.04784999999999995
5 0.201065 0.734375 0.10967000000000002 0.04882999999999993
5 0.32606500000000005 0.73584 0.10966999999999999 0.0478599999999999
5 0.45165500000000003 0.734375 0.10849000000000003 0.04882999999999993
5 0.575475 0.733885 0.10848999999999998 0.04784999999999995
5 0.701065 0.733885 0.10967000000000005 0.04784999999999995
5 0.818395 0.734865 0.10848999999999998 0.04784999999999995
5 0.932785 0.733885 0.10848999999999998 0.04784999999999995
9 0.504125 0.032226450000000004 0.9775900000000001 0.0507811
9 0.503536 0.253415 0.983488 0.06542999999999999
9 0.5017673500000001 0.75098 0.9870253000000001 0.09179999999999999
10 0.135025 0.145018 0.01533000000000001 0.15722399999999997
10 0.0135611 0.144533 0.015329799999999998 0.156254
10 0.258845 0.144045 0.01533000000000001 0.15722999999999998
10 0.38266500000000003 0.144045 0.01533000000000001 0.15722999999999998
10 0.508845 0.144533 0.015330000000000066 0.156254
10 0.632665 0.1459965 0.015329999999999955 0.157227
10 0.755305 0.1499045 0.015330000000000066 0.157231
10 0.876765 0.1533225 0.015330000000000066 0.15625499999999998
10 0.991155 0.158204 0.015330000000000066 0.156252
10 0.0395045 0.391115 0.010612999999999997 0.10448999999999997
10 0.105545 0.391115 0.010610000000000008 0.10448999999999997
10 0.163325 0.391115 0.010610000000000008 0.10448999999999997
10 0.230545 0.390625 0.010610000000000008 0.10546999999999995
10 0.287145 0.391115 0.010610000000000008 0.10448999999999997
10 0.356725 0.39209 0.010610000000000008 0.10450000000000004
10 0.415095 0.39209 0.011789999999999967 0.10450000000000004
10 0.4829 0.394045 0.010619999999999963 0.10449000000000003
10 0.538915 0.393555 0.011789999999999967 0.10547000000000001
10 0.6079 0.395995 0.010620000000000074 0.10449000000000003
10 0.6633249999999999 0.39697499999999997 0.010609999999999897 0.10449000000000003
10 0.730545 0.39697499999999997 0.010610000000000008 0.10449000000000003
10 0.785965 0.39697499999999997 0.010610000000000008 0.10449000000000003
10 0.852005 0.39893 0.010610000000000008 0.10253999999999996
10 0.90566 0.40039 0.011800000000000033 0.10156000000000004
10 0.9711099999999999 0.40039 0.010619999999999963 0.10156000000000004
10 0.134435 0.22655999999999998 0.02359 0.005860000000000004
10 0.258845 0.226075 0.022410000000000013 0.006830000000000003
10 0.0165095 0.226075 0.023585000000000002 0.006830000000000003
10 0.38266500000000003 0.2251 0.022409999999999985 0.006840000000000013
10 0.508845 0.22705 0.022409999999999985 0.006840000000000013
10 0.633255 0.228515 0.02359 0.007809999999999984
10 0.755305 0.231935 0.02241000000000004 0.00879000000000002
10 0.87795 0.23584 0.022399999999999975 0.00878000000000001
10 0.989975 0.23877 0.017690000000000095 0.0048799999999999955
10 0.0389155 0.44823999999999997 0.014150999999999997 0.009760000000000046
10 0.1061335 0.44823999999999997 0.014152999999999999 0.009760000000000046
10 0.162735 0.44823999999999997 0.014149999999999996 0.009760000000000046
10 0.231135 0.447265 0.014149999999999996 0.009770000000000001
10 0.287735 0.44823999999999997 0.014149999999999996 0.009760000000000046
10 0.35790500000000003 0.44922 0.01533000000000001 0.009759999999999991
10 0.416275 0.44922 0.014149999999999996 0.009759999999999991
10 0.48290500000000003 0.45117 0.01533000000000001 0.009759999999999991
10 0.538915 0.45117 0.014149999999999996 0.009759999999999991
10 0.608495 0.452635 0.014149999999999996 0.008789999999999965
10 0.6627350000000001 0.4541 0.014149999999999996 0.009759999999999991
10 0.731725 0.45508 0.015329999999999955 0.009759999999999991
10 0.7853749999999999 0.4541 0.014149999999999996 0.009759999999999991
10 0.852595 0.45508 0.014149999999999996 0.009759999999999991
10 0.9050750000000001 0.456055 0.015329999999999955 0.009770000000000001
10 0.971105 0.456055 0.015330000000000066 0.009770000000000001
10 0.0377355 0.64697 0.014150999999999997 0.10253999999999996
10 0.112025 0.64795 0.014149999999999996 0.10253999999999996
10 0.160375 0.64795 0.014149999999999996 0.10253999999999996
10 0.235845 0.64795 0.014149999999999996 0.10253999999999996
10 0.285375 0.64795 0.014149999999999996 0.10253999999999996
10 0.36084499999999997 0.64893 0.014150000000000051 0.10254000000000008
10 0.410375 0.64893 0.014149999999999996 0.10254000000000008
10 0.487025 0.65039 0.014149999999999996 0.10352000000000006
10 0.535965 0.6498999999999999 0.012970000000000037 0.10253999999999996
10 0.611435 0.6498999999999999 0.012970000000000037 0.10253999999999996
10 0.659195 0.6498999999999999 0.014149999999999996 0.10253999999999996
10 0.732315 0.649415 0.014149999999999996 0.10350999999999999
10 0.779485 0.6498999999999999 0.014149999999999996 0.10253999999999996
10 0.8549549999999999 0.6498999999999999 0.014149999999999996 0.10253999999999996
10 0.8997649999999999 0.651855 0.014149999999999996 0.10253000000000001
10 0.9728749999999999 0.65039 0.014149999999999996 0.10352000000000006
10 0.38797499999999996 0.8745149999999999 0.018869999999999998 0.13378999999999996
10 0.510615 0.875 0.018870000000000053 0.13281999999999994
10 0.6344350000000001 0.874025 0.018870000000000053 0.13280999999999998
10 0.7535350000000001 0.873535 0.018870000000000053 0.13378999999999996
10 0.8714649999999999 0.871095 0.018870000000000053 0.13280999999999998
10 0.63502 0.947265 0.02947999999999995 0.011709999999999998
10 0.75236 0.9467749999999999 0.028299999999999992 0.012689999999999979
10 0.51179 0.9487300000000001 0.028299999999999936 0.012700000000000045
10 0.38915 0.94873 0.028299999999999992 0.014639999999999986
10 0.0165096 0.05615200000000001 0.0212268 0.020508000000000005
10 0.13561 0.055664000000000005 0.02593999999999999 0.02148400000000001
10 0.26061 0.055176 0.02593999999999999 0.020508000000000005
10 0.383255 0.0546875 0.02595000000000003 0.021485000000000004
10 0.51061 0.055664000000000005 0.02594000000000002 0.02148400000000001
10 0.633845 0.057617 0.02476999999999996 0.021484000000000003
10 0.755895 0.060547000000000004 0.02595000000000003 0.021484000000000003
10 0.8797200000000001 0.06347649999999999 0.025939999999999963 0.02148499999999999
10 0.988795 0.0688475 0.017689999999999984 0.022460999999999995
10 0.972285 0.34131 0.017689999999999984 0.016600000000000004
10 0.9068350000000001 0.34033 0.016509999999999914 0.016600000000000004
10 0.852595 0.339355 0.016510000000000025 0.016610000000000014
10 0.786555 0.33789 0.016510000000000025 0.015620000000000023
10 0.731725 0.33691499999999996 0.017689999999999984 0.015629999999999977
10 0.664505 0.33740499999999995 0.017689999999999984 0.014649999999999996
10 0.607905 0.335935 0.017689999999999984 0.015629999999999977
10 0.539505 0.33447499999999997 0.017689999999999984 0.014649999999999996
10 0.48290500000000003 0.333495 0.01769000000000004 0.014649999999999996
10 0.415095 0.33203 0.016510000000000025 0.015619999999999967
10 0.357315 0.33252 0.016510000000000025 0.014639999999999986
10 0.28773499999999996 0.331545 0.01650999999999997 0.014649999999999996
10 0.23172500000000001 0.331055 0.01769000000000001 0.015629999999999977
10 0.0395045 0.33203 0.017689000000000003 0.015619999999999967
10 0.1043645 0.33252 0.017691 0.014639999999999986
10 0.163325 0.331545 0.017689999999999984 0.014649999999999996
10 0.0371465 0.58691 0.020046999999999995 0.01758000000000004
10 0.112025 0.58691 0.018869999999999998 0.01758000000000004
10 0.159785 0.58789 0.020049999999999985 0.01758000000000004
10 0.23585 0.58789 0.018859999999999988 0.01758000000000004
10 0.286555 0.5873999999999999 0.018869999999999998 0.01660000000000006
10 0.36144 0.58789 0.020040000000000002 0.01758000000000004
10 0.411555 0.589355 0.018869999999999998 0.016610000000000014
10 0.48702500000000004 0.59033 0.018869999999999998 0.016599999999999948
10 0.536555 0.5898399999999999 0.018869999999999942 0.01758000000000004
10 0.612025 0.589355 0.018870000000000053 0.016610000000000014
10 0.659195 0.5898399999999999 0.018869999999999942 0.01758000000000004
10 0.7346699999999999 0.589355 0.018859999999999988 0.016610000000000014
10 0.779485 0.5898399999999999 0.018869999999999942 0.01758000000000004
10 0.856135 0.589355 0.018869999999999942 0.016610000000000014
10 0.8997649999999999 0.5918 0.018870000000000053 0.01757999999999993
10 0.9728749999999999 0.59082 0.018870000000000053 0.01757999999999993
10 0.87205 0.79541 0.027120000000000033 0.01856000000000002
10 0.7547200000000001 0.797365 0.025939999999999963 0.018550000000000066
10 0.63561 0.79834 0.025940000000000074 0.01856000000000002
10 0.5112 0.7988299999999999 0.027119999999999977 0.01758000000000004
10 0.38856 0.799315 0.027119999999999977 0.018550000000000066
10 0.13738 0.79834 0.02711999999999999 0.01856000000000002
10 0.26297000000000004 0.799805 0.02594000000000002 0.017570000000000086
10 0.02004725 0.796385 0.0259435 0.018550000000000066
10 0.01709925 0.872555 0.020047500000000003 0.13378999999999996
10 0.020636599999999998 0.9467749999999999 0.029480799999999998 0.01464999999999994
11 0.44693499999999997 0.895505 0.056609999999999994 0.15625
11 0.5678099999999999 0.894045 0.057780000000000054 0.15722999999999998
11 0.32193499999999997 0.895505 0.056609999999999994 0.15625
11 0.68573 0.894535 0.057780000000000054 0.15625
11 0.804245 0.890625 0.05661000000000005 0.15625
3 0.19929 0.90576 0.061319999999999986 0.17480000000000007
