1 0.4999989 0.50097485 0.9944421999999999 0.9960903
2 0.17639 0.20459 0.10556000000000001 0.16893999999999998
2 0.500695 0.197265 0.10417000000000004 0.14648999999999995
2 0.497915 0.49805 0.10417000000000004 0.15430000000000005
2 0.17639 0.518555 0.10556000000000001 0.20117000000000002
2 0.82361 0.203615 0.10555999999999999 0.16698999999999997
2 0.82639 0.515135 0.10555999999999999 0.19629000000000002
2 0.175 0.792965 0.11666000000000001 0.15039000000000002
2 0.8291649999999999 0.790035 0.11388999999999994 0.15039000000000002
3 0.49722500000000003 0.85449 0.20832999999999996 0.27734000000000003
4 0.500695 0.051758 0.29583000000000004 0.06836
5 0.175 0.87549 0.13888 0.016599999999999948
5 0.8291649999999999 0.87256 0.13889000000000007 0.016599999999999948
6 0.16527850000000002 0.28467 0.22222300000000003 0.12598000000000004
6 0.84375 0.28808500000000004 0.22638000000000003 0.13281000000000004
6 0.84653 0.60547 0.24028000000000005 0.10937999999999992
6 0.1743035 0.6074200000000001 0.240273 0.10937999999999992
4 0.50486 0.643555 0.39305999999999996 0.13867000000000007
8 0.382635 0.418455 0.04861000000000004 0.04199000000000003
8 0.61944 0.41747999999999996 0.050000000000000044 0.04199999999999998
8 0.17638500000000001 0.02246105 0.03611 0.027343899999999997
8 0.82569 0.0253905 0.03749999999999998 0.027343
9 0.5055580000000001 0.080566 0.9750040000000001 0.02441399999999999
9 0.5055580000000001 0.325685 0.9750040000000001 0.024410000000000043
9 0.5013895 0.41992 0.975001 0.023440000000000016
9 0.500694 0.651855 0.970832 0.036129999999999995
10 0.29375 0.534175 0.04305999999999999 0.21288999999999997
10 0.0555555 0.534175 0.044445 0.21288999999999997
10 0.70903 0.529785 0.04305999999999999 0.20800999999999997
10 0.9465300000000001 0.533205 0.04305999999999999 0.21289000000000008
10 0.70972 0.42040999999999995 0.05278000000000005 0.012699999999999989
10 0.94861 0.42040999999999995 0.05277999999999994 0.012699999999999989
10 0.29583000000000004 0.421385 0.052779999999999994 0.012689999999999979
10 0.0569445 0.421385 0.052777000000000004 0.012689999999999979
