2 0.33138 0.578615 0.04036000000000001 0.036129999999999995
2 0.27604 0.5761700000000001 0.039059999999999984 0.029299999999999993
2 0.34309500000000004 0.549805 0.019529999999999992 0.019530000000000047
2 0.320965 0.549805 0.01693 0.019530000000000047
2 0.286455 0.550295 0.018230000000000024 0.018550000000000066
2 0.264975 0.550785 0.01693 0.019530000000000047
2 0.419925 0.5424800000000001 0.055989999999999984 0.07910000000000006
2 0.50586 0.5424800000000001 0.058599999999999985 0.07910000000000006
2 0.591145 0.54199 0.05728999999999995 0.07811999999999997
2 0.61263 0.437985 0.024739999999999984 0.04198999999999997
2 0.58138 0.437985 0.024739999999999984 0.04198999999999997
2 0.55013 0.437985 0.024739999999999984 0.04198999999999997
2 0.61198 0.40332 0.023440000000000016 0.017579999999999985
2 0.58073 0.40332 0.023440000000000016 0.017579999999999985
2 0.54948 0.40332 0.026039999999999952 0.017579999999999985
2 0.62695 0.330075 0.02733999999999992 0.01366999999999996
2 0.5931 0.330075 0.02734000000000003 0.01366999999999996
2 0.33138 0.47363 0.04558000000000001 0.05077999999999999
2 0.276045 0.46875 0.044269999999999976 0.041019999999999945
2 0.34375 0.436035 0.02083999999999997 0.016610000000000014
2 0.319665 0.43603499999999995 0.019529999999999992 0.01855000000000001
2 0.288415 0.43652 0.019529999999999992 0.017579999999999985
2 0.26432500000000003 0.43652 0.02082999999999996 0.017579999999999985
2 0.45898 0.437985 0.024739999999999984 0.04198999999999997
2 0.42904 0.437985 0.02474000000000004 0.04198999999999997
2 0.39779 0.437985 0.02474000000000004 0.04198999999999997
2 0.46029 0.40381 0.02474000000000004 0.01856000000000002
2 0.42904 0.40381 0.02474000000000004 0.01856000000000002
2 0.39779 0.40381 0.02474000000000004 0.01856000000000002
2 0.48307500000000003 0.330565 0.02865000000000001 0.012689999999999979
2 0.44922 0.330565 0.02864 0.012689999999999979
2 0.260415 0.6709 0.020830000000000015 0.021480000000000055
2 0.28581 0.6709 0.022139999999999993 0.021480000000000055
2 0.27409 0.70459 0.045579999999999954 0.041999999999999926
2 0.317055 0.6709 0.02213000000000004 0.021480000000000055
2 0.341795 0.6709 0.022129999999999983 0.021480000000000055
2 0.32942499999999997 0.711425 0.04687000000000002 0.05567
2 0.440755 0.6699200000000001 0.019529999999999992 0.021480000000000055
2 0.464195 0.6699200000000001 0.019529999999999992 0.021480000000000055
2 0.45247499999999996 0.703615 0.04297000000000001 0.04198999999999997
2 0.5208299999999999 0.66943 0.023440000000000016 0.022460000000000035
2 0.546225 0.668945 0.022129999999999983 0.02149000000000001
2 0.53255 0.703615 0.04688000000000003 0.04198999999999997
2 0.603515 0.66943 0.019530000000000047 0.022460000000000035
2 0.6269549999999999 0.66943 0.019529999999999936 0.022460000000000035
2 0.6145849999999999 0.703615 0.041669999999999985 0.04198999999999997
2 0.265625 0.791505 0.015630000000000033 0.024410000000000043
2 0.28841 0.791505 0.01432 0.024410000000000043
2 0.316405 0.791015 0.015630000000000033 0.023430000000000062
2 0.33789 0.79053 0.01432 0.022460000000000035
2 0.27669 0.82568 0.037760000000000016 0.040039999999999965
2 0.32747 0.82568 0.037760000000000016 0.040039999999999965
2 0.439455 0.78955 0.01693 0.024419999999999997
2 0.451175 0.82471 0.04297000000000001 0.040039999999999965
2 0.464195 0.78955 0.019529999999999992 0.024419999999999997
2 0.5319050000000001 0.82422 0.042970000000000064 0.041019999999999945
2 0.520185 0.78857 0.019530000000000047 0.022459999999999924
2 0.54362 0.78857 0.019540000000000002 0.022459999999999924
2 0.6230450000000001 0.8046899999999999 0.019529999999999936 0.03320000000000001
2 0.6692750000000001 0.8046899999999999 0.01823000000000008 0.03320000000000001
2 0.645185 0.791015 0.019530000000000047 0.035150000000000015
3 0.646485 0.918455 0.07160999999999995 0.10448999999999997
2 0.75 0.791015 0.02083999999999997 0.023430000000000062
2 0.778645 0.791015 0.026050000000000018 0.023430000000000062
2 0.808595 0.791015 0.020830000000000015 0.023430000000000062
2 0.75 0.82568 0.02083999999999997 0.040039999999999965
2 0.778645 0.82568 0.026050000000000018 0.040039999999999965
2 0.808595 0.8261700000000001 0.020830000000000015 0.039059999999999984
2 0.7291650000000001 0.671385 0.01823000000000008 0.020510000000000028
2 0.753255 0.671385 0.01693 0.020510000000000028
2 0.784505 0.671385 0.019530000000000047 0.020510000000000028
2 0.809245 0.671385 0.019530000000000047 0.018550000000000066
2 0.797525 0.70459 0.042970000000000064 0.03808
2 0.742835 0.7119150000000001 0.04296999999999995 0.054690000000000016
2 0.740885 0.577635 0.041669999999999985 0.024410000000000043
2 0.796225 0.57666 0.042970000000000064 0.022460000000000035
2 0.7291650000000001 0.552245 0.01823000000000008 0.020510000000000028
2 0.753905 0.552245 0.01823000000000008 0.020510000000000028
2 0.784505 0.552245 0.019530000000000047 0.020510000000000028
2 0.807945 0.552245 0.019530000000000047 0.020510000000000028
2 0.7291650000000001 0.43652 0.020830000000000015 0.017579999999999985
2 0.753255 0.43701 0.019530000000000047 0.01856000000000002
2 0.782555 0.43652 0.020829999999999904 0.017579999999999985
2 0.807945 0.43652 0.019530000000000047 0.017579999999999985
2 0.740235 0.4707 0.04296999999999995 0.04491999999999996
2 0.7942750000000001 0.469725 0.04426999999999992 0.04296999999999995
2 0.76823 0.36133 0.026039999999999952 0.029299999999999993
2 0.735025 0.361815 0.029950000000000032 0.03027000000000002
2 0.802735 0.362305 0.029950000000000032 0.029289999999999983
2 0.801435 0.33447000000000005 0.02994999999999992 0.016600000000000004
2 0.76823 0.333495 0.026039999999999952 0.01855000000000001
2 0.735025 0.33447000000000005 0.029950000000000032 0.016600000000000004
1 0.5364599999999999 0.578125 0.66406 0.78711
2 0.338545 0.361325 0.03125 0.03125
2 0.30664 0.361815 0.027339999999999975 0.03222999999999998
2 0.272135 0.361325 0.03125 0.03125
2 0.272785 0.333495 0.029950000000000032 0.01855000000000001
2 0.338545 0.333495 0.03125 0.01855000000000001
2 0.30599 0.333005 0.026040000000000008 0.019529999999999992
3 0.498695 0.938475 0.03384999999999999 0.06445000000000001
2 0.12304499999999999 0.35303 0.03515 0.057620000000000005
2 0.0703125 0.35303 0.033854999999999996 0.057620000000000005
2 0.128255 0.44189500000000004 0.024729999999999988 0.01855000000000001
2 0.10547000000000001 0.44140999999999997 0.010419999999999999 0.017579999999999985
2 0.08789050000000001 0.44140999999999997 0.011718999999999993 0.017579999999999985
2 0.128255 0.479495 0.022129999999999997 0.048829999999999985
2 0.0963545 0.47412 0.031251 0.04199999999999998
2 0.12956 0.55518 0.02733999999999999 0.016599999999999948
2 0.12956 0.58643 0.024739999999999998 0.040040000000000076
2 0.099609 0.570315 0.027342000000000005 0.04882999999999993
2 0.127605 0.68213 0.02083 0.020499999999999963
2 0.126955 0.711915 0.016930000000000014 0.037109999999999976
2 0.95182 0.46289 0.03645999999999994 0.06053999999999998
2 0.953125 0.580565 0.03645000000000009 0.061530000000000085
2 0.123695 0.249025 0.01823000000000001 0.027349999999999985
2 0.0878905 0.237305 0.014323000000000002 0.02342999999999998
2 0.303385 0.242675 0.023430000000000006 0.01855000000000001
2 0.34245000000000003 0.25 0.013019999999999976 0.017580000000000012
2 0.26302000000000003 0.24951 0.013019999999999976 0.016599999999999976
2 0.43099 0.25049 0.015620000000000023 0.018559999999999993
2 0.455725 0.21972999999999998 0.01822999999999997 0.02343999999999999
2 0.53776 0.23339500000000002 0.05468000000000006 0.037110000000000004
4 0.958985 0.5234399999999999 0.07943 0.039059999999999984
4 0.958985 0.407715 0.08203000000000005 0.04198999999999997
6 0.30013 0.39697499999999997 0.12370000000000003 0.04394999999999999
6 0.288415 0.5 0.14192999999999997 0.07225999999999999
6 0.7610650000000001 0.499515 0.14193 0.07128999999999996
6 0.766275 0.396485 0.12631000000000003 0.04297000000000001
6 0.7610650000000001 0.6254850000000001 0.14193 0.07714999999999994
6 0.29167 0.626465 0.15104 0.07518999999999998
6 0.502605 0.597655 0.26041 0.03907000000000005
6 0.540365 0.7431650000000001 0.64583 0.07226999999999995
6 0.111328 0.510255 0.10286399999999998 0.08691000000000004
6 0.110024 0.6269549999999999 0.09765199999999999 0.07812999999999992
8 0.64388 0.850095 0.12630000000000008 0.08104999999999996
8 0.546225 0.49169999999999997 0.019529999999999936 0.049799999999999955
8 0.634765 0.489745 0.019530000000000047 0.049810000000000076
8 0.460285 0.488285 0.019530000000000047 0.04883000000000004
8 0.37304499999999996 0.49023500000000003 0.019529999999999992 0.04883000000000004
8 0.091145 0.29834 0.044270000000000004 0.020499999999999963
8 0.19336 0.253415 0.024739999999999984 0.03222999999999998
6 0.29297 0.266115 0.0625 0.03027000000000002
6 0.24153999999999998 0.27295 0.03775999999999999 0.03028000000000003
6 0.352215 0.27344 0.04557 0.029299999999999993
6 0.402995 0.26709 0.03254999999999997 0.030279999999999974
6 0.458335 0.273925 0.07291000000000003 0.024409999999999987
6 0.53841 0.27783 0.07422000000000006 0.061519999999999964
6 0.6236999999999999 0.272465 0.08853999999999995 0.025390000000000024
6 0.5039100000000001 0.352535 0.28646000000000005 0.03125
6 0.11914250000000001 0.26953 0.157555 0.023440000000000016
9 0.541015 0.294435 0.64453 0.026370000000000005
9 0.540365 0.40918 0.6484300000000001 0.017579999999999985
9 0.541015 0.63672 0.64713 0.023440000000000016
9 0.53776 0.848635 0.6484399999999999 0.009769999999999945
10 0.5859399999999999 0.927735 0.010419999999999985 0.052729999999999944
10 0.697265 0.927735 0.009109999999999951 0.054690000000000016
10 0.602215 0.927735 0.003909999999999969 0.052729999999999944
10 0.6855450000000001 0.927735 0.003909999999999969 0.052729999999999944
10 0.60091 0.896485 0.011720000000000064 0.007809999999999984
10 0.684245 0.8969750000000001 0.011709999999999998 0.008789999999999965
10 0.6979150000000001 0.895995 0.01562999999999992 0.008790000000000076
10 0.585935 0.896485 0.015630000000000033 0.007809999999999984
11 0.486325 0.86426 0.13151000000000002 0.02734000000000003
11 0.29818 0.87256 0.09896000000000002 0.010739999999999972
11 0.21939999999999998 0.875 0.02214000000000002 0.04688000000000003
11 0.45898 0.9209 0.037760000000000016 0.0625
11 0.53711 0.92041 0.037760000000000016 0.06348000000000009
11 0.49804499999999996 0.89697 0.03255000000000002 0.01660000000000006
11 0.778645 0.925295 0.08072999999999997 0.08887
11 0.29947999999999997 0.924805 0.09895999999999999 0.08984999999999999
