1 0.402995 0.59375 0.75651 0.73438
2 0.23307499999999998 0.7973650000000001 0.12238999999999997 0.05957000000000001
2 0.232425 0.694825 0.09245 0.05761000000000005
2 0.232425 0.5917950000000001 0.09245 0.05859000000000003
2 0.539065 0.69385 0.09115000000000006 0.057620000000000005
2 0.539065 0.5917950000000001 0.09115000000000006 0.05859000000000003
2 0.540365 0.796875 0.12239 0.060550000000000104
2 0.694665 0.7959 0.10546999999999995 0.058600000000000096
2 0.6933549999999999 0.6894549999999999 0.10547000000000006 0.06445000000000001
2 0.69336 0.58594 0.10285999999999995 0.06835999999999998
2 0.694665 0.481445 0.10546999999999995 0.07227000000000006
2 0.695315 0.37939500000000004 0.10677000000000003 0.07519000000000003
2 0.5397150000000001 0.489745 0.08985000000000004 0.05567000000000005
2 0.540365 0.393555 0.09375 0.06640999999999997
2 0.38672 0.796875 0.10416000000000003 0.05858999999999992
2 0.38672 0.690915 0.10416000000000003 0.06542999999999999
2 0.38607 0.58594 0.10286000000000001 0.06835999999999998
2 0.38672 0.482425 0.10416000000000003 0.07031000000000004
2 0.38672 0.37988 0.10416000000000003 0.07422000000000001
2 0.23176999999999998 0.489745 0.09113999999999997 0.05760999999999994
2 0.232425 0.393065 0.09245 0.06542999999999999
2 0.08463499999999999 0.37842 0.09374999999999999 0.06934000000000001
2 0.083985 0.48291000000000006 0.09244999999999999 0.06934000000000001
2 0.082684 0.58545 0.092452 0.06738
2 0.07617 0.27588 0.08984 0.036140000000000005
2 0.38866999999999996 0.275395 0.08983999999999998 0.037109999999999976
2 0.695965 0.275395 0.0898500000000001 0.037109999999999976
2 0.5364599999999999 0.28613500000000003 0.07551999999999998 0.015629999999999977
2 0.23307 0.28613500000000003 0.07552 0.015629999999999977
2 0.85612 0.29296500000000003 0.04818 0.025389999999999968
2 0.878905 0.385255 0.028649999999999953 0.05370999999999998
2 0.83789 0.386235 0.02734000000000003 0.053710000000000035
2 0.878255 0.487305 0.02994999999999992 0.05469000000000007
2 0.8365849999999999 0.48779500000000003 0.029950000000000032 0.053710000000000035
2 0.877605 0.58887 0.03125 0.056640000000000024
2 0.835935 0.58887 0.03125 0.056640000000000024
2 0.835935 0.692385 0.03125 0.06054999999999999
2 0.877605 0.69336 0.03125 0.06054000000000004
2 0.846355 0.793945 0.04686999999999997 0.07227000000000006
3 0.38216 0.920895 0.058599999999999985 0.06445000000000001
5 0.23176999999999998 0.5224599999999999 0.10416 0.011720000000000064
5 0.540365 0.5214799999999999 0.10417000000000004 0.011720000000000064
5 0.539065 0.62305 0.10416999999999993 0.011719999999999953
5 0.23372500000000002 0.62451 0.10546999999999998 0.012699999999999934
5 0.232425 0.7275400000000001 0.10547000000000004 0.011720000000000064
5 0.540365 0.726075 0.10417000000000004 0.012689999999999979
5 0.85872 0.535155 0.10026000000000002 0.04687000000000008
5 0.85677 0.6386700000000001 0.09636 0.04491999999999996
8 0.28125 0.325685 0.023440000000000016 0.03027000000000002
8 0.33072999999999997 0.324705 0.02343999999999996 0.030269999999999964
8 0.22982 0.325195 0.022139999999999993 0.03125
8 0.18164 0.324215 0.022139999999999993 0.03125
8 0.13151 0.324215 0.023440000000000003 0.03125
8 0.76172 0.322755 0.023440000000000016 0.03027000000000002
8 0.6458299999999999 0.324705 0.023440000000000016 0.030269999999999964
8 0.597005 0.324215 0.022129999999999983 0.03125
8 0.546875 0.324705 0.023430000000000062 0.030269999999999964
8 0.44531 0.325195 0.023440000000000016 0.03125
8 0.49479 0.325195 0.023440000000000016 0.03125
8 0.47004999999999997 0.31640999999999997 0.015620000000000023 0.011720000000000008
8 0.521485 0.31592 0.01693 0.012699999999999989
8 0.571615 0.31640999999999997 0.015630000000000033 0.011720000000000008
8 0.621095 0.31592 0.01562999999999992 0.012699999999999989
8 0.30599 0.31640999999999997 0.015620000000000023 0.011720000000000008
8 0.25586 0.31689500000000004 0.01691999999999999 0.012690000000000035
8 0.205075 0.31592 0.01693 0.012699999999999989
8 0.15494999999999998 0.31689500000000004 0.015619999999999995 0.012690000000000035
8 0.0696615 0.31689500000000004 0.019531 0.014649999999999996
8 0.707685 0.31396500000000005 0.019530000000000047 0.014649999999999996
8 0.38932500000000003 0.31689500000000004 0.02082999999999996 0.014649999999999996
9 0.399741 0.31494 0.747398 0.049799999999999955
9 0.402996 0.421875 0.740888 0.017569999999999975
9 0.406899 0.74707 0.740882 0.01757999999999993
11 0.23177000000000003 0.851075 0.13542 0.04198999999999997
11 0.234375 0.91016 0.13280999999999998 0.07421999999999995
11 0.14388 0.8505849999999999 0.03516 0.042970000000000064
11 0.147785 0.91016 0.035150000000000015 0.07421999999999995
11 0.38737 0.84131 0.13412000000000002 0.01855999999999991
11 0.50781 0.850585 0.09895999999999994 0.04686999999999997
11 0.666015 0.8505849999999999 0.21745000000000003 0.044930000000000025
11 0.5117200000000001 0.90918 0.07812000000000002 0.06835999999999998
11 0.58724 0.9106449999999999 0.03645999999999994 0.07128999999999996
11 0.6992149999999999 0.9082 0.13280999999999998 0.06835999999999998
11 0.8105450000000001 0.90967 0.029950000000000032 0.05566000000000004
11 0.840495 0.86035 0.03255000000000008 0.04491999999999996
11 0.8112 0.859375 0.015619999999999967 0.037109999999999976
