2 0.151535 0.33594 0.06881 0.07812000000000002
2 0.31918 0.33545 0.07028000000000001 0.0791
2 0.150805 0.5083 0.08199 0.08299999999999996
2 0.31845 0.507325 0.08345999999999998 0.08301000000000003
2 0.150805 0.688475 0.07027 0.09961000000000009
2 0.31918 0.6875 0.07028000000000001 0.09959999999999991
4 0.150072 0.59961 0.162516 0.06835999999999998
2 0.9238649999999999 0.330565 0.07026999999999994 0.07715
2 0.927525 0.5043949999999999 0.08052999999999999 0.08104999999999996
2 0.93265 0.685545 0.07906000000000002 0.10350999999999999
4 0.9245950000000001 0.5957049999999999 0.14495000000000002 0.07226999999999995
4 0.32211 0.600095 0.16106 0.07128999999999996
2 0.5373399999999999 0.205565 0.049780000000000046 0.026370000000000005
2 0.625915 0.205075 0.07467000000000001 0.025389999999999996
2 0.715955 0.20459 0.052710000000000035 0.024419999999999997
2 0.53807 0.31884999999999997 0.04832000000000003 0.06348000000000004
2 0.6266499999999999 0.308105 0.07028000000000001 0.045889999999999986
2 0.7159599999999999 0.30761499999999997 0.049780000000000046 0.04297000000000001
4 0.633235 0.26953499999999997 0.14786999999999995 0.05468999999999999
2 0.65886 0.47461000000000003 0.0849200000000001 0.08984000000000003
2 0.654465 0.66797 0.07906999999999997 0.10741999999999996
2 0.52782 0.48877 0.05124000000000006 0.10058
2 0.53221 0.6709 0.045379999999999976 0.10741999999999996
2 0.755495 0.67334 0.017569999999999975 0.10449999999999993
2 0.7562249999999999 0.48584 0.016109999999999958 0.09472000000000003
3 0.6325000000000001 0.9150400000000001 0.14933999999999992 0.1582
1 0.5205 0.504396 0.95608 0.987308
4 0.64056 0.10888600000000001 0.53148 0.139648
4 0.150805 0.215335 0.08199 0.014649999999999996
4 0.31845 0.215335 0.08345999999999998 0.014649999999999996
4 0.923865 0.20995999999999998 0.08199000000000001 0.017580000000000012
5 0.150804 0.5512699999999999 0.11127200000000001 0.012700000000000045
5 0.323575 0.5522450000000001 0.11126999999999998 0.012689999999999979
5 0.928255 0.550295 0.11127000000000009 0.012689999999999979
5 0.6559299999999999 0.520995 0.10833999999999999 0.010750000000000037
5 0.75915 0.55127 0.03367999999999993 0.057620000000000005
5 0.526355 0.55078 0.07174999999999998 0.06053999999999993
5 0.150805 0.75244 0.07907000000000002 0.0283199999999999
5 0.32211 0.7504900000000001 0.07906000000000002 0.028320000000000012
5 0.657395 0.7363299999999999 0.0878500000000001 0.03320000000000001
5 0.9355800000000001 0.75098 0.08492 0.03320000000000001
5 0.760615 0.737305 0.03366999999999998 0.027349999999999985
5 0.54978 0.737305 0.03073999999999999 0.027349999999999985
6 0.151535 0.38672 0.08931 0.02734000000000003
6 0.319915 0.38672 0.08931 0.02734000000000003
6 0.926065 0.382325 0.08931 0.02636999999999995
6 0.633235 0.356935 0.29136999999999996 0.061529999999999974
8 0.447295 0.498535 0.06003000000000003 0.06542999999999999
8 0.8125899999999999 0.498535 0.0615 0.06542999999999999
8 0.65666 0.555175 0.11565999999999999 0.04784999999999995
8 0.44729 0.203125 0.054180000000000006 0.03125
8 0.81186 0.200195 0.054180000000000006 0.03125
8 0.44656 0.328125 0.03805999999999998 0.06445000000000001
8 0.810395 0.325195 0.03661000000000003 0.06445000000000001
8 0.633235 0.80664 0.16250999999999993 0.05468000000000006
8 0.767935 0.85303 0.02781 0.07910000000000006
8 0.508785 0.85596 0.030749999999999944 0.07910000000000006
8 0.11567 0.25537 0.01464 0.022460000000000008
8 0.150805 0.25537 0.014649999999999996 0.022460000000000008
8 0.18448 0.25537 0.014639999999999986 0.022460000000000008
8 0.35431999999999997 0.25537 0.014640000000000042 0.022460000000000008
8 0.31918 0.25537 0.014639999999999986 0.022460000000000008
8 0.285505 0.25537 0.014649999999999996 0.022460000000000008
8 0.96193 0.25049 0.014639999999999986 0.022460000000000008
8 0.92679 0.25 0.014639999999999986 0.023440000000000016
8 0.89312 0.25098 0.014639999999999986 0.02343999999999999
9 0.5248905 0.23535499999999998 0.935579 0.04883000000000001
9 0.5204995 0.413575 0.935581 0.049809999999999965
9 0.5080520000000001 0.7666 0.9282560000000001 0.09765999999999997
11 0.153002 0.8994150000000001 0.13323600000000002 0.17383000000000004
11 0.32357 0.8994150000000001 0.1347 0.17383000000000004
11 0.926795 0.90381 0.13177000000000005 0.18652000000000002
11 0.43631 0.94287 0.04099999999999998 0.020499999999999963
11 0.43704 0.89795 0.06296000000000002 0.016599999999999948
11 0.76574 0.905275 0.02635999999999994 0.009769999999999945
11 0.76647 0.916995 0.036599999999999966 0.013670000000000071
11 0.76281 0.932615 0.029279999999999973 0.015630000000000033
