4 0.755205 0.31933500000000004 0.11979000000000006 0.05468999999999996
4 0.5709650000000001 0.32129 0.14713000000000004 0.058599999999999985
4 0.571615 0.441405 0.17186999999999997 0.04686999999999997
4 0.335935 0.31738500000000003 0.14062999999999998 0.058589999999999975
4 0.335935 0.438475 0.16926999999999998 0.04686999999999997
1 0.59896 0.5376000000000001 0.78646 0.8877
4 0.9264300000000001 0.31787 0.12629999999999997 0.057620000000000005
4 0.921875 0.43994 0.13541000000000003 0.045899999999999996
5 0.33594 0.382325 0.12240000000000001 0.014649999999999996
5 0.57031 0.38623 0.12240000000000006 0.014639999999999986
5 0.934245 0.38622999999999996 0.11067000000000005 0.012699999999999989
5 0.75456 0.38672 0.10026000000000002 0.015619999999999967
5 0.333985 0.680175 0.13150999999999996 0.018549999999999955
6 0.253255 0.24756 0.05599000000000001 0.032220000000000026
8 0.840495 0.188965 0.08984999999999999 0.07519
8 0.728515 0.25488 0.5169299999999999 0.017580000000000012
8 0.33268 0.566405 0.10025999999999996 0.029289999999999927
8 0.5677099999999999 0.5917950000000001 0.10155999999999998 0.019529999999999936
8 0.5709650000000001 0.7231449999999999 0.14713000000000004 0.07324999999999993
8 0.7552099999999999 0.71826 0.14062000000000008 0.06738
8 0.18945 0.58838 0.027340000000000003 0.022459999999999924
8 0.16536499999999998 0.510745 0.013030000000000014 0.03125
8 0.166015 0.43701 0.019529999999999992 0.04393999999999998
9 0.602865 0.529785 0.77083 0.02246999999999999
9 0.600915 0.854005 0.77995 0.020510000000000028
9 0.59831 0.48096 0.77214 0.022460000000000035
9 0.597005 0.33643 0.77213 0.022460000000000035
9 0.59831 0.259765 0.7773399999999999 0.046869999999999995
9 0.600915 0.1284165 0.77995 0.065427
10 0.664715 0.7119150000000001 0.042970000000000064 0.11719000000000002
10 0.852865 0.7109350000000001 0.041669999999999985 0.11719000000000002
10 0.484375 0.7119150000000001 0.028649999999999953 0.11719000000000002
10 0.853515 0.8105450000000001 0.048170000000000046 0.08202999999999994
10 0.66667 0.81006 0.04947999999999997 0.07909999999999995
10 0.48828000000000005 0.80957 0.03645999999999999 0.07811999999999997
10 0.48763 0.63818 0.037760000000000016 0.028320000000000012
10 0.66406 0.638185 0.059900000000000064 0.03027000000000002
10 0.85156 0.637205 0.059900000000000064 0.03027000000000002
10 0.459635 0.1958 0.013029999999999986 0.0791
10 0.41146 0.19678 0.013020000000000032 0.0791
10 0.41211 0.249025 0.01691999999999999 0.025389999999999996
10 0.459635 0.249025 0.015629999999999977 0.025389999999999996
10 0.46094 0.14795 0.023440000000000016 0.016600000000000004
11 0.264975 0.93213 0.04037000000000002 0.049800000000000066
11 0.40039 0.93066 0.04036000000000001 0.050779999999999936
4 0.75651 0.431155 0.14844000000000002 0.06542999999999999
2 0.540365 0.205565 0.04427000000000003 0.06933
2 0.5996049999999999 0.20459 0.042970000000000064 0.06934000000000001
2 0.910155 0.20459 0.04426999999999992 0.06934000000000001
2 0.965495 0.20459 0.04296999999999995 0.06934000000000001
2 0.307945 0.34326 0.04297000000000001 0.06934000000000001
2 0.364585 0.34326 0.04427000000000003 0.06738
2 0.535155 0.34961 0.04426999999999992 0.06639999999999996
2 0.595055 0.34961 0.04427000000000003 0.06639999999999996
2 0.36263 0.48926000000000003 0.04296 0.06836000000000003
2 0.304685 0.48926000000000003 0.044269999999999976 0.06836000000000003
2 0.539065 0.49316000000000004 0.04427000000000003 0.06836000000000003
2 0.598305 0.49365000000000003 0.04296999999999995 0.06934000000000001
2 0.347005 0.201175 0.05079 0.07031000000000001
2 0.907555 0.34863500000000003 0.041670000000000096 0.06444999999999995
2 0.913415 0.49121000000000004 0.04296999999999995 0.06640000000000007
2 0.304035 0.63965 0.04296999999999995 0.0722600000000001
2 0.36263 0.640135 0.04296 0.07129000000000008
2 0.36328499999999997 0.791015 0.044269999999999976 0.07227000000000006
2 0.302735 0.791015 0.04297000000000001 0.07227000000000006
2 0.538415 0.79297 0.04296999999999995 0.07225999999999999
2 0.598305 0.79297 0.04296999999999995 0.07225999999999999
2 0.598305 0.6416 0.04296999999999995 0.0722600000000001
2 0.539065 0.64209 0.04427000000000003 0.07128000000000001
2 0.7519549999999999 0.203615 0.07161000000000006 0.06933
2 0.7513 0.34765999999999997 0.07811999999999997 0.06836000000000003
2 0.7552099999999999 0.49316000000000004 0.07551999999999992 0.06836000000000003
2 0.753905 0.6416 0.07290999999999992 0.0722600000000001
2 0.75586 0.79297 0.07162000000000002 0.07225999999999999
2 0.191405 0.53613 0.020829999999999987 0.06835999999999998
2 0.570965 0.92041 0.07683000000000006 0.07910000000000006
2 0.759765 0.921385 0.05339000000000005 0.08105000000000007
3 0.33203 0.9262699999999999 0.07811999999999997 0.10058
