2 0.222005 0.390625 0.03777 0.07030999999999998
2 0.16276000000000002 0.402835 0.02343999999999999 0.07715000000000005
2 0.276045 0.40185499999999996 0.018230000000000024 0.07324999999999998
2 0.16341 0.537595 0.022139999999999993 0.07128999999999996
2 0.27539 0.53662 0.01691999999999999 0.06933999999999996
2 0.22135 0.529785 0.03645999999999999 0.06933
2 0.38151 0.41797 0.052080000000000015 0.06445999999999996
2 0.38216 0.55078 0.05337999999999998 0.06446000000000007
2 0.57357 0.3916 0.037760000000000016 0.06835999999999998
2 0.57357 0.53125 0.037760000000000016 0.06835999999999998
2 0.50651 0.5376 0.02864 0.06933999999999996
2 0.50586 0.40332 0.029940000000000022 0.07812000000000002
2 0.715495 0.42578499999999997 0.02994999999999992 0.07617000000000002
2 0.73763 0.54199 0.03255999999999992 0.041019999999999945
2 0.6946650000000001 0.543945 0.03254999999999997 0.044929999999999914
2 0.697915 0.6806650000000001 0.03125 0.06445000000000001
2 0.742185 0.681155 0.03125 0.06542999999999999
2 0.7207049999999999 0.8129850000000001 0.06640999999999997 0.06542999999999999
2 0.5175749999999999 0.81543 0.01693 0.06445999999999996
2 0.5481750000000001 0.813965 0.028649999999999953 0.06738999999999995
2 0.578125 0.8144549999999999 0.01822999999999997 0.06445000000000001
2 0.36198 0.807615 0.02864 0.052730000000000055
2 0.404945 0.8081050000000001 0.028649999999999953 0.051750000000000074
2 0.18489499999999998 0.816405 0.018229999999999996 0.06445000000000001
2 0.246745 0.8168949999999999 0.01953000000000002 0.06347000000000003
2 0.215495 0.81543 0.029950000000000004 0.06640000000000001
2 0.382815 0.69238 0.054690000000000016 0.0859399999999999
2 0.22266 0.67041 0.03645999999999999 0.06934000000000007
2 0.16276000000000002 0.675295 0.02343999999999999 0.07128999999999996
2 0.27539 0.6748050000000001 0.01691999999999999 0.07030999999999998
2 0.507815 0.674315 0.028650000000000064 0.07129000000000008
2 0.57292 0.6689449999999999 0.03645999999999994 0.06835000000000002
1 0.4147131 0.5390635 0.8216138000000001 0.900393
2 0.5722700000000001 0.251465 0.037759999999999905 0.06933
2 0.50586 0.270995 0.03256000000000003 0.06932999999999997
2 0.727865 0.279295 0.020830000000000015 0.06445000000000001
2 0.695965 0.285155 0.022130000000000094 0.06445000000000001
2 0.6855450000000001 0.424805 0.019529999999999936 0.06445000000000001
2 0.7454449999999999 0.424805 0.01693 0.06445000000000001
2 0.38281 0.268065 0.052080000000000015 0.020510000000000028
2 0.2207 0.25 0.03775999999999999 0.07032000000000002
2 0.274085 0.26611 0.01693 0.07324
2 0.042318 0.427245 0.029948000000000002 0.07324999999999998
2 0.0703125 0.424315 0.018228999999999995 0.06347000000000003
2 0.915365 0.313965 0.06770999999999994 0.06347000000000003
3 0.379555 0.93506 0.06641000000000002 0.09864000000000006
3 0.21549000000000001 0.941895 0.10026000000000002 0.08301000000000003
3 0.7207 0.9433549999999999 0.06380000000000008 0.08788999999999991
2 0.5520849999999999 0.92773 0.07030999999999998 0.0625
4 0.7207049999999999 0.36816000000000004 0.14452999999999994 0.07422000000000001
4 0.06054625 0.36523 0.1054675 0.07421999999999995
4 0.73242 0.22754000000000002 0.037760000000000016 0.017580000000000012
4 0.91862 0.27197499999999997 0.08464000000000005 0.01855000000000001
4 0.911455 0.39697 0.09375 0.028320000000000012
5 0.38346 0.453615 0.06380000000000002 0.014649999999999996
5 0.38216 0.583985 0.06379999999999997 0.015630000000000033
5 0.720055 0.8481449999999999 0.08072999999999997 0.010749999999999926
5 0.54818 0.84961 0.0859399999999999 0.011719999999999953
5 0.215495 0.85205 0.08723 0.010739999999999972
5 0.22135500000000002 0.708495 0.044270000000000004 0.010750000000000037
5 0.160155 0.71338 0.02865000000000001 0.016599999999999948
5 0.22266000000000002 0.42627 0.049479999999999996 0.014639999999999986
5 0.277995 0.438965 0.022129999999999983 0.020510000000000028
5 0.16406500000000002 0.438965 0.02864999999999998 0.020510000000000028
5 0.916015 0.34717 0.08203000000000005 0.010740000000000027
5 0.621745 0.302245 0.01693 0.024409999999999987
5 0.5735650000000001 0.28515999999999997 0.04557 0.011720000000000008
5 0.57487 0.426755 0.04296 0.01366999999999996
5 0.50586 0.43945500000000004 0.03775999999999996 0.019529999999999992
5 0.622395 0.438475 0.01822999999999997 0.019530000000000047
5 0.222655 0.28418 0.046869999999999995 0.013680000000000025
5 0.16341499999999998 0.300295 0.029950000000000004 0.026370000000000005
5 0.5735699999999999 0.70801 0.04818 0.011719999999999953
5 0.621745 0.71045 0.01693 0.016599999999999948
5 0.279295 0.57471 0.027349999999999985 0.01660000000000006
5 0.22266000000000002 0.56787 0.049479999999999996 0.012699999999999934
5 0.16406500000000002 0.57471 0.03385000000000002 0.01660000000000006
5 0.574215 0.5668949999999999 0.04427000000000003 0.01464999999999994
5 0.620445 0.575685 0.019530000000000047 0.014650000000000052
5 0.50781 0.57568 0.03906000000000004 0.01660000000000006
6 0.04817715 0.46435499999999996 0.0859377 0.06153000000000003
6 0.401695 0.71875 0.27995 0.041020000000000056
6 0.40038999999999997 0.296875 0.27993999999999997 0.04296999999999995
6 0.7330749999999999 0.46533 0.13021000000000005 0.061519999999999964
6 0.73828 0.58789 0.14584000000000008 0.06640000000000001
8 0.79557 0.231445 0.059900000000000064 0.13476999999999997
8 0.38281 0.850095 0.07551999999999998 0.026370000000000005
8 0.44206 0.81006 0.037760000000000016 0.06152000000000002
8 0.32487 0.81006 0.037760000000000016 0.06152000000000002
8 0.384115 0.765135 0.07552999999999999 0.03027000000000002
8 0.54883 0.765625 0.08723999999999998 0.03125
8 0.217445 0.76807 0.09375 0.028320000000000012
9 0.4140602 0.746095 0.8150995999999999 0.019529999999999936
10 0.450525 0.230955 0.01822999999999997 0.10059000000000001
10 0.347655 0.22900500000000001 0.01822999999999997 0.10058999999999998
11 0.5520799999999999 0.8886700000000001 0.07291999999999998 0.015620000000000078
