1 0.56006 0.524721 0.5908199999999999 0.950558
2 0.30566499999999996 0.242425 0.03321000000000002 0.10527
2 0.078613 0.27751 0.03808600000000001 0.10525999999999999
2 0.0786135 0.48963500000000004 0.040039 0.11483000000000004
2 0.080078 0.7049449999999999 0.03711 0.11164999999999992
2 0.17334 0.27751 0.03417999999999999 0.10525999999999999
2 0.21875 0.279905 0.03126000000000001 0.10685000000000003
2 0.174805 0.48963500000000004 0.03125 0.11483000000000004
2 0.17285 0.7049449999999999 0.03516 0.11164999999999992
2 0.216795 0.49043000000000003 0.03125 0.11642000000000002
2 0.217775 0.70335 0.035150000000000015 0.11163999999999996
2 0.356445 0.24083 0.03321000000000002 0.10525999999999999
2 0.43945 0.24083 0.03320000000000001 0.10525999999999999
2 0.52539 0.24083 0.03320000000000001 0.10525999999999999
2 0.5791 0.24003 0.03320000000000001 0.10686000000000001
2 0.6674800000000001 0.242425 0.032220000000000026 0.10527
2 0.759765 0.242425 0.03320999999999996 0.10527
2 0.813965 0.24083 0.03223000000000009 0.10525999999999999
2 0.30469 0.45055999999999996 0.03320000000000001 0.11962
2 0.302735 0.673045 0.03711000000000003 0.12121000000000004
2 0.44043 0.898725 0.03320000000000001 0.11643000000000003
2 0.358885 0.44895999999999997 0.03222999999999998 0.11961999999999995
2 0.437985 0.45215 0.036129999999999995 0.11961999999999995
2 0.52539 0.45215 0.03320000000000001 0.11961999999999995
2 0.578125 0.45215 0.03320999999999996 0.11961999999999995
2 0.668945 0.45055999999999996 0.03320999999999996 0.11962
2 0.76074 0.45215 0.03320000000000001 0.11961999999999995
2 0.8144499999999999 0.45215 0.03320000000000001 0.11961999999999995
2 0.359375 0.673845 0.03320999999999996 0.11961
2 0.437985 0.6778299999999999 0.036129999999999995 0.12122
2 0.5283199999999999 0.6786300000000001 0.03320000000000001 0.11961999999999995
2 0.578125 0.67544 0.03320999999999996 0.11961999999999995
2 0.7578100000000001 0.673845 0.03320000000000001 0.11961
2 0.665525 0.676235 0.036129999999999995 0.12121000000000004
2 0.81152 0.67703 0.03320000000000001 0.11962000000000006
2 0.67041 0.898725 0.03417999999999999 0.11643000000000003
2 0.53125 0.89713 0.029300000000000104 0.11962000000000006
2 0.581055 0.89713 0.029290000000000038 0.11962000000000006
2 0.8125 0.89713 0.029300000000000104 0.11962000000000006
2 0.921875 0.25677500000000003 0.044929999999999914 0.11483000000000002
2 0.92041 0.482455 0.04393999999999998 0.11323000000000005
2 0.92041 0.699365 0.04589999999999994 0.11643000000000003
2 0.919435 0.9210499999999999 0.04980999999999991 0.126
3 0.76172 0.9194599999999999 0.029299999999999993 0.16108
3 0.32567999999999997 0.91707 0.0791 0.1563
3 0.20166 0.93142 0.07713999999999999 0.13715999999999995
2 0.080078 0.929825 0.03711 0.13396999999999992
4 0.2251 0.18181999999999998 0.04980000000000001 0.025520000000000015
4 0.16405999999999998 0.18022 0.056639999999999996 0.025520000000000015
4 0.077636 0.181815 0.06542800000000001 0.028710000000000013
4 0.074706 0.388355 0.059568 0.03349000000000002
4 0.19385000000000002 0.38995 0.10253999999999999 0.03667999999999999
4 0.32373 0.354065 0.12402000000000002 0.028710000000000013
4 0.43457 0.35407 0.07225999999999999 0.025519999999999987
4 0.54785 0.355665 0.12499999999999994 0.028710000000000013
4 0.664555 0.354865 0.07129000000000008 0.027110000000000023
4 0.782715 0.35726 0.11817 0.025520000000000043
4 0.918945 0.39632999999999996 0.07813000000000003 0.03667999999999999
4 0.919925 0.6212150000000001 0.08203000000000005 0.03986999999999996
4 0.918455 0.18181999999999998 0.06933 0.025520000000000015
5 0.32666 0.515155 0.11426000000000003 0.01595000000000002
5 0.436035 0.514355 0.05957000000000001 0.017549999999999955
5 0.55225 0.5159499999999999 0.11426000000000003 0.01754
5 0.667485 0.51675 0.0595699999999999 0.019140000000000046
5 0.78711 0.5159499999999999 0.11524000000000001 0.01754
5 0.9199200000000001 0.32376 0.07422000000000006 0.025519999999999987
5 0.918945 0.568585 0.08007000000000009 0.06539000000000006
5 0.918945 0.7807 0.08203000000000005 0.04944000000000004
9 0.56006 0.1164255 0.5869199999999999 0.11482899999999999
9 0.5625 0.29984 0.5800799999999999 0.019140000000000046
9 0.560545 0.569375 0.58985 0.04147000000000001
9 0.560055 0.77273 0.58887 0.08133999999999997
11 0.402345 0.80542 0.03125 0.03827999999999998
11 0.38037 0.885965 0.02245999999999998 0.09409000000000001
