2 0.27018 0.45508 0.04036000000000001 0.05274000000000001
2 0.27083 0.55664 0.039059999999999984 0.05274000000000001
4 0.27148 0.5175799999999999 0.08723999999999998 0.021480000000000055
4 0.42578 0.5151399999999999 0.09114 0.03417999999999999
2 0.422525 0.45947 0.04037000000000002 0.05176000000000003
2 0.42318 0.55957 0.039059999999999984 0.05078000000000005
2 0.5384150000000001 0.46045 0.03254999999999997 0.05175999999999997
2 0.589845 0.46045 0.03385000000000005 0.05175999999999997
4 0.57031 0.5224599999999999 0.11197999999999997 0.021480000000000055
2 0.56641 0.561035 0.0625 0.051750000000000074
2 0.73307 0.561035 0.0625 0.051750000000000074
4 0.73763 0.52295 0.11328000000000005 0.022460000000000035
2 0.70573 0.46045 0.03386 0.05175999999999997
2 0.75586 0.46045 0.03515999999999997 0.05175999999999997
2 0.7050799999999999 0.664555 0.03515999999999997 0.05957000000000001
2 0.76888 0.664555 0.03516000000000008 0.05957000000000001
2 0.70833 0.77002 0.03645999999999994 0.057620000000000005
2 0.77279 0.77002 0.037760000000000016 0.057620000000000005
2 0.53841 0.6640649999999999 0.03515999999999997 0.05859000000000003
2 0.602215 0.6640649999999999 0.035149999999999904 0.05859000000000003
2 0.54167 0.76953 0.03645999999999994 0.058599999999999985
2 0.60417 0.77002 0.03645999999999994 0.057620000000000005
2 0.427735 0.663575 0.04036999999999996 0.05761000000000005
2 0.428385 0.76953 0.041669999999999985 0.05663999999999991
2 0.27539 0.6582049999999999 0.04036000000000001 0.05859000000000003
2 0.25456 0.7666 0.037760000000000016 0.058600000000000096
2 0.30208 0.76709 0.03645999999999999 0.057620000000000005
2 0.277345 0.875975 0.041669999999999985 0.052730000000000055
2 0.43164 0.876465 0.04036000000000001 0.051750000000000074
2 0.54362 0.876465 0.03255999999999992 0.051750000000000074
2 0.6074200000000001 0.876465 0.03515999999999997 0.051750000000000074
2 0.7089799999999999 0.876465 0.037759999999999905 0.051750000000000074
2 0.77474 0.876465 0.03386 0.051750000000000074
1 0.55013 0.65527 0.7539 0.68164
2 0.871745 0.45996 0.04037000000000002 0.05274000000000001
2 0.8763000000000001 0.55957 0.039059999999999984 0.05274000000000001
4 0.875 0.51465 0.09376000000000007 0.03320000000000001
5 0.56836 0.5966800000000001 0.10026000000000002 0.025399999999999978
5 0.73893 0.595705 0.10026000000000002 0.025390000000000024
5 0.42578499999999997 0.5966800000000001 0.08073000000000002 0.025399999999999978
5 0.27474 0.59326 0.07812000000000002 0.022459999999999924
5 0.8789100000000001 0.597165 0.08594000000000002 0.026369999999999894
5 0.540365 0.706545 0.041669999999999985 0.024410000000000043
5 0.602865 0.706055 0.041669999999999985 0.023430000000000062
5 0.70703 0.706055 0.04165999999999992 0.023430000000000062
5 0.76953 0.706545 0.04165999999999992 0.024410000000000043
5 0.428385 0.70459 0.041669999999999985 0.024419999999999997
8 0.26627999999999996 0.33740000000000003 0.05077999999999999 0.018559999999999965
8 0.26758000000000004 0.364745 0.07422000000000001 0.00879000000000002
8 0.26953 0.41796500000000003 0.023440000000000016 0.013670000000000015
8 0.421225 0.423825 0.022129999999999983 0.01366999999999996
8 0.5638000000000001 0.424315 0.023440000000000016 0.012689999999999979
8 0.7291700000000001 0.424315 0.023440000000000016 0.012689999999999979
8 0.871745 0.423825 0.022129999999999983 0.01366999999999996
8 0.19661499999999998 0.637695 0.044270000000000004 0.023430000000000062
8 0.241535 0.6362300000000001 0.01693 0.01856000000000002
8 0.310545 0.6362300000000001 0.01693 0.01856000000000002
8 0.354815 0.637695 0.04557 0.023430000000000062
8 0.391275 0.640625 0.027349999999999985 0.023430000000000062
8 0.48307500000000003 0.6401399999999999 0.06770999999999999 0.022460000000000035
8 0.5703149999999999 0.6411100000000001 0.020830000000000015 0.022460000000000035
8 0.6543 0.6416 0.06119999999999992 0.021480000000000055
8 0.73698 0.6411100000000001 0.023440000000000016 0.022460000000000035
8 0.8235699999999999 0.6411100000000001 0.06379999999999997 0.022460000000000035
8 0.43294 0.836915 0.01432 0.02149000000000001
8 0.57682 0.836425 0.013020000000000032 0.020510000000000028
8 0.74609 0.837405 0.013020000000000032 0.020509999999999917
8 0.279945 0.8081050000000001 0.10677 0.010749999999999926
8 0.27864500000000003 0.8373999999999999 0.015629999999999977 0.01856000000000002
8 0.22526000000000002 0.8369150000000001 0.013020000000000004 0.019529999999999936
8 0.33203 0.83789 0.013020000000000032 0.019540000000000002
8 0.279295 0.737305 0.022129999999999983 0.009770000000000056
9 0.553385 0.40576500000000004 0.74739 0.07129000000000002
9 0.55208 0.486815 0.75 0.018549999999999955
9 0.54883 0.52539 0.7487 0.01758000000000004
9 0.5520849999999999 0.61914 0.74479 0.08008000000000004
9 0.550785 0.708985 0.7447900000000001 0.04686999999999997
9 0.552735 0.808105 0.74349 0.026370000000000005
10 0.5638 0.46338 0.013020000000000032 0.045899999999999996
10 0.73112 0.46387 0.01432 0.04491999999999996
10 0.5644549999999999 0.43701 0.01693 0.006840000000000013
10 0.73047 0.43799 0.015620000000000078 0.006840000000000013
10 0.39779 0.56299 0.011720000000000008 0.04394000000000009
10 0.453125 0.56299 0.01041000000000003 0.04394000000000009
10 0.24479 0.55908 0.010420000000000013 0.04393999999999998
10 0.29947999999999997 0.55908 0.01042000000000004 0.04393999999999998
10 0.5299499999999999 0.56299 0.010419999999999985 0.04394000000000009
10 0.60677 0.563475 0.010419999999999985 0.042970000000000064
10 0.696615 0.563475 0.01041000000000003 0.042970000000000064
10 0.7734399999999999 0.563475 0.010419999999999985 0.042970000000000064
10 0.85026 0.5644549999999999 0.010419999999999985 0.042970000000000064
10 0.24349 0.53125 0.015620000000000023 0.011719999999999953
10 0.298825 0.53174 0.01693 0.012699999999999934
10 0.397785 0.5356449999999999 0.01693 0.012689999999999979
10 0.453125 0.53613 0.015630000000000033 0.011719999999999953
10 0.52995 0.5356449999999999 0.015619999999999967 0.012689999999999979
10 0.6074250000000001 0.53613 0.01693 0.011719999999999953
10 0.696615 0.53613 0.015630000000000033 0.011719999999999953
10 0.77474 0.53613 0.015619999999999967 0.011719999999999953
10 0.85026 0.53613 0.015619999999999967 0.011719999999999953
10 0.251305 0.67041 0.007809999999999984 0.03417999999999999
10 0.29947999999999997 0.6699200000000001 0.007819999999999994 0.03320000000000001
10 0.23177 0.66943 0.002599999999999991 0.03417999999999999
10 0.32031 0.6709 0.002599999999999991 0.03320000000000001
10 0.232425 0.648925 0.003909999999999997 0.006830000000000003
10 0.25195 0.6494150000000001 0.01171999999999998 0.007809999999999984
10 0.29947999999999997 0.6499 0.013019999999999976 0.006839999999999957
10 0.31901 0.6499 0.005199999999999982 0.006839999999999957
10 0.48502500000000004 0.67578 0.01433000000000001 0.03515999999999997
10 0.6543000000000001 0.6762699999999999 0.01432 0.03417999999999999
10 0.82357 0.6762699999999999 0.011719999999999953 0.03417999999999999
10 0.824215 0.655275 0.01822999999999997 0.007809999999999984
10 0.485025 0.655275 0.01693 0.007809999999999984
10 0.654945 0.655275 0.01822999999999997 0.007809999999999984
10 0.486325 0.705565 0.019529999999999992 0.024410000000000043
10 0.82552 0.706545 0.02083999999999997 0.024410000000000043
10 0.6542950000000001 0.705075 0.019529999999999936 0.025390000000000024
11 0.778645 0.941405 0.09894999999999998 0.019529999999999936
11 0.26237 0.93994 0.17058000000000004 0.01855999999999991
11 0.1582 0.90576 0.024740000000000012 0.012699999999999934
11 0.472005 0.96045 0.01693 0.047860000000000014
2 0.28125 0.9707049999999999 0.03646000000000005 0.042970000000000064
3 0.4375 0.967775 0.04947999999999997 0.052730000000000055
2 0.61263 0.973145 0.03255999999999992 0.045889999999999986
