1 0.50311525 0.49951328 0.9937695 0.99707344
2 0.19782 0.04296850000000001 0.10904 0.04687500000000001
2 0.36293 0.043457 0.10903999999999997 0.04589800000000001
2 0.531155 0.0439455 0.10903000000000002 0.046875
2 0.693145 0.043457 0.10902999999999996 0.04589800000000001
2 0.858255 0.04296850000000001 0.10902999999999996 0.04687500000000001
2 0.864485 0.106447 0.10903000000000007 0.03320600000000001
2 0.694705 0.10742 0.11214999999999997 0.03320000000000001
2 0.531155 0.10742 0.10903000000000002 0.03320000000000001
2 0.361375 0.10742 0.11214999999999997 0.03320000000000001
2 0.193145 0.10839850000000001 0.11215 0.033202999999999996
2 0.85981 0.25928 0.10592000000000001 0.034180000000000016
2 0.69159 0.25879 0.10592000000000001 0.033200000000000035
2 0.52025 0.25928 0.10592000000000001 0.034180000000000016
2 0.34891 0.259765 0.10592000000000001 0.03321000000000002
2 0.18068499999999998 0.26123 0.10590999999999998 0.034180000000000016
2 0.856695 0.1958 0.11214999999999997 0.04393999999999998
2 0.69003 0.196285 0.10904000000000003 0.04296999999999998
2 0.348905 0.196285 0.11215000000000003 0.04296999999999998
2 0.183805 0.19531500000000002 0.11215 0.04296999999999998
2 0.856695 0.34131 0.11214999999999997 0.04393999999999998
2 0.691585 0.33740499999999995 0.11214999999999997 0.04394999999999999
2 0.517135 0.342775 0.11214999999999997 0.04296999999999995
2 0.34112 0.34228499999999995 0.10903999999999997 0.04394999999999999
2 0.17757 0.34424 0.11213999999999999 0.04393999999999998
2 0.17913 0.412105 0.1028 0.03125
2 0.34891 0.412105 0.10592000000000001 0.03125
2 0.51713 0.410645 0.10591999999999996 0.03027000000000002
2 0.69159 0.410155 0.10592000000000001 0.03125
2 0.86293 0.409665 0.10592000000000001 0.03027000000000002
2 0.85981 0.490725 0.11838000000000004 0.04785000000000006
2 0.6884699999999999 0.49121 0.11838000000000004 0.048819999999999975
2 0.515575 0.491695 0.11526999999999998 0.04784999999999995
2 0.34735 0.493165 0.10904000000000003 0.04883000000000004
2 0.17757 0.493165 0.11213999999999999 0.04883000000000004
2 0.858255 0.567385 0.10902999999999996 0.04686999999999997
2 0.6869149999999999 0.56836 0.10903000000000007 0.04688000000000003
2 0.514015 0.569825 0.11214999999999997 0.045889999999999986
2 0.344235 0.57129 0.11526999999999998 0.04688000000000003
2 0.17289500000000002 0.57178 0.11527000000000001 0.04589999999999994
2 0.858255 0.64453 0.10902999999999996 0.04687999999999992
2 0.69003 0.64551 0.10904000000000003 0.04688000000000003
2 0.515575 0.646485 0.10902999999999996 0.04686999999999997
2 0.348905 0.64844 0.11215000000000003 0.04688000000000003
2 0.18068499999999998 0.64746 0.11215 0.04688000000000003
2 0.852025 0.792965 0.10902999999999996 0.04296999999999995
2 0.6838 0.792965 0.10904000000000003 0.04296999999999995
2 0.517135 0.793945 0.11214999999999997 0.04296999999999995
2 0.35358500000000004 0.794435 0.10903000000000002 0.04198999999999997
2 0.18536000000000002 0.792965 0.10904 0.04296999999999995
2 0.5249199999999999 0.19385 0.10903999999999997 0.04980000000000001
2 0.858255 0.71924 0.11526999999999998 0.04394000000000009
2 0.6869149999999999 0.720215 0.1152700000000001 0.043950000000000045
2 0.515575 0.720215 0.11526999999999998 0.043950000000000045
2 0.348905 0.72217 0.11215000000000003 0.04393999999999998
2 0.18068499999999998 0.72217 0.10590999999999998 0.04393999999999998
2 0.207165 0.865235 0.12148999999999999 0.04100999999999999
6 0.1573215 0.8925799999999999 0.25233700000000003 0.021480000000000055
8 0.517135 0.38037 0.11214999999999997 0.024419999999999997
8 0.6869149999999999 0.378415 0.1152700000000001 0.024410000000000043
8 0.856695 0.378415 0.11214999999999997 0.024410000000000043
8 0.34579499999999996 0.37988 0.11215000000000003 0.023440000000000016
8 0.17757 0.38037 0.11213999999999999 0.024419999999999997
8 0.068536 0.268555 0.087228 0.019529999999999992
8 0.9595 0.26514000000000004 0.07475999999999994 0.02245999999999998
8 0.8504700000000001 0.45166 0.06853999999999993 0.020499999999999963
8 0.682245 0.452635 0.06852999999999998 0.020510000000000028
8 0.50779 0.453125 0.06853999999999999 0.019530000000000047
8 0.33021999999999996 0.454105 0.06853999999999999 0.019529999999999992
8 0.168225 0.45459 0.06853000000000001 0.020499999999999963
8 0.404985 0.44677500000000003 0.08099 0.030269999999999964
8 0.24455 0.447755 0.07788000000000003 0.03027000000000002
8 0.0529595 0.450195 0.080997 0.029289999999999983
8 0.59346 0.4458 0.07787999999999995 0.03028000000000003
8 0.76324 0.443845 0.08099999999999996 0.03027000000000002
8 0.9517150000000001 0.44433500000000004 0.059189999999999965 0.029289999999999983
8 0.0669805 0.32275 0.109039 0.016600000000000004
8 0.94704 0.31836 0.10592000000000001 0.017579999999999985
9 0.5155765 0.0161131 0.968847 0.024413800000000003
9 0.5046705 0.14502 0.9844189999999999 0.04393999999999999
9 0.49688265000000004 0.296875 0.9875347 0.04296999999999995
9 0.506231 0.833495 0.975078 0.03222999999999998
9 0.506231 0.749025 0.975078 0.021489999999999898
9 0.5093435 0.67041 0.975073 0.014640000000000097
9 0.512461 0.597165 0.975078 0.01464999999999994
9 0.512461 0.519045 0.975078 0.014650000000000052
10 0.26012 0.37939 0.052960000000000035 0.09667999999999999
10 0.429905 0.378905 0.05607000000000001 0.09570999999999996
10 0.5996900000000001 0.378905 0.05296000000000001 0.09570999999999996
10 0.7710300000000001 0.37842 0.05296000000000001 0.09667999999999999
10 0.25701 0.32177500000000003 0.07787999999999998 0.01855000000000001
10 0.42679 0.32177500000000003 0.07476000000000005 0.01855000000000001
10 0.601245 0.3208 0.07477 0.018559999999999965
10 0.7757000000000001 0.3208 0.07476000000000005 0.018559999999999965
11 0.64019 0.921385 0.5140199999999999 0.14551000000000003
