1 0.50068215 0.526367 0.9986357 0.9472659999999999
2 0.150065 0.320315 0.040929999999999994 0.054690000000000016
2 0.226465 0.322265 0.04093000000000002 0.05468999999999996
2 0.30082 0.320805 0.039559999999999984 0.053710000000000035
2 0.39086 0.32128999999999996 0.039559999999999984 0.054680000000000006
2 0.472035 0.31933500000000004 0.040929999999999966 0.05468999999999996
2 0.54911 0.320315 0.03956000000000004 0.054690000000000016
2 0.630285 0.320315 0.04093000000000002 0.054690000000000016
2 0.7189650000000001 0.322265 0.04093000000000002 0.05468999999999996
2 0.7919499999999999 0.322265 0.03955999999999993 0.05468999999999996
2 0.866305 0.323245 0.04092999999999991 0.054690000000000016
2 0.22715 0.5810500000000001 0.09686 0.11913999999999991
2 0.792635 0.5839799999999999 0.09823000000000004 0.11913999999999991
2 0.51432 0.5708 0.10914000000000001 0.14549999999999996
2 0.51296 0.801265 0.2674 0.1279300000000001
4 0.228515 0.495605 0.12686999999999998 0.05761000000000005
4 0.79468 0.495605 0.12688 0.05761000000000005
6 0.508184 0.645505 0.972712 0.07617000000000007
8 0.510233 0.40869 0.875854 0.032220000000000026
8 0.503412 0.138672 0.984996 0.160156
8 0.0716235 0.248535 0.031377 0.06153
8 0.10641049999999999 0.25 0.032739000000000004 0.0625
8 0.18145 0.24951 0.03273999999999999 0.06152000000000002
8 0.257845 0.25 0.03275000000000003 0.0625
8 0.3397 0.25 0.03273999999999999 0.0625
8 0.42838 0.25049 0.03273999999999999 0.06151999999999999
8 0.5075 0.24902000000000002 0.032739999999999936 0.06250000000000003
8 0.59209 0.251465 0.03273999999999999 0.061529999999999974
8 0.67872 0.24951 0.031379999999999963 0.06152000000000002
8 0.75989 0.25049 0.03273999999999999 0.06151999999999999
8 0.83424 0.25342 0.031379999999999963 0.06151999999999999
8 0.90314 0.25342 0.0327400000000001 0.06151999999999999
8 0.9386099999999999 0.25244 0.0327400000000001 0.06152000000000002
9 0.508868 0.25488 0.911324 0.07422000000000004
9 0.503411 0.39746000000000004 0.960438 0.08593999999999996
9 0.49863599999999997 0.68457 0.950888 0.08007999999999993
10 0.18827 0.32323999999999997 0.019100000000000006 0.04687999999999998
10 0.261255 0.32323999999999997 0.017730000000000024 0.04687999999999998
10 0.42974 0.325195 0.019100000000000006 0.04687000000000002
10 0.5116 0.32616999999999996 0.019100000000000006 0.04687999999999998
10 0.591405 0.32422 0.017730000000000024 0.04688000000000003
10 0.83083 0.32616999999999996 0.019100000000000006 0.04687999999999998
10 0.75716 0.32616999999999996 0.019100000000000006 0.04687999999999998
10 0.0995905 0.52344 0.03819900000000001 0.13672
10 0.33834 0.52246 0.038199999999999956 0.13672
10 0.68486 0.51953 0.03820000000000001 0.13672
10 0.91405 0.521975 0.03820000000000001 0.13379000000000002
10 0.0955 0.7988299999999999 0.043660000000000004 0.1582
10 0.33424 0.797365 0.04365999999999998 0.15527000000000002
10 0.687585 0.794435 0.04364999999999997 0.15722999999999998
10 0.928375 0.793945 0.04229000000000005 0.15820999999999996
10 0.335605 0.701175 0.05457000000000001 0.037109999999999976
10 0.0954965 0.701175 0.054567000000000004 0.037109999999999976
10 0.927695 0.696285 0.05457000000000001 0.037109999999999976
10 0.686225 0.696285 0.05457000000000001 0.037109999999999976
10 0.915415 0.44287 0.05457000000000001 0.02245999999999998
10 0.686225 0.43994 0.05457000000000001 0.022460000000000035
10 0.33629 0.44287 0.05593999999999999 0.02245999999999998
10 0.100275 0.44287 0.05320999999999999 0.02245999999999998
10 0.186905 0.291015 0.02729000000000001 0.01757000000000003
10 0.260575 0.291015 0.02729000000000001 0.01757000000000003
10 0.43110499999999996 0.293945 0.02728999999999998 0.017569999999999975
10 0.511595 0.29491999999999996 0.027290000000000036 0.017579999999999985
10 0.590725 0.29296999999999995 0.027289999999999925 0.017579999999999985
10 0.75648 0.293945 0.02864 0.017569999999999975
10 0.83015 0.29442999999999997 0.02864 0.016600000000000004
10 0.100274 0.615235 0.047752 0.04686999999999997
10 0.33765500000000004 0.61426 0.047750000000000015 0.04688000000000003
10 0.685535 0.611815 0.04774999999999996 0.04784999999999995
10 0.9147350000000001 0.6132850000000001 0.04775000000000007 0.04883000000000004
10 0.09345149999999999 0.9379850000000001 0.088677 0.12207000000000001
10 0.33561 0.9355450000000001 0.09004000000000001 0.12109000000000003
10 0.69031 0.93457 0.09004000000000001 0.12109999999999999
10 0.9263300000000001 0.93164 0.09004000000000001 0.12109999999999999
11 0.51501 0.932615 0.24419999999999997 0.11133000000000004
11 0.80696 0.93994 0.13505999999999996 0.09278000000000008
11 0.21692 0.9453100000000001 0.1337 0.09570000000000001
11 0.5122800000000001 0.805175 0.10232000000000008 0.07518999999999998
8 0.22033000000000003 0.73828 0.05048 0.04491999999999996
8 0.8001400000000001 0.734375 0.05047999999999997 0.044929999999999914
8 0.79877 0.822755 0.036839999999999984 0.07325000000000004
8 0.21896500000000002 0.82666 0.03683 0.07324000000000008
8 0.510915 0.494625 0.19781000000000004 0.06543000000000004
10 0.5832200000000001 0.595215 0.0232 0.09863
10 0.44543 0.59668 0.02592 0.09766000000000008
10 0.444065 0.5380849999999999 0.034109999999999974 0.019529999999999936
10 0.5845849999999999 0.536625 0.034109999999999974 0.020510000000000028
8 0.51091 0.574705 0.30150000000000005 0.036129999999999995
