1 0.512448 0.50146485 0.975104 0.9970703
2 0.302905 0.110842 0.19087000000000004 0.04199600000000002
2 0.543565 0.11035350000000001 0.19087000000000004 0.04297300000000001
2 0.7676350000000001 0.11132700000000001 0.19086999999999998 0.04296600000000002
2 0.77386 0.180175 0.17842000000000002 0.04394999999999999
2 0.537345 0.17968499999999998 0.18673 0.04296999999999998
2 0.298755 0.180175 0.19086999999999998 0.04394999999999999
2 0.28630500000000003 0.246095 0.19087 0.035150000000000015
2 0.53112 0.246095 0.19088 0.035150000000000015
2 0.76556 0.246095 0.18672 0.035150000000000015
2 0.7510349999999999 0.317875 0.19086999999999998 0.047850000000000004
2 0.5062249999999999 0.317875 0.19086999999999998 0.047850000000000004
2 0.261415 0.31884500000000005 0.19087 0.047850000000000004
2 0.74481 0.391605 0.19501999999999997 0.048829999999999985
2 0.50415 0.391605 0.19501999999999997 0.048829999999999985
2 0.25519000000000003 0.393555 0.19502000000000003 0.048829999999999985
2 0.7427349999999999 0.46582 0.19086999999999998 0.048819999999999975
2 0.49585 0.46631 0.19501999999999997 0.049799999999999955
2 0.25104000000000004 0.467285 0.19502000000000003 0.04981000000000002
2 0.74066 0.54297 0.19501999999999997 0.050779999999999936
2 0.49585 0.543455 0.19501999999999997 0.04981000000000002
2 0.24689 0.544435 0.19501999999999997 0.04980999999999991
2 0.74481 0.620115 0.19501999999999997 0.052730000000000055
2 0.49585 0.62207 0.19501999999999997 0.05274000000000001
2 0.24689 0.62207 0.19501999999999997 0.05274000000000001
2 0.7427349999999999 0.695805 0.19916999999999996 0.04784999999999995
2 0.497925 0.6967749999999999 0.19916999999999996 0.04785000000000006
2 0.244815 0.697755 0.19916999999999999 0.04784999999999995
2 0.7427349999999999 0.773435 0.19916999999999996 0.04882999999999993
2 0.49585 0.773925 0.20332 0.04784999999999995
2 0.24689 0.7744150000000001 0.20332000000000003 0.04883000000000004
2 0.54772 0.8574200000000001 0.14938 0.04687999999999992
2 0.786305 0.8584 0.12863000000000002 0.04687999999999992
2 0.309125 0.8584 0.12863 0.04687999999999992
8 0.29253 0.08105499999999999 0.05393999999999999 0.017577999999999996
8 0.533195 0.0805665 0.05394999999999994 0.018554999999999988
8 0.7614099999999999 0.08105499999999999 0.05393999999999999 0.017577999999999996
8 0.6514500000000001 0.088379 0.03320000000000001 0.020508
8 0.41908500000000004 0.088379 0.03319 0.020508
8 0.9087099999999999 0.08496000000000001 0.12448000000000004 0.04492
8 0.11618049999999999 0.0869145 0.107879 0.03711099999999999
8 0.25104 0.28711 0.05393999999999999 0.015620000000000023
8 0.48755 0.286625 0.05393999999999999 0.014649999999999996
8 0.736515 0.28613500000000003 0.05395000000000005 0.015629999999999977
8 0.477175 0.741215 0.08298999999999995 0.019529999999999936
8 0.228215 0.7417 0.08299000000000001 0.020499999999999963
8 0.7219949999999999 0.739745 0.08299000000000001 0.020510000000000028
8 0.917015 0.747555 0.04979 0.036129999999999995
8 0.06639 0.75146 0.06639 0.028320000000000012
8 0.5560149999999999 0.7382850000000001 0.07469000000000003 0.007809999999999984
8 0.414935 0.7387699999999999 0.07469000000000003 0.006840000000000068
8 0.30913 0.7382850000000001 0.07053999999999999 0.007809999999999984
8 0.17220000000000002 0.7397450000000001 0.06223999999999999 0.006830000000000003
8 0.659755 0.737795 0.06638999999999995 0.006830000000000003
8 0.796685 0.737795 0.06638999999999995 0.006830000000000003
8 0.902485 0.8383799999999999 0.13693 0.01856000000000002
8 0.09751299999999999 0.84082 0.136934 0.01757999999999993
9 0.508298 0.812985 0.958504 0.036129999999999995
9 0.508298 0.73535 0.958504 0.03515999999999997
9 0.502073 0.27490000000000003 0.9543539999999999 0.028319999999999956
9 0.5124475000000001 0.0498046 0.958505 0.0917968
11 0.53942 0.936525 0.6307 0.09375
