1 0.533 0.5000004 0.73 0.9957992
2 0.5760000000000001 0.28151 0.06799999999999995 0.10504
2 0.762 0.28046 0.06800000000000006 0.10294
2 0.5800000000000001 0.46953999999999996 0.06799999999999995 0.10293999999999998
2 0.762 0.46953999999999996 0.06800000000000006 0.10293999999999998
2 0.767 0.65861 0.07000000000000006 0.10294000000000003
2 0.5800000000000001 0.65861 0.06799999999999995 0.10294000000000003
2 0.367 0.47269 0.118 0.09663999999999995
2 0.368 0.28571 0.11599999999999999 0.09664
2 0.363 0.6554599999999999 0.118 0.09663999999999995
2 0.522 0.0787815 0.06800000000000006 0.094537
2 0.132 0.39915999999999996 0.027999999999999997 0.04202
2 0.125 0.4937 0.02600000000000001 0.04202
2 0.124 0.5798300000000001 0.02800000000000001 0.04202000000000006
2 0.121 0.6701699999999999 0.02600000000000001 0.04202000000000006
3 0.5760000000000001 0.9107149999999999 0.10799999999999998 0.16177000000000008
5 0.762 0.52416 0.09600000000000009 0.018900000000000028
5 0.5780000000000001 0.527315 0.09599999999999997 0.021009999999999973
5 0.766 0.7142850000000001 0.09599999999999997 0.021010000000000084
5 0.5820000000000001 0.7142850000000001 0.09599999999999997 0.021010000000000084
5 0.368 0.52521 0.15200000000000002 0.02100000000000002
6 0.121 0.52311 0.082 0.05881999999999998
6 0.12 0.615545 0.08 0.05882999999999994
7 0.34099999999999997 0.284665 0.057999999999999996 0.09033000000000002
7 0.397 0.285715 0.04999999999999999 0.09243000000000001
7 0.525 0.28151 0.03400000000000003 0.10504
7 0.629 0.27836 0.03400000000000003 0.10714000000000001
4 0.391 0.7899149999999999 0.174 0.03361000000000003
4 0.761 0.7941149999999999 0.17399999999999993 0.03361000000000003
7 0.708 0.27836 0.03600000000000003 0.10714000000000001
7 0.812 0.27731 0.03199999999999992 0.10924
7 0.28700000000000003 0.47058999999999995 0.033999999999999975 0.10083999999999999
7 0.442 0.46953999999999996 0.03600000000000003 0.10293999999999998
7 0.525 0.47163999999999995 0.038000000000000034 0.10293999999999998
7 0.629 0.46953999999999996 0.038000000000000034 0.10293999999999998
7 0.71 0.47058999999999995 0.040000000000000036 0.10503999999999997
7 0.8140000000000001 0.46848999999999996 0.039999999999999925 0.10503999999999997
7 0.8160000000000001 0.65861 0.039999999999999925 0.10294000000000003
7 0.714 0.65861 0.040000000000000036 0.10294000000000003
7 0.628 0.65756 0.040000000000000036 0.10504000000000002
7 0.526 0.65861 0.040000000000000036 0.10294000000000003
7 0.33299999999999996 0.6565099999999999 0.05399999999999999 0.09033999999999998
7 0.391 0.6554599999999999 0.05399999999999999 0.09243999999999997
7 0.505 0.080882 0.030000000000000027 0.090336
7 0.539 0.079832 0.030000000000000027 0.08823600000000001
9 0.534 0.158615 0.716 0.07353
9 0.581 0.72374 0.622 0.035720000000000085
11 0.575 0.813025 0.21000000000000008 0.025209999999999955
11 0.395 0.8708 0.09400000000000003 0.13656000000000001
11 0.765 0.8771 0.09400000000000008 0.13656000000000001
11 0.673 0.886555 0.08199999999999996 0.11345000000000005
11 0.493 0.863445 0.04600000000000004 0.025209999999999955
9 0.592 0.33823499999999995 0.6000000000000001 0.02940999999999999
