1 0.48047 0.543455 0.66146 0.8935500000000001
3 0.4056 0.933595 0.07162000000000002 0.09571000000000007
2 0.47656 0.67285 0.08854000000000001 0.07812000000000008
2 0.47721500000000006 0.52539 0.08985000000000004 0.07617999999999997
2 0.264975 0.526365 0.08985000000000001 0.07617000000000002
2 0.26366999999999996 0.67432 0.08983999999999998 0.07910000000000006
2 0.26107 0.82031 0.08463999999999999 0.08007999999999993
2 0.40885 0.819825 0.0625 0.08104999999999996
2 0.54427 0.819825 0.05989999999999995 0.08104999999999996
2 0.69206 0.8193349999999999 0.08723999999999998 0.08202999999999994
2 0.6914100000000001 0.671875 0.08853999999999995 0.08007000000000009
2 0.69271 0.523435 0.09114 0.07617000000000002
2 0.69336 0.37988500000000003 0.08984000000000003 0.07617000000000002
2 0.722005 0.23291 0.03777000000000008 0.07519999999999996
2 0.66797 0.23339500000000002 0.03646000000000005 0.07616999999999999
2 0.47721500000000006 0.38086 0.08985000000000004 0.07617999999999997
2 0.50326 0.235355 0.03776000000000007 0.07617000000000002
2 0.44987 0.235355 0.03515999999999997 0.07617000000000002
2 0.264975 0.38134999999999997 0.08985000000000001 0.07519999999999999
2 0.29232 0.236325 0.035160000000000025 0.07616999999999999
2 0.23893 0.236325 0.035160000000000025 0.07616999999999999
2 0.029948100000000002 0.250975 0.0546878 0.07813000000000003
2 0.940755 0.18945499999999998 0.08984999999999999 0.07616999999999999
3 0.54362 0.944825 0.07421999999999995 0.08301000000000003
3 0.26172 0.9458 0.09114 0.08106000000000002
3 0.69271 0.9443349999999999 0.09636 0.08202999999999994
5 0.26497499999999996 0.445805 0.11588999999999999 0.05957000000000001
5 0.47721499999999994 0.444825 0.11588999999999999 0.059569999999999956
5 0.69401 0.443845 0.11718000000000006 0.05957000000000001
5 0.69466 0.58887 0.1341199999999999 0.056640000000000024
5 0.47721500000000006 0.59033 0.13411 0.057620000000000005
5 0.26367 0.59131 0.13412000000000002 0.057620000000000005
5 0.26366999999999996 0.72217 0.11327999999999999 0.022460000000000035
5 0.47590999999999994 0.7207 0.11327999999999999 0.023439999999999905
5 0.69206 0.720215 0.11328000000000005 0.02246999999999999
5 0.9381550000000001 0.23926000000000003 0.10547000000000006 0.02930000000000002
2 0.9375 0.33838 0.08854000000000006 0.08692
4 0.93164 0.262695 0.13412000000000002 0.023430000000000006
8 0.35612 0.851565 0.029939999999999967 0.04296999999999995
8 0.457685 0.851075 0.029950000000000032 0.04198999999999997
8 0.4082 0.876465 0.06120000000000003 0.020509999999999917
8 0.20507999999999998 0.32177500000000003 0.01171999999999998 0.014649999999999996
8 0.153645 0.324705 0.005209999999999992 0.014649999999999996
8 0.41992 0.32275 0.01432 0.016600000000000004
8 0.322265 0.32373 0.011709999999999998 0.014639999999999986
8 0.370445 0.32177500000000003 0.009110000000000007 0.012690000000000035
8 0.53711 0.322265 0.011719999999999953 0.013670000000000015
8 0.5859350000000001 0.32128500000000004 0.007809999999999984 0.013670000000000015
8 0.63607 0.322265 0.011719999999999953 0.013670000000000015
8 0.753255 0.31933500000000004 0.011709999999999998 0.013670000000000015
8 0.80534 0.31933500000000004 0.011720000000000064 0.013670000000000015
9 0.478515 0.73926 0.65235 0.023440000000000016
9 0.47982 0.8945350000000001 0.6523399999999999 0.01366999999999996
9 0.47917 0.30127000000000004 0.6510400000000001 0.03221999999999997
9 0.478515 0.131838 0.6549499999999999 0.068364
10 0.34961 0.236325 0.03775999999999996 0.09961
10 0.39518 0.234865 0.03775999999999996 0.09863
10 0.17968499999999998 0.23584 0.044270000000000004 0.09864000000000003
10 0.61198 0.23339500000000002 0.04166000000000003 0.09961
10 0.56315 0.233885 0.04036000000000006 0.09863
10 0.7819 0.231935 0.04036000000000006 0.09863
10 0.56185 0.48096 0.037760000000000016 0.33496000000000004
10 0.61068 0.47998 0.039060000000000095 0.33496000000000004
10 0.7799499999999999 0.47949 0.039059999999999984 0.33594
10 0.39388 0.48242 0.037760000000000016 0.33594
10 0.34765500000000005 0.48291 0.039069999999999994 0.33496000000000004
10 0.17904 0.48389000000000004 0.037760000000000016 0.33496
