2 0.59326 0.413045 0.04394000000000009 0.09179000000000004
1 0.5165995 0.550725 0.9589810000000001 0.89855
2 0.52295 0.408215 0.04393999999999998 0.09179000000000004
2 0.453615 0.403385 0.04394999999999999 0.09179000000000004
2 0.38378999999999996 0.403385 0.044920000000000015 0.09179000000000004
2 0.31201 0.408215 0.04393999999999998 0.09179000000000004
2 0.24463000000000001 0.408215 0.04394000000000001 0.09179000000000004
2 0.178225 0.413045 0.04394999999999999 0.09179000000000004
2 0.108399 0.413045 0.044922000000000004 0.09179000000000004
2 0.1098655 0.625605 0.043949000000000016 0.09179000000000004
2 0.17724499999999999 0.620775 0.04395000000000002 0.09179000000000004
2 0.245605 0.625605 0.04394999999999999 0.09179000000000004
2 0.31201 0.620775 0.04393999999999998 0.09179000000000004
2 0.3833 0.620775 0.043940000000000035 0.09179000000000004
2 0.452635 0.625605 0.04394999999999999 0.09179000000000004
2 0.521485 0.620775 0.044930000000000025 0.09179000000000004
2 0.59033 0.625605 0.04393999999999998 0.09179000000000004
2 0.726075 0.413045 0.043950000000000045 0.09179000000000004
2 0.725095 0.620775 0.043950000000000045 0.09179000000000004
2 0.7924800000000001 0.620775 0.04393999999999998 0.09179000000000004
2 0.7924800000000001 0.408215 0.04393999999999998 0.09179000000000004
2 0.859865 0.408215 0.043949999999999934 0.09179000000000004
2 0.859865 0.625605 0.043949999999999934 0.09179000000000004
2 0.9262699999999999 0.620775 0.04393999999999998 0.09179000000000004
2 0.9262699999999999 0.403385 0.04393999999999998 0.09179000000000004
3 0.855955 0.9154599999999999 0.026370000000000005 0.1401
3 0.6674800000000001 0.908215 0.030279999999999974 0.16425
11 0.6621049999999999 0.466185 0.03711000000000009 0.31401
11 0.95703 0.5338149999999999 0.07422000000000006 0.10144999999999993
11 0.858885 0.736715 0.04980999999999991 0.06281000000000003
11 0.6025400000000001 0.775365 0.08008000000000004 0.08213000000000004
2 0.487305 0.8744000000000001 0.08007000000000003 0.21255999999999997
2 0.573245 0.8864700000000001 0.07617000000000007 0.16908
2 0.7373000000000001 0.869565 0.06836000000000009 0.18357
2 0.80859 0.88164 0.06835999999999998 0.17874
2 0.969725 0.891305 0.04687000000000008 0.17874999999999996
2 0.910155 0.879225 0.06054999999999999 0.16425
2 0.857425 0.797105 0.025390000000000024 0.03864999999999996
11 0.0703125 0.864735 0.035156999999999994 0.17391
11 0.12207000000000001 0.83575 0.041020000000000015 0.12559999999999993
