1 0.20528999999999997 0.4898865 0.18661999999999998 0.952807
1 0.44168 0.4876415 0.28304000000000007 0.948317
1 0.81026 0.54157 0.22084000000000004 0.8314600000000001
2 0.25972 0.14382 0.028000000000000025 0.06742
2 0.20451 0.14382 0.02954000000000001 0.06742
2 0.15008 0.14607 0.02643999999999999 0.06742
2 0.26049500000000003 0.3 0.02955000000000002 0.08313999999999999
2 0.206845 0.30112 0.027990000000000015 0.08089999999999997
2 0.15007500000000001 0.30112 0.029549999999999993 0.08089999999999997
2 0.26205500000000004 0.45393 0.02955000000000002 0.08089999999999997
2 0.207625 0.455055 0.029549999999999993 0.08315
2 0.15241 0.455055 0.027999999999999997 0.08315
2 0.26205500000000004 0.6011249999999999 0.02955000000000002 0.07865
2 0.209175 0.598875 0.02955000000000002 0.07865
2 0.15318500000000002 0.6022449999999999 0.029549999999999993 0.07640999999999998
2 0.264385 0.7348349999999999 0.031110000000000027 0.07191000000000003
2 0.210735 0.7359549999999999 0.029549999999999993 0.07415000000000005
2 0.15863 0.7359549999999999 0.03109999999999999 0.07415000000000005
2 0.443235 0.14944 0.037329999999999974 0.08763999999999998
2 0.362365 0.150565 0.037329999999999974 0.08539
2 0.51944 0.148315 0.03732000000000002 0.08539000000000001
2 0.365475 0.55955 0.03420999999999996 0.08539999999999992
2 0.44245500000000004 0.56067 0.035770000000000024 0.08763999999999994
2 0.364695 0.28651499999999996 0.03576999999999997 0.08315
2 0.440125 0.28651499999999996 0.037329999999999974 0.08315
2 0.52255 0.28427 0.03732000000000002 0.08314000000000002
2 0.366255 0.42022499999999996 0.04198999999999997 0.08539000000000002
2 0.442455 0.42022499999999996 0.04198999999999997 0.08539000000000002
2 0.518665 0.416855 0.04199000000000003 0.08315
2 0.524105 0.55955 0.04043000000000008 0.08539999999999992
2 0.36624999999999996 0.704495 0.03887999999999997 0.09213000000000005
2 0.44479 0.704495 0.037319999999999964 0.09213000000000005
2 0.5209950000000001 0.70337 0.037329999999999974 0.08988000000000007
2 0.745725 0.29888000000000003 0.029549999999999965 0.08090000000000003
2 0.812595 0.29888000000000003 0.029550000000000076 0.08090000000000003
2 0.874805 0.29888000000000003 0.029550000000000076 0.08090000000000003
2 0.744165 0.43932499999999997 0.029549999999999965 0.08315
2 0.811045 0.44045 0.029549999999999965 0.08089999999999997
2 0.87714 0.43932499999999997 0.028000000000000025 0.08315
2 0.8763650000000001 0.588765 0.029550000000000076 0.07640999999999998
2 0.811045 0.588765 0.029549999999999965 0.07640999999999998
2 0.747275 0.59101 0.029549999999999965 0.07640000000000002
2 0.874805 0.73483 0.029550000000000076 0.08089999999999997
2 0.812595 0.73483 0.029550000000000076 0.08089999999999997
2 0.745725 0.73483 0.029549999999999965 0.08089999999999997
2 0.618975 0.72472 0.021769999999999956 0.09214
2 0.64852 0.723595 0.01866000000000001 0.09438999999999997
2 0.677295 0.72472 0.02021000000000006 0.09214
2 0.709175 0.1101145 0.012450000000000072 0.026970999999999995
2 0.7527200000000001 0.11573 0.012439999999999896 0.02922000000000001
2 0.66952 0.33708 0.02644000000000002 0.05842000000000003
2 0.66252 0.460675 0.024880000000000013 0.05842999999999998
2 0.6656299999999999 0.579775 0.024879999999999902 0.05842999999999998
3 0.44867999999999997 0.892135 0.03265999999999997 0.13483
3 0.891135 0.888765 0.03110999999999997 0.12358999999999998
3 0.790045 0.8999999999999999 0.02489000000000008 0.09662000000000004
5 0.742615 0.34157000000000004 0.05442999999999998 0.013479999999999992
5 0.8071550000000001 0.34382 0.052870000000000084 0.013479999999999992
5 0.871695 0.339325 0.05442999999999998 0.013490000000000002
5 0.874805 0.483145 0.05443000000000009 0.013490000000000002
5 0.809485 0.48202 0.05442999999999998 0.011240000000000028
5 0.744165 0.48763999999999996 0.05442999999999998 0.013479999999999992
5 0.520215 0.195505 0.05442999999999998 0.013490000000000002
5 0.442455 0.19775 0.05442999999999998 0.013479999999999992
5 0.520215 0.33033999999999997 0.05442999999999998 0.013479999999999992
5 0.44167999999999996 0.332585 0.05287999999999998 0.013490000000000002
5 0.36080999999999996 0.33482999999999996 0.05287999999999998 0.013479999999999992
5 0.364695 0.46517 0.05442999999999998 0.013479999999999992
5 0.439345 0.46517 0.05442999999999998 0.013479999999999992
5 0.51944 0.467415 0.05288000000000004 0.013490000000000002
5 0.52255 0.6067400000000001 0.05287999999999998 0.013480000000000047
5 0.442455 0.6089899999999999 0.05442999999999998 0.013480000000000047
5 0.363145 0.607865 0.05442999999999998 0.011230000000000073
5 0.14697 0.18427 0.0451 0.01348000000000002
5 0.202955 0.18427 0.04510999999999998 0.01348000000000002
5 0.25583 0.18202000000000002 0.04510000000000003 0.01348000000000002
5 0.14852500000000002 0.34719 0.04821 0.011240000000000028
5 0.202955 0.34719 0.04821 0.011240000000000028
5 0.257385 0.344945 0.04821000000000003 0.011229999999999962
5 0.15007500000000001 0.49775 0.04821 0.011239999999999972
5 0.206065 0.49775 0.04821 0.011239999999999972
5 0.257385 0.495505 0.04821000000000003 0.011230000000000018
5 0.25972 0.641575 0.046660000000000035 0.011230000000000073
5 0.20684000000000002 0.642695 0.04666000000000001 0.008990000000000054
5 0.15085500000000002 0.642695 0.04665 0.008990000000000054
6 0.6438550000000001 0.61798 0.11197000000000001 0.06291999999999998
6 0.80793 0.202245 0.21617999999999993 0.05843000000000001
6 0.20451 0.042697 0.18195999999999996 0.049438
6 0.44089999999999996 0.0404495 0.27838 0.044943000000000004
6 0.9642299999999999 0.602245 0.06842000000000004 0.05842999999999998
7 0.370915 0.151685 0.01710999999999996 0.08314999999999999
7 0.35458500000000004 0.14944000000000002 0.015550000000000008 0.08314000000000002
7 0.41291 0.150565 0.020220000000000016 0.08988999999999998
7 0.465785 0.14944 0.01710999999999996 0.08763999999999998
7 0.510885 0.148315 0.01710999999999996 0.08539000000000001
7 0.527995 0.148315 0.01710999999999996 0.08539000000000001
7 0.33515 0.28876 0.020220000000000016 0.08764
7 0.38802499999999995 0.28764 0.013990000000000002 0.08540000000000003
7 0.41291 0.28652 0.020220000000000016 0.08764000000000002
7 0.449455 0.285395 0.018669999999999964 0.08539
7 0.49145 0.28427 0.01866000000000001 0.08764
7 0.546655 0.28202 0.013989999999999947 0.08764000000000002
7 0.33359 0.41910000000000003 0.020220000000000016 0.08764
7 0.391135 0.41685 0.01089000000000001 0.08764000000000005
7 0.41213 0.41910000000000003 0.01866000000000001 0.08764
7 0.46889499999999995 0.417975 0.013990000000000002 0.08539000000000002
4 0.74417 0.5427 0.05132000000000003 0.024719999999999964
4 0.80871 0.539325 0.05287999999999993 0.0224700000000001
4 0.87247 0.535955 0.05288000000000004 0.02471000000000001
4 0.74417 0.6842699999999999 0.05132000000000003 0.024719999999999964
4 0.8056 0.6842699999999999 0.05288000000000004 0.024719999999999964
4 0.874805 0.685395 0.05132999999999999 0.02246999999999999
9 0.202955 0.07977500000000001 0.17884999999999995 0.033708
9 0.44167999999999996 0.077528 0.2675 0.02921399999999999
9 0.808705 0.24494 0.2115100000000001 0.031460000000000016
9 0.8063750000000001 0.633705 0.21306999999999998 0.02246999999999999
9 0.809485 0.782025 0.21306999999999998 0.02246999999999999
11 0.202955 0.38202 0.08865 0.044940000000000035
11 0.203735 0.53146 0.15863000000000002 0.04270000000000007
11 0.213065 0.82809 0.15241000000000002 0.03820000000000001
11 0.173405 0.8775299999999999 0.07621 0.05618000000000001
11 0.26205 0.878655 0.057540000000000036 0.05842999999999998
11 0.22472999999999999 0.89101 0.013999999999999985 0.08313999999999999
11 0.43857 0.767415 0.26750000000000007 0.042690000000000006
11 0.37170000000000003 0.86854 0.07153999999999999 0.12359999999999993
11 0.31726 0.8707849999999999 0.01866000000000001 0.042690000000000006
11 0.41835 0.876405 0.01866000000000001 0.05393000000000003
11 0.473565 0.876405 0.017110000000000014 0.05393000000000003
11 0.52644 0.858425 0.06997999999999999 0.10786999999999991
11 0.573095 0.86854 0.01710999999999996 0.04269999999999996
11 0.636855 0.8011250000000001 0.10109000000000001 0.03371000000000002
11 0.651635 0.8303400000000001 0.037329999999999974 0.024719999999999964
3 0.648525 0.902245 0.04354999999999998 0.11460999999999999
11 0.835145 0.88652 0.055989999999999984 0.05618000000000001
11 0.742615 0.8853949999999999 0.05442999999999998 0.05392999999999992
11 0.96034 0.874155 0.06998000000000004 0.10787000000000002
11 0.977445 0.7516849999999999 0.04198999999999997 0.038209999999999966
7 0.49067 0.41685 0.017100000000000004 0.08764000000000005
7 0.54899 0.41685 0.015560000000000018 0.08764000000000005
7 0.35692 0.55955 0.017100000000000004 0.08539999999999992
7 0.37324999999999997 0.55955 0.015559999999999963 0.08539999999999992
7 0.43545500000000004 0.560675 0.015550000000000008 0.08314999999999995
7 0.452565 0.560675 0.015550000000000008 0.08314999999999995
7 0.492225 0.5573049999999999 0.02021000000000006 0.08538999999999997
7 0.548215 0.55618 0.01710999999999996 0.08763999999999994
7 0.445565 0.7 0.02955000000000002 0.07416
7 0.61975 0.723595 0.017100000000000004 0.08539000000000008
7 0.647745 0.72247 0.01710999999999996 0.0831400000000001
7 0.676515 0.72247 0.015549999999999953 0.0831400000000001
7 0.768275 0.29888000000000003 0.015550000000000064 0.08090000000000003
7 0.7869349999999999 0.297755 0.015550000000000064 0.07865
7 0.8195950000000001 0.29888000000000003 0.015550000000000064 0.08090000000000003
7 0.866255 0.29888000000000003 0.015549999999999953 0.08090000000000003
7 0.881805 0.29663 0.015550000000000064 0.08089999999999997
7 0.752725 0.43820000000000003 0.015549999999999953 0.08090000000000003
7 0.73717 0.43820000000000003 0.015560000000000018 0.08090000000000003
7 0.783825 0.44045 0.015549999999999953 0.08089999999999997
7 0.833595 0.43820000000000003 0.015549999999999953 0.08090000000000003
7 0.849145 0.43820000000000003 0.015550000000000064 0.08090000000000003
7 0.898915 0.437075 0.015549999999999953 0.07865
7 0.736395 0.59101 0.01710999999999996 0.08089999999999997
7 0.76905 0.59101 0.017100000000000004 0.08089999999999997
7 0.7861549999999999 0.59101 0.01711000000000007 0.08089999999999997
7 0.851475 0.59101 0.01710999999999996 0.08089999999999997
7 0.896575 0.589885 0.01710999999999996 0.07865
7 0.719285 0.7359549999999999 0.01711000000000007 0.07865
7 0.770605 0.73708 0.01710999999999996 0.08090000000000008
7 0.784605 0.738205 0.01710999999999996 0.07865000000000011
7 0.849925 0.7359549999999999 0.01711000000000007 0.07865
7 0.896575 0.7359549999999999 0.01710999999999996 0.07865
7 0.15007500000000001 0.142695 0.02332999999999999 0.06066999999999999
7 0.20529 0.144945 0.024880000000000013 0.06516999999999999
7 0.15241 0.451685 0.024879999999999985 0.07191000000000003
7 0.2084 0.451685 0.024880000000000013 0.07191000000000003
7 0.26205 0.451685 0.02644000000000002 0.07191000000000003
