1 0.55908 0.644875 0.88184 0.70513
2 0.58936 0.85192 0.0283199999999999 0.07308000000000003
2 0.50928 0.852565 0.028320000000000012 0.07179000000000002
2 0.42871000000000004 0.852565 0.027339999999999975 0.07179000000000002
2 0.42822 0.71346 0.028320000000000012 0.07308000000000003
2 0.589845 0.7141 0.027349999999999985 0.07435999999999998
2 0.510745 0.714745 0.03125 0.07306999999999997
4 0.422365 0.6506400000000001 0.06933 0.03974
4 0.5834950000000001 0.6512800000000001 0.06347000000000003 0.03846000000000005
4 0.845215 0.6525650000000001 0.06542999999999999 0.04103000000000001
4 0.777835 0.65192 0.06542999999999999 0.03974
4 0.713865 0.65192 0.06054999999999999 0.03974
4 0.6499 0.65192 0.06347999999999998 0.03974
2 0.846195 0.853845 0.026370000000000005 0.07179000000000002
2 0.780275 0.853205 0.027350000000000096 0.07306999999999997
2 0.7182599999999999 0.853205 0.028320000000000012 0.07306999999999997
2 0.6557599999999999 0.853205 0.028320000000000012 0.07306999999999997
2 0.84619 0.7153849999999999 0.0283199999999999 0.07435000000000003
2 0.780275 0.714745 0.027350000000000096 0.07306999999999997
2 0.7182599999999999 0.7147399999999999 0.028320000000000012 0.07564000000000004
2 0.6557599999999999 0.71346 0.028320000000000012 0.07308000000000003
2 0.84668 0.5762849999999999 0.02733999999999992 0.07050999999999996
2 0.779785 0.575645 0.028330000000000077 0.06923000000000001
2 0.717775 0.575645 0.027350000000000096 0.06923000000000001
2 0.654785 0.575645 0.028330000000000077 0.06923000000000001
2 0.84668 0.43845999999999996 0.02733999999999992 0.06409999999999999
2 0.780275 0.43845999999999996 0.027350000000000096 0.06409999999999999
2 0.717285 0.43845999999999996 0.028330000000000077 0.06409999999999999
2 0.655275 0.43782 0.027350000000000096 0.06281999999999999
4 0.84668 0.38718 0.056640000000000024 0.028200000000000003
4 0.77881 0.38846 0.05566000000000004 0.03333999999999998
4 0.71582 0.38718 0.056640000000000024 0.028200000000000003
4 0.65283 0.388465 0.057620000000000005 0.030769999999999964
4 0.8457049999999999 0.514745 0.05859000000000003 0.052570000000000006
4 0.77832 0.514745 0.06054000000000004 0.052570000000000006
4 0.715335 0.514745 0.05957000000000001 0.052570000000000006
4 0.6518550000000001 0.5141 0.061529999999999974 0.05127999999999999
4 0.49951 0.49743499999999996 0.08495999999999998 0.06666999999999995
4 0.5859350000000001 0.5141 0.06445000000000001 0.05127999999999999
4 0.42285 0.51282 0.06835999999999998 0.05128000000000005
4 0.5859350000000001 0.387175 0.05859000000000003 0.030769999999999964
4 0.5043949999999999 0.38653499999999996 0.05957000000000001 0.03204999999999997
4 0.42285 0.38717999999999997 0.06054000000000004 0.03333999999999998
2 0.5083 0.575645 0.02636000000000005 0.06923000000000001
2 0.58936 0.575 0.0283199999999999 0.07052000000000003
2 0.427735 0.575645 0.02735000000000004 0.06923000000000001
2 0.58789 0.43845999999999996 0.02734000000000003 0.06409999999999999
2 0.507815 0.43845999999999996 0.025390000000000024 0.06409999999999999
2 0.427735 0.43718 0.02735000000000004 0.06409999999999999
2 0.36133000000000004 0.43718 0.027339999999999975 0.06409999999999999
2 0.296875 0.43845999999999996 0.027349999999999985 0.06409999999999999
2 0.2334 0.43718 0.027340000000000003 0.06409999999999999
2 0.29883 0.57564 0.029299999999999993 0.07435999999999998
2 0.36133 0.575 0.029299999999999993 0.07307999999999992
2 0.36133 0.7141 0.029299999999999993 0.07435999999999998
2 0.29883 0.7141 0.029299999999999993 0.07435999999999998
2 0.362305 0.85449 0.029289999999999983 0.07308000000000003
2 0.936525 0.434615 0.027350000000000096 0.06411
2 0.93555 0.566025 0.02733999999999992 0.0551299999999999
2 0.93506 0.70641 0.02635999999999994 0.06153999999999993
2 0.93506 0.853845 0.02635999999999994 0.07179000000000002
4 0.35547 0.3859 0.06054000000000004 0.03589999999999999
4 0.293945 0.3859 0.06054999999999999 0.03589999999999999
4 0.231445 0.385255 0.06055000000000002 0.034609999999999974
4 0.35498 0.6493599999999999 0.06347999999999998 0.03974
4 0.29053 0.6493599999999999 0.06347999999999998 0.03974
4 0.936525 0.38333 0.06054999999999999 0.03590000000000004
4 0.354495 0.515385 0.06445000000000001 0.06153000000000003
4 0.287595 0.51667 0.06542999999999999 0.06154000000000004
4 0.222165 0.515385 0.06542999999999999 0.06153000000000003
4 0.9355450000000001 0.501285 0.06640999999999997 0.056410000000000016
5 0.294925 0.61795 0.054690000000000016 0.028200000000000003
5 0.358395 0.621795 0.054690000000000016 0.02821000000000007
5 0.421875 0.61795 0.054690000000000016 0.028200000000000003
5 0.8457049999999999 0.6205149999999999 0.054690000000000016 0.028209999999999957
5 0.78076 0.6205149999999999 0.05566000000000004 0.028209999999999957
5 0.71875 0.61859 0.05468000000000006 0.026920000000000055
5 0.65625 0.61795 0.05468000000000006 0.028200000000000003
5 0.59033 0.61795 0.05566000000000004 0.028200000000000003
5 0.84668 0.76154 0.05468000000000006 0.028200000000000003
5 0.77783 0.76282 0.05566000000000004 0.028200000000000003
5 0.717775 0.76154 0.054690000000000016 0.028200000000000003
5 0.65332 0.7621800000000001 0.05468000000000006 0.026919999999999944
5 0.586425 0.76154 0.05567 0.028200000000000003
5 0.357425 0.76282 0.054690000000000016 0.028200000000000003
5 0.423825 0.764105 0.054690000000000016 0.028209999999999957
5 0.42676000000000003 0.901925 0.03906000000000004 0.029490000000000016
5 0.50781 0.901925 0.03906000000000004 0.029490000000000016
5 0.58789 0.90128 0.039059999999999984 0.028200000000000003
5 0.65527 0.903205 0.039059999999999984 0.029490000000000016
5 0.7158199999999999 0.90128 0.039059999999999984 0.028200000000000003
5 0.77881 0.901925 0.03808 0.029490000000000016
5 0.84473 0.903205 0.039059999999999984 0.029490000000000016
5 0.93652 0.90128 0.039059999999999984 0.028200000000000003
6 0.48828000000000005 0.614745 0.06836000000000003 0.06794999999999995
6 0.49756 0.7775650000000001 0.09471999999999997 0.09615000000000007
6 0.936525 0.6224350000000001 0.06445000000000001 0.06795000000000007
6 0.93701 0.77115 0.06933999999999996 0.07563999999999993
8 0.198245 0.351925 0.054690000000000016 0.021789999999999976
8 0.26416 0.351925 0.055660000000000015 0.021789999999999976
8 0.328615 0.35128499999999996 0.053710000000000035 0.020509999999999973
8 0.393555 0.351925 0.05273 0.021789999999999976
8 0.466795 0.352565 0.07030999999999998 0.02306999999999998
8 0.54834 0.352565 0.07128000000000001 0.02306999999999998
8 0.620115 0.35384499999999997 0.052730000000000055 0.020509999999999973
8 0.6855450000000001 0.353205 0.052730000000000055 0.021789999999999976
8 0.7480450000000001 0.354485 0.052730000000000055 0.021789999999999976
8 0.813965 0.353205 0.053710000000000035 0.021789999999999976
8 0.903805 0.34936 0.053710000000000035 0.02180000000000004
8 0.865235 0.354485 0.023430000000000062 0.021789999999999976
8 0.9682649999999999 0.35 0.053710000000000035 0.020520000000000038
9 0.563965 0.3391 0.87011 0.08845999999999998
9 0.5610350000000001 0.47436 0.87597 0.020519999999999983
9 0.558105 0.7833300000000001 0.87793 0.025639999999999996
9 0.55957 0.91795 0.87696 0.010260000000000047
10 0.47802999999999995 0.5570550000000001 0.006840000000000013 0.05513000000000001
10 0.52051 0.5615399999999999 0.005859999999999976 0.06409999999999993
10 0.47558500000000004 0.7 0.007810000000000039 0.06409999999999993
10 0.460935 0.69872 0.007809999999999984 0.06410000000000005
10 0.5209950000000001 0.701925 0.006830000000000003 0.06794999999999995
10 0.5356449999999999 0.703205 0.006830000000000003 0.06794999999999995
10 0.5668949999999999 0.7109 0.006830000000000003 0.06538
10 0.6098650000000001 0.7115400000000001 0.006830000000000003 0.06409999999999993
10 0.6333 0.7109 0.006839999999999957 0.06538
10 0.6762699999999999 0.7109 0.006840000000000068 0.06538
10 0.6953149999999999 0.7115400000000001 0.007809999999999984 0.06409999999999993
10 0.7387699999999999 0.7109 0.006840000000000068 0.06538
10 0.447755 0.7109 0.006830000000000003 0.06538
10 0.404295 0.7115400000000001 0.007809999999999984 0.06409999999999993
10 0.38134999999999997 0.7109 0.006840000000000013 0.06538
10 0.33740000000000003 0.71218 0.006840000000000013 0.06538
10 0.31787 0.71218 0.006840000000000013 0.06538
10 0.7583 0.71218 0.006839999999999957 0.06538
10 0.800295 0.71218 0.006830000000000003 0.06538
10 0.8242149999999999 0.71218 0.007809999999999984 0.06538
10 0.8667 0.71218 0.006839999999999957 0.06538
10 0.913575 0.70513 0.006830000000000003 0.06154000000000004
10 0.9575199999999999 0.70641 0.006840000000000068 0.06153999999999993
10 0.91406 0.564745 0.005859999999999976 0.05513000000000001
10 0.95703 0.564745 0.005860000000000087 0.052570000000000006
10 0.336425 0.759615 0.010749999999999982 0.029490000000000016
10 0.31787 0.759615 0.010740000000000027 0.029490000000000016
10 0.38086 0.758335 0.011720000000000008 0.029490000000000016
10 0.40381 0.759615 0.010739999999999972 0.029490000000000016
10 0.5668949999999999 0.758335 0.010749999999999926 0.029490000000000016
10 0.609375 0.758335 0.01171000000000011 0.029490000000000016
10 0.632325 0.758335 0.010750000000000037 0.029490000000000016
10 0.67627 0.758335 0.010739999999999972 0.029490000000000016
10 0.694825 0.758335 0.010750000000000037 0.029490000000000016
10 0.73877 0.758335 0.010739999999999972 0.029490000000000016
10 0.7583 0.759615 0.010739999999999972 0.029490000000000016
10 0.80029 0.759615 0.010740000000000083 0.029490000000000016
10 0.82373 0.758335 0.010739999999999972 0.029490000000000016
10 0.8667 0.758335 0.010739999999999972 0.029490000000000016
10 0.54346 0.71218 0.006840000000000068 0.06538
10 0.544925 0.7455149999999999 0.007810000000000095 0.00385000000000002
10 0.535155 0.7378199999999999 0.009769999999999945 0.0012800000000000589
8 0.541015 0.56795 0.02149000000000001 0.07179999999999997
8 0.46679499999999996 0.558975 0.013670000000000015 0.05129000000000006
10 0.31640500000000005 0.67372 0.013670000000000015 0.008979999999999988
10 0.33691499999999996 0.675 0.013670000000000015 0.008979999999999988
10 0.38086 0.67372 0.01367999999999997 0.008979999999999988
10 0.40380499999999997 0.675 0.014649999999999996 0.008979999999999988
10 0.44628500000000004 0.67372 0.013670000000000015 0.008979999999999988
10 0.458985 0.66218 0.013670000000000015 0.008979999999999988
10 0.47509999999999997 0.6634599999999999 0.012699999999999989 0.008980000000000099
10 0.5200199999999999 0.6634599999999999 0.012700000000000045 0.008980000000000099
10 0.535155 0.6647449999999999 0.01366999999999996 0.008970000000000034
10 0.544435 0.6743600000000001 0.008790000000000076 0.007699999999999929
10 0.56592 0.67372 0.012699999999999934 0.008979999999999988
10 0.609865 0.6743600000000001 0.01269000000000009 0.010260000000000047
10 0.632325 0.6743600000000001 0.012689999999999979 0.010260000000000047
10 0.674315 0.67372 0.01269000000000009 0.008979999999999988
10 0.695315 0.67372 0.013670000000000071 0.008979999999999988
10 0.7387699999999999 0.675 0.012700000000000045 0.008979999999999988
10 0.7583 0.675 0.012700000000000045 0.008979999999999988
10 0.800295 0.675 0.012689999999999979 0.008979999999999988
10 0.8237300000000001 0.675 0.012700000000000045 0.008979999999999988
10 0.8657250000000001 0.67372 0.012689999999999979 0.008979999999999988
10 0.958495 0.66987 0.010750000000000037 0.011539999999999995
10 0.913575 0.66859 0.010750000000000037 0.011539999999999995
10 0.95557 0.53205 0.010739999999999972 0.010259999999999936
10 0.91455 0.53205 0.010739999999999972 0.010259999999999936
