1 0.5020910000000001 0.50274225 0.878658 0.9945155
2 0.6945600000000001 0.33638 0.12551999999999996 0.14626
2 0.68724 0.636195 0.11924000000000001 0.15356999999999998
2 0.304395 0.52742 0.14435 0.15173999999999999
2 0.49685999999999997 0.0639865 0.13598 0.095067
5 0.688285 0.41408 0.15898999999999996 0.02742
5 0.688285 0.72669 0.15898999999999996 0.02742
7 0.59519 0.330895 0.06903999999999999 0.14991
7 0.7855650000000001 0.332725 0.06903000000000004 0.14991
7 0.78661 0.6362000000000001 0.06694 0.16088000000000002
7 0.59205 0.6362000000000001 0.06694 0.16088000000000002
7 0.41422499999999995 0.52834 0.06695000000000001 0.16087999999999997
7 0.19037500000000002 0.52651 0.06694999999999998 0.16087999999999997
7 0.599375 0.0630735 0.06485000000000007 0.100553
7 0.391215 0.06124449999999999 0.06695000000000001 0.100551
9 0.502094 0.170935 0.866112 0.09688999999999999
3 0.68201 0.9277850000000001 0.25103999999999993 0.13710999999999995
