1 0.510252 0.50279175 0.971676 0.9916365
2 0.141115 0.26918 0.04395000000000002 0.10042000000000001
2 0.28564 0.273365 0.03417999999999999 0.09763000000000002
2 0.35058500000000004 0.27127 0.03321000000000002 0.10460000000000003
2 0.416015 0.27336 0.03514999999999996 0.10042000000000004
2 0.48096 0.27336 0.03417999999999999 0.10042000000000004
2 0.567385 0.271965 0.04100999999999999 0.09763000000000002
2 0.646485 0.273365 0.04100999999999999 0.09763000000000002
2 0.7255849999999999 0.272665 0.042970000000000064 0.09623000000000001
2 0.813475 0.27197000000000005 0.035149999999999904 0.10042000000000001
2 0.878905 0.271965 0.03321000000000007 0.09763000000000002
2 0.9438500000000001 0.27127 0.03417999999999999 0.09902
2 0.141605 0.47070999999999996 0.04297000000000001 0.10181999999999997
2 0.28564 0.475595 0.03417999999999999 0.09763000000000005
2 0.35107 0.474195 0.03417999999999999 0.09763
2 0.41553 0.474195 0.03417999999999999 0.09763
2 0.48047 0.474195 0.03320000000000001 0.09763
2 0.567385 0.4728 0.04296999999999995 0.10041999999999995
2 0.647465 0.4728 0.042970000000000064 0.10041999999999995
2 0.726075 0.472105 0.04198999999999997 0.09902999999999995
2 0.8129900000000001 0.4742 0.03417999999999999 0.10042000000000006
2 0.87988 0.4735 0.03516000000000008 0.09902
2 0.944335 0.4735 0.03320999999999996 0.09902
2 0.141605 0.672245 0.04297000000000001 0.10321000000000002
2 0.28662 0.672245 0.03417999999999999 0.10599000000000003
2 0.35205 0.672245 0.034180000000000044 0.10321000000000002
2 0.416015 0.67155 0.03514999999999996 0.10460000000000003
2 0.48192999999999997 0.67155 0.034180000000000044 0.10460000000000003
2 0.56836 0.675035 0.04296 0.10320999999999991
2 0.6474599999999999 0.6743349999999999 0.039059999999999984 0.10738999999999999
2 0.72656 0.672245 0.041020000000000056 0.10321000000000002
2 0.81543 0.6715450000000001 0.03516000000000008 0.10181000000000007
2 0.8828100000000001 0.672245 0.03320000000000001 0.10321000000000002
2 0.140625 0.870295 0.04100999999999999 0.10321000000000002
2 0.28564 0.87657 0.03417999999999999 0.10182000000000002
2 0.35107 0.8758699999999999 0.03417999999999999 0.10042000000000006
2 0.416015 0.875875 0.03321000000000002 0.10321000000000002
2 0.481445 0.875175 0.03321000000000002 0.10181000000000007
2 0.569335 0.885635 0.027349999999999985 0.08368999999999993
2 0.728515 0.884935 0.029290000000000038 0.08228999999999997
2 0.813965 0.8758699999999999 0.036129999999999995 0.10042000000000006
3 0.65039 0.9128350000000001 0.056640000000000024 0.16038999999999992
4 0.14307 0.5864750000000001 0.0791 0.05996999999999997
4 0.288085 0.59205 0.06445000000000001 0.06276000000000004
4 0.35547 0.59275 0.0625 0.06416
4 0.418945 0.593445 0.06054999999999999 0.06276999999999999
4 0.48291000000000006 0.59414 0.06348000000000004 0.06416
4 0.8203149999999999 0.59205 0.06445000000000001 0.06276000000000004
4 0.8876999999999999 0.59135 0.06836000000000009 0.06416
5 0.28662 0.73013 0.05565999999999999 0.02091999999999994
5 0.351565 0.73013 0.058589999999999975 0.02091999999999994
5 0.416505 0.728735 0.05957000000000001 0.01812999999999998
5 0.48290999999999995 0.73082 0.061519999999999964 0.016739999999999977
5 0.88086 0.728735 0.05274000000000001 0.01812999999999998
5 0.81934 0.728735 0.0625 0.01812999999999998
5 0.28662 0.938635 0.04199999999999998 0.025109999999999966
5 0.35156 0.93794 0.04687999999999998 0.026499999999999968
5 0.416505 0.93933 0.04394999999999999 0.02092000000000005
5 0.48241999999999996 0.937935 0.044920000000000015 0.02371000000000001
5 0.5708 0.935145 0.04200000000000004 0.023709999999999898
5 0.732425 0.9372400000000001 0.04296999999999995 0.022320000000000007
5 0.8154300000000001 0.936545 0.04296 0.02371000000000001
5 0.1416 0.935845 0.050780000000000006 0.030689999999999995
6 0.14209 0.741285 0.06738 0.040449999999999986
6 0.5717749999999999 0.7398899999999999 0.043950000000000045 0.037659999999999916
6 0.730955 0.738495 0.04198999999999997 0.03764999999999996
8 0.212895 0.9037649999999999 0.025390000000000024 0.05020999999999998
5 0.57129 0.53696 0.056640000000000024 0.03625999999999996
5 0.64941 0.538355 0.056640000000000024 0.036270000000000024
5 0.7280249999999999 0.53626 0.053710000000000035 0.03766000000000003
8 0.569825 0.585775 0.053710000000000035 0.07252999999999998
8 0.64795 0.58438 0.057620000000000005 0.07251999999999992
8 0.728515 0.58717 0.05859000000000003 0.07809999999999995
8 0.65039 0.39191 0.26758000000000004 0.04741999999999996
8 0.6494150000000001 0.10111700000000001 0.054690000000000016 0.051606
9 0.5122045 0.1471415 0.950191 0.138077
9 0.5126945 0.37727 0.951171 0.12134
9 0.515138 0.77197 0.9541040000000001 0.05718000000000001
10 0.19286999999999999 0.266385 0.024420000000000025 0.09205000000000002
10 0.09082100000000001 0.263595 0.023438 0.09204999999999999
10 0.19335999999999998 0.57601 0.027340000000000003 0.26499999999999996
10 0.08984249999999999 0.575315 0.029295 0.26638999999999996
10 0.530765 0.5732200000000001 0.026370000000000005 0.25942000000000004
10 0.61084 0.573915 0.028320000000000012 0.26080999999999993
10 0.6904300000000001 0.5732200000000001 0.029299999999999993 0.25942000000000004
10 0.7700199999999999 0.574615 0.02636000000000005 0.26221
10 0.7700199999999999 0.27127 0.020500000000000074 0.09902
10 0.68799 0.27127 0.022459999999999924 0.10182000000000002
10 0.608395 0.27127 0.019530000000000047 0.10460000000000003
10 0.529295 0.270575 0.02149000000000001 0.10321000000000002
10 0.769045 0.20711000000000002 0.026370000000000005 0.03766
10 0.689455 0.20501999999999998 0.025390000000000024 0.030680000000000013
10 0.609865 0.203625 0.026370000000000005 0.030689999999999995
10 0.5317400000000001 0.20501999999999998 0.024419999999999997 0.030680000000000013
10 0.531735 0.43096 0.03222999999999998 0.02510000000000001
10 0.6113299999999999 0.43096500000000004 0.029299999999999993 0.027890000000000026
10 0.690915 0.431655 0.030269999999999908 0.02371000000000001
10 0.770995 0.429565 0.03027000000000002 0.027890000000000026
10 0.090331 0.428175 0.034178 0.027890000000000026
10 0.19385 0.42957 0.03417999999999999 0.03068000000000004
10 0.19238 0.20293 0.027340000000000003 0.03486
10 0.090331 0.20014 0.028317999999999996 0.03486
10 0.090821 0.313805 0.02929799999999999 0.008369999999999989
10 0.19335999999999998 0.3159 0.027340000000000003 0.006979999999999986
10 0.090331 0.732915 0.034178 0.04881000000000002
10 0.194825 0.7336149999999999 0.036129999999999995 0.05020999999999998
10 0.532715 0.730125 0.03223000000000009 0.05438999999999994
10 0.611815 0.73082 0.03222999999999998 0.05300000000000005
10 0.690915 0.71269 0.03223000000000009 0.019519999999999982
10 0.77344 0.73152 0.041020000000000056 0.05159999999999998
11 0.69922 0.90307 0.011720000000000064 0.01534000000000002
11 0.70166 0.9288700000000001 0.020500000000000074 0.022320000000000007
11 0.072266 0.90307 0.013672000000000004 0.04044000000000003
