1 0.5235805 0.5019930499999999 0.9472989999999999 0.9920338999999999
2 0.377255 0.1195205 0.04993000000000003 0.099599
2 0.255205 0.12450349999999999 0.049929999999999974 0.09761299999999999
2 0.133145 0.1294805 0.04993 0.099599
2 0.13176500000000002 0.30677 0.04993 0.09960000000000002
2 0.252425 0.30279 0.04993000000000003 0.09960000000000002
2 0.375865 0.299805 0.04993000000000003 0.09760999999999997
2 0.13037500000000002 0.49502 0.04993 0.09759999999999996
2 0.253815 0.49402 0.049929999999999974 0.09959999999999997
2 0.377255 0.491035 0.04993000000000003 0.10159000000000001
2 0.13037500000000002 0.681275 0.04993 0.09960999999999998
2 0.255205 0.68327 0.049929999999999974 0.09960000000000002
2 0.380025 0.68327 0.04993000000000003 0.09960000000000002
2 0.7579750000000001 0.1155365 0.04854999999999998 0.107567
2 0.87448 0.1185235 0.04854000000000003 0.10557299999999999
2 0.760055 0.30279 0.04993000000000003 0.09562000000000004
2 0.8800250000000001 0.30378499999999997 0.04576999999999998 0.08964999999999995
2 0.762135 0.48306499999999997 0.05130999999999997 0.10159000000000001
2 0.8814150000000001 0.48506 0.05131000000000008 0.10160000000000002
2 0.761445 0.673305 0.04993000000000003 0.10358999999999996
2 0.8814150000000001 0.67032 0.05131000000000008 0.10160000000000002
2 0.8828 0.853585 0.05132000000000003 0.10957000000000006
2 0.588075 0.1115515 0.030510000000000037 0.09959699999999999
2 0.546465 0.1115535 0.030510000000000037 0.091633
2 0.546465 0.29283000000000003 0.030510000000000037 0.09164
2 0.5908450000000001 0.29481999999999997 0.030509999999999926 0.09164
2 0.5485450000000001 0.486055 0.03467000000000009 0.10359000000000007
2 0.59362 0.48406 0.033279999999999976 0.09960000000000002
3 0.76352 0.8874500000000001 0.04854000000000003 0.15337999999999996
3 0.253815 0.9243 0.049929999999999974 0.13944
5 0.13315 0.18227 0.07490000000000001 0.021920000000000023
5 0.253815 0.17729 0.07489000000000001 0.023900000000000005
5 0.37656 0.17231 0.07350000000000001 0.021919999999999995
5 0.13315 0.363545 0.07490000000000001 0.021909999999999985
5 0.253815 0.36056 0.07489000000000001 0.023900000000000032
5 0.37864 0.35757 0.07490000000000002 0.02192000000000005
5 0.1317615 0.5507949999999999 0.074897 0.021909999999999985
5 0.25312500000000004 0.548805 0.07351000000000002 0.021909999999999985
5 0.377255 0.546815 0.07489000000000001 0.021909999999999985
5 0.132455 0.7380450000000001 0.07351 0.021909999999999985
5 0.253815 0.739045 0.07489000000000001 0.023909999999999987
5 0.380725 0.74004 0.07351000000000002 0.02192000000000005
5 0.7600549999999999 0.17629499999999998 0.07489000000000001 0.021910000000000013
5 0.878645 0.178285 0.07350999999999996 0.021909999999999985
5 0.760745 0.351595 0.07350999999999996 0.021909999999999985
5 0.8828050000000001 0.351595 0.07351000000000008 0.021909999999999985
5 0.7656050000000001 0.538845 0.07489000000000001 0.021909999999999985
5 0.8834949999999999 0.540835 0.07489000000000001 0.021909999999999985
5 0.763525 0.7300800000000001 0.07350999999999996 0.02192000000000005
5 0.8834949999999999 0.7280850000000001 0.07489000000000001 0.021909999999999985
5 0.88072 0.91235 0.07490000000000008 0.023900000000000032
5 0.569345 0.17231000000000002 0.10125000000000006 0.041840000000000016
5 0.5742 0.35857 0.09985999999999995 0.03983999999999999
5 0.576975 0.5498000000000001 0.10819000000000001 0.03983999999999999
4 0.572125 0.415335 0.10956999999999995 0.037849999999999995
4 0.569345 0.228085 0.10956999999999995 0.037849999999999995
7 0.122055 0.1294825 0.022189999999999988 0.09163500000000001
7 0.14563500000000001 0.1294825 0.022190000000000015 0.09163500000000001
7 0.242715 0.12449949999999999 0.022189999999999988 0.093621
7 0.26699 0.12549549999999998 0.02080000000000004 0.09162899999999999
7 0.334955 0.1195205 0.026349999999999985 0.099599
7 0.420945 0.11553849999999999 0.026349999999999985 0.09960299999999998
7 0.51318 0.1115515 0.027740000000000042 0.09959699999999999
7 0.6262099999999999 0.1115515 0.03189999999999993 0.09959699999999999
7 0.5145649999999999 0.29481999999999997 0.033289999999999986 0.10357999999999998
7 0.628295 0.29481999999999997 0.03328999999999993 0.10357999999999998
7 0.86616 0.11752850000000001 0.023580000000000045 0.103583
7 0.8883449999999999 0.11752850000000001 0.0180300000000001 0.103583
7 0.769765 0.11752950000000001 0.022190000000000043 0.09960100000000001
7 0.74688 0.11653350000000001 0.02079999999999993 0.101593
7 0.954925 0.11653350000000001 0.020809999999999995 0.101593
7 0.72261 0.301795 0.027739999999999987 0.09362999999999999
7 0.8002800000000001 0.29979999999999996 0.027739999999999987 0.09361999999999998
7 0.84258 0.300795 0.02635999999999994 0.09162999999999999
7 0.917475 0.300795 0.026349999999999985 0.09162999999999999
7 0.72122 0.48506000000000005 0.027739999999999987 0.10558000000000006
7 0.80513 0.48307 0.029120000000000035 0.10558000000000001
7 0.84258 0.48307 0.029120000000000035 0.10558000000000001
7 0.923025 0.48307 0.02912999999999999 0.10558000000000001
7 0.72122 0.676295 0.027739999999999987 0.10556999999999994
7 0.80652 0.67231 0.029120000000000035 0.10558000000000001
7 0.8411949999999999 0.67032 0.02912999999999999 0.10558000000000001
7 0.9237200000000001 0.67032 0.027739999999999987 0.10558000000000001
7 0.63176 0.48307 0.034680000000000044 0.10558000000000001
7 0.51595 0.48506000000000005 0.036060000000000036 0.10558000000000006
7 0.41817000000000004 0.2998 0.02911999999999998 0.10558000000000001
7 0.337725 0.30278499999999997 0.02912999999999999 0.10757
7 0.29264999999999997 0.30278499999999997 0.027740000000000042 0.10757
7 0.171985 0.30478 0.024969999999999992 0.10358
7 0.120665 0.30677 0.024969999999999992 0.09561999999999998
7 0.24272 0.30279 0.024959999999999982 0.09562000000000004
7 0.171985 0.49202999999999997 0.024969999999999992 0.10357999999999995
7 0.090155 0.49800999999999995 0.024969999999999992 0.10357999999999995
7 0.21220499999999998 0.49402500000000005 0.027730000000000005 0.10757
7 0.29403999999999997 0.492035 0.027740000000000042 0.10757
7 0.33703 0.492035 0.027739999999999987 0.10757
7 0.0929285 0.683265 0.027743000000000004 0.10359000000000007
7 0.169905 0.68426 0.02912999999999999 0.10558000000000001
7 0.21359 0.68426 0.027739999999999987 0.10558000000000001
7 0.29542 0.68426 0.027739999999999987 0.10558000000000001
7 0.33703 0.68426 0.027739999999999987 0.10558000000000001
7 0.419555 0.68227 0.02912999999999999 0.10558000000000001
7 0.39043 0.49202999999999997 0.023580000000000045 0.09561999999999998
7 0.9583900000000001 0.301795 0.024959999999999982 0.09362999999999999
9 0.5228875 0.0498005 0.940365 0.071713
9 0.5228875 0.588645 0.940365 0.041830000000000034
10 0.573505 0.70418 0.01802999999999999 0.16534000000000004
10 0.490295 0.70418 0.01802999999999999 0.16534000000000004
10 0.65603 0.701195 0.019419999999999993 0.16335
10 0.5742050000000001 0.8396399999999999 0.024970000000000048 0.1055799999999999
10 0.65742 0.83765 0.024960000000000093 0.10558000000000001
10 0.490985 0.88944 0.024969999999999992 0.20517999999999992
2 0.254505 0.833665 0.034670000000000034 0.02588999999999997
11 0.1366165 0.881475 0.092927 0.11752999999999991
11 0.37864 0.883465 0.09154000000000001 0.11753000000000002
8 0.57559 0.59761 0.21082000000000006 0.04381999999999997
