1 0.496914 0.5116585 0.838272 0.966323
2 0.13457000000000002 0.16969 0.05926000000000001 0.08549999999999999
2 0.132715 0.3614 0.05554999999999999 0.08550000000000002
2 0.132715 0.5505150000000001 0.05554999999999999 0.08548999999999995
2 0.1321 0.7422249999999999 0.05432000000000001 0.08548999999999995
2 0.42346 0.56088 0.054320000000000035 0.08550000000000002
2 0.421605 0.760365 0.058030000000000026 0.08548999999999995
2 0.42778000000000005 0.35880500000000004 0.05556 0.08549000000000001
2 0.42346 0.16450499999999998 0.054320000000000035 0.08549
2 0.5321 0.16969 0.054319999999999924 0.08549999999999999
2 0.5321 0.36658 0.054319999999999924 0.08550000000000002
2 0.53148 0.563475 0.05555999999999994 0.08548999999999995
2 0.5271600000000001 0.7655449999999999 0.054320000000000035 0.08548999999999995
2 0.8537049999999999 0.15673499999999999 0.06297000000000008 0.08549
2 0.8537049999999999 0.36658 0.06297000000000008 0.08550000000000002
2 0.851855 0.576425 0.06172999999999995 0.09067000000000003
2 0.850615 0.781085 0.06173000000000006 0.09067000000000003
2 0.200615 0.168395 0.03827 0.09327
2 0.19814500000000002 0.3614 0.03333 0.08550000000000002
2 0.19938499999999998 0.554405 0.03333 0.08809
2 0.19814500000000002 0.748705 0.03333 0.08809
2 0.35246500000000003 0.16969 0.03826999999999997 0.08549999999999999
2 0.353085 0.36399000000000004 0.04197000000000001 0.08549999999999996
2 0.35185 0.55829 0.04198000000000002 0.08550000000000002
2 0.350615 0.75518 0.03950999999999999 0.09067999999999998
2 0.606175 0.16450499999999998 0.04197000000000006 0.08549
2 0.604325 0.362695 0.038270000000000026 0.09327000000000002
2 0.604325 0.56995 0.038270000000000026 0.09326000000000001
2 0.607405 0.7694300000000001 0.039510000000000045 0.09326000000000001
2 0.778395 0.16061999999999999 0.038269999999999915 0.09326
2 0.774695 0.36528499999999997 0.038270000000000026 0.09327000000000002
2 0.774695 0.57254 0.038270000000000026 0.09326000000000001
2 0.77284 0.77979 0.04198000000000002 0.09326000000000001
2 0.27592500000000003 0.270725 0.07531000000000002 0.11138999999999999
2 0.279015 0.46503000000000005 0.07407 0.1114
2 0.274075 0.65933 0.07407 0.11140000000000005
2 0.69012 0.268135 0.08148 0.12176999999999999
2 0.69012 0.47150499999999995 0.08148 0.11916999999999994
2 0.687655 0.676165 0.08149000000000006 0.11917
2 0.13333 0.91839 0.05431999999999999 0.04403999999999997
2 0.19938 0.9209849999999999 0.0358 0.044050000000000034
2 0.35 0.93394 0.0358 0.04404000000000008
3 0.27037 0.9028499999999999 0.07654000000000002 0.1684
3 0.68642 0.8847149999999999 0.08396000000000003 0.18393000000000004
7 0.42469 0.164505 0.04937999999999998 0.08031
7 0.532095 0.169685 0.05184999999999995 0.08030999999999999
7 0.135185 0.553105 0.04566999999999999 0.08030999999999999
7 0.135185 0.74352 0.04566999999999999 0.07772000000000001
7 0.19938499999999998 0.73575 0.02839 0.05181999999999998
7 0.423455 0.5557000000000001 0.05185000000000001 0.06994
7 0.532095 0.563475 0.05184999999999995 0.08030999999999999
7 0.35185500000000003 0.73705 0.034570000000000045 0.038860000000000006
7 0.42222000000000004 0.75259 0.05431999999999998 0.06475999999999993
7 0.8524700000000001 0.57513 0.05802000000000007 0.08289999999999997
7 0.7740750000000001 0.7784949999999999 0.03703000000000001 0.08548999999999995
