2 0.5878950000000001 0.57715 0.055990000000000095 0.07812000000000008
2 0.47526 0.5625 0.05729999999999996 0.09959999999999991
2 0.38932 0.584475 0.052080000000000015 0.09277000000000002
3 0.33854 0.90332 0.09114 0.13476
2 0.37239500000000003 0.765625 0.02865000000000001 0.0703100000000001
2 0.30404 0.764645 0.02474000000000004 0.07030999999999998
2 0.33789 0.74951 0.027339999999999975 0.06933999999999996
2 0.48697999999999997 0.75586 0.054680000000000006 0.08594000000000002
2 0.58073 0.75488 0.052080000000000015 0.0859399999999999
2 0.80534 0.7539100000000001 0.053380000000000094 0.08594000000000002
2 0.746745 0.7543949999999999 0.055989999999999984 0.08690999999999993
2 0.5794250000000001 0.3833 0.06771000000000005 0.10058
2 0.476565 0.383785 0.06770999999999999 0.09960999999999998
2 0.373045 0.384765 0.06901000000000002 0.10157
1 0.48633 0.49072328 0.84766 0.9794934399999999
2 0.776045 0.58545 0.11979000000000006 0.09277999999999997
2 0.197265 0.588865 0.11588999999999999 0.08789000000000002
2 0.19987 0.41015999999999997 0.11328000000000002 0.06836000000000003
2 0.77474 0.40723 0.11458000000000002 0.06836000000000003
2 0.7734399999999999 0.256345 0.11458000000000002 0.08691000000000002
2 0.197915 0.260255 0.11459 0.08690999999999999
2 0.578125 0.21094 0.0703100000000001 0.08983999999999998
2 0.37435 0.21728999999999998 0.07162000000000002 0.09081999999999998
2 0.16926999999999998 0.111818 0.04166 0.07910400000000001
2 0.23828 0.111818 0.04166 0.07910400000000001
2 0.7356750000000001 0.105958 0.041669999999999985 0.079104
2 0.8072900000000001 0.105958 0.04165999999999992 0.079104
2 0.375 0.073242 0.04688000000000003 0.048828
2 0.577475 0.0703125 0.04557 0.048829000000000004
2 0.171875 0.75586 0.10157 0.08984000000000003
2 0.166665 0.9008799999999999 0.10676999999999999 0.09472000000000003
2 0.47721500000000006 0.20849499999999999 0.05599000000000004 0.09472999999999998
2 0.47656 0.06543 0.08854000000000001 0.0625
6 0.1848935 0.32031 0.210933 0.13672
6 0.777995 0.31738 0.19660999999999995 0.13672000000000004
6 0.7864599999999999 0.485355 0.18489999999999995 0.09960999999999998
6 0.1855475 0.489745 0.20182499999999998 0.10644999999999993
6 0.781905 0.6508799999999999 0.18098999999999998 0.09277999999999997
6 0.483725 0.11132800000000001 0.27995000000000003 0.027343999999999993
6 0.47461 0.27685499999999996 0.30078 0.03809000000000001
6 0.47461 0.450685 0.30078 0.03808999999999996
6 0.58268 0.633785 0.10026000000000002 0.03125
6 0.47656 0.63086 0.08594000000000007 0.03320000000000001
4 0.47265499999999994 0.503905 0.07290999999999997 0.02342999999999995
8 0.477865 0.32861 0.32813 0.057620000000000005
8 0.47591 0.15869 0.08984000000000003 0.04980000000000001
8 0.5794250000000001 0.136715 0.09114999999999995 0.019529999999999992
8 0.373695 0.141115 0.09114999999999995 0.02051
8 0.1861975 0.16162500000000002 0.229165 0.02051
8 0.7792950000000001 0.15722999999999998 0.24088999999999994 0.02343999999999999
8 0.19661499999999998 0.035156 0.05209 0.027344000000000004
8 0.15169 0.358395 0.03775999999999999 0.025389999999999968
8 0.20182 0.357425 0.03645999999999999 0.025390000000000024
8 0.24479 0.357425 0.036459999999999965 0.025390000000000024
8 0.82422 0.35448999999999997 0.04165999999999992 0.027339999999999975
8 0.774085 0.353025 0.04296999999999995 0.026370000000000005
8 0.7265649999999999 0.354005 0.041669999999999985 0.026370000000000005
8 0.26953 0.75195 0.039059999999999984 0.1015600000000001
8 0.408205 0.75 0.04037000000000002 0.1015600000000001
8 0.33724 0.8168949999999999 0.15104 0.06933
5 0.778645 0.816895 0.15364999999999995 0.04198999999999997
6 0.16927 0.825195 0.125 0.052729999999999944
9 0.4882835 0.171385 0.8307329999999999 0.06543000000000002
9 0.48958450000000003 0.640135 0.830731 0.024410000000000043
10 0.26888 0.92529 0.011720000000000008 0.06934000000000007
10 0.40104 0.923825 0.013020000000000032 0.0703100000000001
10 0.39192499999999997 0.92383 0.005209999999999992 0.06835999999999998
10 0.280595 0.9248000000000001 0.006510000000000016 0.06836000000000009
10 0.26822999999999997 0.969725 0.015620000000000023 0.019529999999999936
10 0.28125 0.96875 0.00782000000000005 0.01953999999999989
10 0.40104 0.967285 0.015619999999999967 0.016609999999999903
10 0.389975 0.9668 0.006510000000000016 0.01757999999999993
10 0.26888 0.88525 0.01691999999999999 0.010739999999999972
10 0.2832 0.88525 0.011720000000000008 0.010739999999999972
10 0.40104 0.88379 0.015619999999999967 0.009759999999999991
10 0.38932500000000003 0.88428 0.007810000000000039 0.010740000000000083
10 0.374345 0.41015500000000005 0.006510000000000016 0.039069999999999994
10 0.475915 0.41015500000000005 0.00650999999999996 0.039069999999999994
10 0.578775 0.40918 0.006510000000000016 0.039059999999999984
10 0.375 0.43262 0.010419999999999985 0.005859999999999976
10 0.47656 0.43066499999999996 0.010419999999999985 0.003910000000000025
10 0.58073 0.43066499999999996 0.010419999999999985 0.003910000000000025
10 0.37370000000000003 0.387205 0.01042000000000004 0.00879000000000002
10 0.47656 0.38671500000000003 0.010419999999999985 0.007810000000000039
10 0.57943 0.385745 0.010420000000000096 0.007809999999999984
10 0.527345 0.40137 0.01823000000000008 0.0625
10 0.63151 0.40039 0.018220000000000014 0.0625
10 0.423825 0.40234 0.01693 0.0625
10 0.31836 0.40332 0.01691999999999999 0.0625
10 0.31966 0.36816499999999996 0.02214000000000005 0.007810000000000039
10 0.423825 0.367675 0.019529999999999992 0.006830000000000003
10 0.632165 0.36621000000000004 0.019530000000000047 0.005860000000000032
10 0.527345 0.36719 0.020830000000000015 0.005860000000000032
10 0.436195 0.40332 0.005210000000000048 0.044920000000000015
10 0.41276 0.40332 0.005199999999999982 0.044920000000000015
10 0.5143249999999999 0.40234000000000003 0.005210000000000048 0.044920000000000015
10 0.539065 0.40234000000000003 0.005209999999999937 0.044920000000000015
10 0.61849 0.40185499999999996 0.005199999999999982 0.04394999999999999
10 0.332685 0.40332 0.006510000000000016 0.044920000000000015
10 0.333335 0.43115499999999995 0.007809999999999984 0.00879000000000002
10 0.411455 0.429195 0.007809999999999984 0.008789999999999965
10 0.436845 0.430175 0.006510000000000016 0.00879000000000002
10 0.513675 0.429195 0.006510000000000016 0.008789999999999965
10 0.541015 0.429195 0.006510000000000016 0.008789999999999965
10 0.617835 0.42871 0.006510000000000016 0.009759999999999991
10 0.61784 0.37549 0.009119999999999906 0.006840000000000013
10 0.540365 0.375975 0.007809999999999984 0.007809999999999984
10 0.5143249999999999 0.375975 0.007809999999999984 0.007809999999999984
10 0.436195 0.375975 0.007809999999999984 0.007809999999999984
10 0.411455 0.376465 0.007809999999999984 0.006830000000000003
10 0.333335 0.376955 0.007809999999999984 0.007809999999999984
10 0.44010499999999997 0.22705 0.010409999999999975 0.04980000000000001
10 0.51237 0.22607499999999997 0.009120000000000017 0.04980999999999999
10 0.5136700000000001 0.25390999999999997 0.011720000000000064 0.005860000000000032
10 0.43945 0.254395 0.011720000000000008 0.006830000000000003
10 0.43879999999999997 0.19335999999999998 0.013019999999999976 0.015619999999999995
10 0.5136700000000001 0.193845 0.01432 0.014649999999999996
11 0.534505 0.9082049999999999 0.15234999999999999 0.12304999999999999
11 0.777345 0.910155 0.11719000000000002 0.11719000000000002
