4 0.18098999999999998 0.575685 0.08593999999999999 0.018550000000000066
4 0.297525 0.5800799999999999 0.06901000000000002 0.023440000000000016
4 0.40104 0.579105 0.09114 0.019530000000000047
4 0.5052099999999999 0.5800799999999999 0.07291999999999998 0.023440000000000016
4 0.627605 0.577635 0.09375 0.020510000000000028
2 0.60547 0.68457 0.02084000000000008 0.013679999999999914
2 0.63281 0.68457 0.026040000000000063 0.013679999999999914
2 0.63281 0.708985 0.026040000000000063 0.029290000000000038
2 0.60547 0.708985 0.02084000000000008 0.029290000000000038
2 0.6171899999999999 0.7900400000000001 0.052080000000000015 0.050779999999999936
2 0.43099 0.87793 0.03645999999999999 0.03516000000000008
2 0.177735 0.78955 0.05338999999999999 0.049799999999999955
2 0.16405999999999998 0.684085 0.02343999999999999 0.01464999999999994
2 0.19271 0.68457 0.02343999999999999 0.013679999999999914
2 0.19271 0.7084999999999999 0.02343999999999999 0.028320000000000012
2 0.16405999999999998 0.7084999999999999 0.02343999999999999 0.028320000000000012
2 0.39128 0.680175 0.024739999999999984 0.014650000000000052
2 0.41992 0.680665 0.024739999999999984 0.015630000000000033
2 0.41992 0.706055 0.024739999999999984 0.03125
2 0.39128 0.706055 0.024739999999999984 0.03125
1 0.399085 0.70801 0.56901 0.56836
2 0.766275 0.5268550000000001 0.035150000000000015 0.043950000000000045
2 0.74414 0.6186499999999999 0.02734000000000003 0.04393999999999998
2 0.7819 0.618655 0.024739999999999984 0.04199000000000008
2 0.74935 0.80762 0.02734000000000003 0.04492000000000007
2 0.766275 0.712405 0.05859000000000003 0.043950000000000045
2 0.056640499999999996 0.5751949999999999 0.027343 0.05079
2 0.0175781 0.57471 0.0273438 0.05175999999999992
2 0.057291999999999996 0.665035 0.031249999999999993 0.04883000000000004
2 0.056641 0.7612300000000001 0.029947999999999995 0.049799999999999955
2 0.363285 0.961915 0.03125 0.035150000000000015
2 0.295575 0.9609399999999999 0.03125 0.03515999999999997
2 0.17838500000000002 0.95703 0.046869999999999995 0.03515999999999997
2 0.7486999999999999 0.90332 0.026039999999999952 0.04492000000000007
3 0.432945 0.952635 0.04297000000000001 0.07519000000000009
2 0.191405 0.51709 0.023430000000000006 0.040039999999999965
2 0.16405999999999998 0.5166 0.02343999999999999 0.04102
2 0.40885499999999997 0.519045 0.023430000000000006 0.04198999999999997
2 0.38216 0.519045 0.02214000000000005 0.04198999999999997
2 0.63086 0.518065 0.02214000000000005 0.04198999999999997
2 0.603515 0.518065 0.022129999999999983 0.04198999999999997
2 0.6347700000000001 0.608885 0.024740000000000095 0.04784999999999995
2 0.60482 0.608885 0.02214000000000005 0.04784999999999995
2 0.38086 0.608885 0.022139999999999993 0.04784999999999995
2 0.41341 0.608885 0.02214000000000005 0.04784999999999995
2 0.19466 0.60791 0.022139999999999993 0.0478599999999999
2 0.16341 0.606935 0.022139999999999993 0.04784999999999995
2 0.29427000000000003 0.516605 0.03645999999999999 0.04882999999999993
2 0.502605 0.516605 0.03645000000000004 0.04882999999999993
2 0.5013000000000001 0.608395 0.03646000000000005 0.04882999999999993
2 0.29557 0.608395 0.03646000000000005 0.04882999999999993
2 0.29491999999999996 0.698735 0.035160000000000025 0.053709999999999924
2 0.501955 0.698735 0.03515000000000007 0.053709999999999924
2 0.49934999999999996 0.7929649999999999 0.03775999999999996 0.04883000000000004
2 0.42969 0.7929649999999999 0.03645999999999999 0.04883000000000004
2 0.36197999999999997 0.793455 0.03645999999999999 0.04981000000000002
2 0.29296999999999995 0.794435 0.03645999999999999 0.04980999999999991
2 0.17968499999999998 0.8833 0.046869999999999995 0.05176000000000003
2 0.621095 0.88379 0.04687000000000008 0.05274000000000001
2 0.502605 0.88428 0.03645000000000004 0.049799999999999955
2 0.36458 0.88428 0.03645999999999999 0.049799999999999955
2 0.29427000000000003 0.88428 0.03645999999999999 0.049799999999999955
4 0.29752999999999996 0.66455 0.07422000000000001 0.01856000000000002
4 0.50716 0.663575 0.07422000000000001 0.018549999999999955
4 0.18164000000000002 0.65674 0.09766 0.030280000000000085
4 0.628255 0.657225 0.09765000000000001 0.03125
4 0.4082 0.645505 0.11327999999999999 0.04882999999999993
5 0.29491999999999996 0.635745 0.06380000000000002 0.013670000000000071
5 0.502605 0.6362300000000001 0.06510999999999995 0.012700000000000045
5 0.39779 0.63574 0.07682 0.009759999999999991
5 0.6230500000000001 0.63379 0.07682 0.009759999999999991
5 0.622395 0.730955 0.08592999999999995 0.018550000000000066
5 0.41146 0.7299800000000001 0.08594000000000002 0.01856000000000002
5 0.17969000000000002 0.731935 0.08593999999999999 0.018550000000000066
5 0.18098999999999998 0.6342749999999999 0.07812 0.008789999999999965
5 0.76953 0.642575 0.07812000000000008 0.007810000000000095
4 0.76888 0.680175 0.11328000000000005 0.036129999999999995
5 0.752605 0.833985 0.05208999999999997 0.009770000000000056
5 0.041666550000000004 0.60547 0.0807289 0.009759999999999991
4 0.04427105 0.5380849999999999 0.0859379 0.02342999999999995
4 0.0488281 0.621585 0.0924478 0.036130000000000106
5 0.0442711 0.699215 0.0833338 0.019530000000000047
6 0.18294 0.8334999999999999 0.08724000000000001 0.040039999999999965
6 0.6289100000000001 0.83301 0.09896000000000005 0.041019999999999945
6 0.76823 0.55762 0.12239999999999995 0.01757999999999993
8 0.179685 0.46679499999999996 0.13021 0.015629999999999977
8 0.6197900000000001 0.46826500000000004 0.12760000000000005 0.014649999999999996
8 0.616535 0.4917 0.022130000000000094 0.012699999999999989
8 0.39518 0.49463 0.022139999999999993 0.016600000000000004
8 0.177735 0.49268 0.022129999999999983 0.016600000000000004
8 0.0917975 0.49463 0.027344999999999994 0.026359999999999995
8 0.301435 0.73291 0.11588999999999997 0.014640000000000097
8 0.502605 0.734375 0.10157000000000005 0.013670000000000071
8 0.29491999999999996 0.85059 0.011720000000000008 0.01758000000000004
8 0.36393 0.851075 0.011720000000000008 0.016610000000000014
8 0.43164 0.851075 0.011720000000000008 0.016610000000000014
8 0.50195 0.851075 0.011720000000000008 0.016610000000000014
8 0.43684999999999996 0.90283 0.10286000000000001 0.01856000000000002
8 0.766275 0.76221 0.05859000000000003 0.01660000000000006
9 0.39974 0.45215 0.5625 0.05274000000000001
9 0.39844 0.549805 0.5625 0.029290000000000038
9 0.39974 0.7480450000000001 0.5625 0.019529999999999936
9 0.39974 0.84326 0.5625 0.006839999999999957
9 0.39909 0.930175 0.5638 0.012689999999999979
10 0.402995 0.9458 0.011709999999999998 0.05176000000000003
10 0.47004999999999997 0.94678 0.013019999999999976 0.05175999999999992
10 0.442705 0.69824 0.007809999999999984 0.041019999999999945
10 0.37304499999999996 0.69824 0.009110000000000007 0.041019999999999945
10 0.39583500000000005 0.609865 0.005209999999999992 0.036129999999999995
10 0.61849 0.609375 0.007819999999999938 0.037109999999999976
10 0.17968499999999998 0.60791 0.007810000000000011 0.03613999999999995
10 0.20963500000000002 0.52295 0.007810000000000011 0.028320000000000012
10 0.14973999999999998 0.52295 0.007820000000000021 0.028320000000000012
10 0.64974 0.5234399999999999 0.007819999999999938 0.029299999999999993
10 0.5885450000000001 0.52393 0.007809999999999984 0.028320000000000012
10 0.5885400000000001 0.50684 0.010419999999999985 0.005859999999999976
10 0.64909 0.50684 0.009119999999999906 0.005859999999999976
10 0.20963500000000002 0.50586 0.010410000000000003 0.005859999999999976
10 0.14909 0.50586 0.009120000000000017 0.005859999999999976
10 0.17969000000000002 0.586425 0.010420000000000013 0.006830000000000003
10 0.39583 0.58838 0.010419999999999985 0.006839999999999957
10 0.61849 0.58789 0.010419999999999985 0.005859999999999976
10 0.37305 0.67334 0.011720000000000008 0.00878000000000001
10 0.44336 0.673825 0.011720000000000008 0.007810000000000095
10 0.40364500000000003 0.916015 0.02082999999999996 0.007809999999999984
10 0.47070500000000004 0.916995 0.019529999999999992 0.007810000000000095
10 0.37305 0.720215 0.011720000000000008 0.002929999999999988
10 0.44271 0.720215 0.010419999999999985 0.002929999999999988
10 0.39388 0.63086 0.009120000000000017 0.0039000000000000146
10 0.61849 0.63037 0.013020000000000032 0.0048799999999999955
10 0.179035 0.62891 0.009110000000000007 0.005859999999999976
10 0.703125 0.52344 0.01041000000000003 0.05078000000000005
10 0.7363299999999999 0.52344 0.011720000000000064 0.05078000000000005
10 0.796875 0.523925 0.01041000000000003 0.04981000000000002
10 0.83073 0.523925 0.010419999999999985 0.05174999999999996
10 0.70443 0.49365499999999995 0.013020000000000032 0.00879000000000002
10 0.73698 0.49365499999999995 0.013020000000000032 0.00879000000000002
10 0.796875 0.49414 0.013030000000000097 0.009760000000000046
10 0.82943 0.49365499999999995 0.013020000000000032 0.00879000000000002
10 0.076823 0.665035 0.0078119999999999995 0.042970000000000064
10 0.0377605 0.665035 0.005208999999999998 0.037109999999999976
10 0.037109500000000004 0.68701 0.006510999999999996 0.006839999999999957
10 0.076823 0.6879850000000001 0.010416000000000009 0.002929999999999988
10 0.077474 0.642085 0.009114000000000011 0.002929999999999988
10 0.0377605 0.6435500000000001 0.007813 0.005860000000000087
11 0.702475 0.918945 0.035150000000000015 0.017570000000000086
