2 0.1069495 0.208985 0.066841 0.08593
2 0.263365 0.20995999999999998 0.06416999999999998 0.08593999999999999
2 0.42179500000000003 0.21045000000000003 0.06551000000000001 0.08692000000000003
2 0.578875 0.20947 0.06684999999999997 0.08496000000000001
4 0.425805 0.144045 0.13234999999999997 0.036129999999999995
4 0.583555 0.145505 0.13502999999999998 0.037110000000000004
4 0.42579999999999996 0.313965 0.14038 0.08691000000000004
4 0.581555 0.313965 0.14171 0.08496999999999999
4 0.74064 0.312985 0.14705999999999997 0.08301000000000003
4 0.898395 0.314945 0.14973000000000003 0.08887
4 0.7393050000000001 0.14501999999999998 0.13637 0.04003999999999999
4 0.89639 0.14502 0.14037999999999995 0.03808
2 0.734625 0.21045 0.06550999999999996 0.08495999999999998
2 0.8903749999999999 0.21045 0.06684999999999997 0.08495999999999998
4 0.106282 0.14257999999999998 0.12967599999999999 0.03516
4 0.26604 0.143555 0.13102 0.037110000000000004
4 0.1062815 0.3125 0.137697 0.08398000000000005
4 0.26671 0.31348 0.14037999999999998 0.08594000000000002
2 0.1069495 0.375975 0.066841 0.08789000000000002
2 0.264705 0.376955 0.06684999999999999 0.08984999999999999
2 0.42246 0.376955 0.06684000000000001 0.08789000000000002
2 0.579545 0.376955 0.06818999999999997 0.08789000000000002
2 0.735965 0.376955 0.06550999999999996 0.08984999999999999
2 0.89171 0.376465 0.06684000000000001 0.08887
2 0.1076195 0.553225 0.068181 0.09472999999999998
2 0.265375 0.553715 0.06819 0.09375
4 0.106953 0.47705 0.149734 0.04980000000000001
4 0.26738 0.47753999999999996 0.1524 0.05077999999999999
2 0.42246 0.553715 0.06952000000000003 0.09375
2 0.579545 0.5542 0.07084999999999997 0.09472000000000003
4 0.42579999999999996 0.47753999999999996 0.15373999999999993 0.04687999999999998
4 0.5855600000000001 0.47753500000000004 0.15508 0.048829999999999985
4 0.7446550000000001 0.47753500000000004 0.15774999999999995 0.048829999999999985
4 0.9030750000000001 0.47705 0.15909000000000006 0.04785999999999996
2 0.73596 0.555175 0.06818000000000002 0.09472999999999998
2 0.893715 0.553715 0.07084999999999997 0.09375
2 0.108288 0.731445 0.066844 0.08399000000000001
2 0.266045 0.73193 0.06685000000000002 0.08496000000000004
2 0.42379500000000003 0.7324200000000001 0.06685000000000002 0.08398000000000005
2 0.580885 0.731445 0.06550999999999996 0.08399000000000001
2 0.73797 0.731445 0.06684000000000001 0.08399000000000001
2 0.89572 0.731445 0.06684000000000001 0.08593000000000006
1 0.49999845 0.5058575 0.9973231 0.986325
6 0.1062855 0.436035 0.12700899999999998 0.034170000000000034
6 0.264705 0.436525 0.12835 0.035150000000000015
6 0.42313 0.436525 0.127 0.035150000000000015
6 0.584225 0.436525 0.12834999999999996 0.035150000000000015
6 0.74131 0.436525 0.127 0.035150000000000015
6 0.897725 0.4375 0.12701000000000007 0.03515999999999997
6 0.90508 0.6167 0.1283399999999999 0.03417999999999999
6 0.743315 0.6171899999999999 0.12835000000000008 0.03515999999999997
6 0.587565 0.6171899999999999 0.12701000000000007 0.03515999999999997
6 0.42313 0.6186499999999999 0.127 0.03417999999999999
6 0.1069505 0.61768 0.12833899999999998 0.03417999999999999
6 0.27005 0.61768 0.12834 0.03417999999999999
8 0.059491999999999996 0.093264 0.065508 0.026372000000000007
8 0.18649500000000002 0.093749 0.13503 0.027342000000000005
8 0.34358 0.093749 0.13102000000000003 0.027342000000000005
8 0.5 0.093264 0.13101999999999997 0.026372000000000007
8 0.657085 0.09521550000000001 0.13234999999999997 0.02636899999999999
8 0.81551 0.093264 0.13102000000000003 0.026372000000000007
8 0.94051 0.095704 0.06818000000000002 0.025391999999999998
2 0.1062815 0.0957055 0.025397000000000003 0.021489000000000008
2 0.26404 0.096679 0.025399999999999978 0.021482
2 0.42179 0.096679 0.025399999999999978 0.021482
2 0.57821 0.097657 0.02540000000000009 0.02148599999999999
2 0.89238 0.096679 0.025399999999999978 0.021482
2 0.73463 0.097657 0.02540000000000009 0.02148599999999999
9 0.5060180000000001 0.06982250000000001 0.982624 0.108395
9 0.5026725 0.259765 0.983955 0.03125000000000003
9 0.5006707 0.632815 0.9852986 0.07227000000000006
9 0.5013372500000001 0.78955 0.9893055000000001 0.04200000000000004
10 0.060160500000000006 0.553225 0.01604300000000001 0.08691000000000004
10 0.15508 0.5542 0.01604 0.08692
10 0.218585 0.5542 0.01471 0.08692
10 0.313505 0.5537099999999999 0.01471 0.08594000000000002
10 0.376335 0.553225 0.01471 0.08691000000000004
10 0.471255 0.553225 0.01471 0.08691000000000004
10 0.53409 0.5537099999999999 0.014700000000000046 0.08594000000000002
10 0.6290100000000001 0.5537099999999999 0.014700000000000046 0.08594000000000002
10 0.69318 0.5537099999999999 0.014699999999999935 0.08594000000000002
10 0.786765 0.5537099999999999 0.01471 0.08594000000000002
10 0.8496 0.5537099999999999 0.014699999999999935 0.08594000000000002
10 0.94452 0.553225 0.014700000000000046 0.08691000000000004
10 0.059492 0.598635 0.020053999999999995 0.003909999999999969
10 0.154415 0.598635 0.020050000000000012 0.003909999999999969
10 0.218585 0.598635 0.020050000000000012 0.003909999999999969
10 0.31350500000000003 0.59912 0.020049999999999957 0.0048799999999999955
10 0.377005 0.59912 0.018710000000000004 0.0048799999999999955
10 0.47058999999999995 0.59912 0.018720000000000014 0.0048799999999999955
10 0.53476 0.59912 0.01872000000000007 0.0048799999999999955
10 0.62968 0.59912 0.01872000000000007 0.0048799999999999955
10 0.6938500000000001 0.59912 0.01871999999999996 0.0048799999999999955
10 0.7867649999999999 0.59912 0.020050000000000012 0.0048799999999999955
10 0.94519 0.5981449999999999 0.01871999999999996 0.002929999999999988
10 0.8502700000000001 0.598635 0.01871999999999996 0.003909999999999969
10 0.060828999999999994 0.504885 0.02272799999999999 0.009769999999999945
10 0.15575 0.5053749999999999 0.022720000000000018 0.008789999999999965
10 0.21925499999999998 0.50586 0.021389999999999992 0.009759999999999991
10 0.312165 0.50586 0.022729999999999972 0.009759999999999991
10 0.37700500000000003 0.504885 0.021389999999999965 0.009769999999999945
10 0.47058500000000003 0.50586 0.021389999999999965 0.009759999999999991
10 0.534755 0.5068349999999999 0.02139000000000002 0.009769999999999945
10 0.6290100000000001 0.506345 0.022719999999999962 0.008789999999999965
10 0.6931849999999999 0.506345 0.022730000000000028 0.008789999999999965
10 0.786095 0.50586 0.02139000000000002 0.009759999999999991
10 0.852275 0.50586 0.022729999999999917 0.009759999999999991
10 0.9431849999999999 0.5053749999999999 0.022730000000000028 0.008789999999999965
8 0.06082900000000001 0.052734 0.014706000000000004 0.027344000000000007
8 0.026069500000000002 0.043456999999999996 0.014705 0.026367999999999996
8 0.088904 0.052734 0.014705999999999997 0.027344000000000007
8 0.12032500000000002 0.052734 0.013370000000000007 0.027344000000000007
8 0.153745 0.052734 0.013369999999999993 0.027344000000000007
8 0.184495 0.052734 0.013369999999999993 0.027344000000000007
8 0.217245 0.051758 0.01471 0.027344
8 0.24933 0.052246 0.014700000000000019 0.026368000000000003
8 0.282755 0.052246 0.01471 0.026368000000000003
8 0.312165 0.052734 0.01471 0.027344000000000007
8 0.346255 0.052246 0.013369999999999993 0.026368000000000003
8 0.377675 0.053222500000000006 0.01471 0.02636700000000001
8 0.411095 0.053222500000000006 0.01471 0.02636700000000001
8 0.442515 0.053710999999999995 0.013369999999999993 0.027344
8 0.472595 0.053222500000000006 0.01471 0.02636700000000001
8 0.506015 0.053710999999999995 0.01471 0.027344
8 0.536765 0.053710999999999995 0.01471 0.027344
8 0.5681849999999999 0.053710999999999995 0.013369999999999993 0.027344
8 0.602275 0.053222500000000006 0.01471 0.02636700000000001
8 0.63436 0.052246 0.014700000000000046 0.026368000000000003
8 0.9505349999999999 0.0541995 0.013369999999999993 0.026367
8 0.920455 0.053222500000000006 0.01471 0.02636700000000001
8 0.887035 0.053222500000000006 0.01471 0.02636700000000001
8 0.858955 0.053710999999999995 0.01471 0.027344
8 0.8262050000000001 0.053710999999999995 0.013369999999999993 0.027344
8 0.794785 0.052734 0.01471 0.027344000000000007
8 0.762035 0.0546875 0.013369999999999993 0.027343000000000006
8 0.7299450000000001 0.053222500000000006 0.013369999999999993 0.02636700000000001
8 0.697195 0.0541995 0.01471 0.026367
8 0.665775 0.052734 0.013369999999999993 0.027344000000000007
11 0.1102965 0.91699 0.11096700000000001 0.14648000000000005
11 0.26337 0.916505 0.11230000000000004 0.14355000000000007
11 0.58155 0.916995 0.11230000000000007 0.14453000000000005
11 0.73997 0.9174800000000001 0.11095999999999995 0.14356000000000002
11 0.42513 0.919435 0.11230000000000001 0.14355000000000007
11 0.43315499999999996 0.82959 0.08556999999999998 0.01660000000000006
11 0.34826 0.93555 0.033420000000000005 0.023439999999999905
11 0.506685 0.93408 0.03209000000000001 0.022460000000000035
11 0.8856999999999999 0.90869 0.09492 0.13183999999999996
11 0.82152 0.939945 0.025399999999999978 0.008789999999999965
11 0.822195 0.958005 0.02139000000000002 0.009770000000000056
