1 0.60449 0.48827305 0.7168 0.9744139
2 0.449705 0.148725 0.04199000000000003 0.09275
2 0.540525 0.149255 0.04198999999999997 0.09381
2 0.652345 0.14819 0.042970000000000064 0.09382
2 0.7436499999999999 0.149255 0.04393999999999998 0.09381
2 0.45116999999999996 0.32996000000000003 0.04102 0.09488000000000002
2 0.541995 0.327825 0.04296999999999995 0.09275
2 0.655275 0.32782500000000003 0.042970000000000064 0.09061000000000002
2 0.74658 0.32836 0.04393999999999998 0.09167999999999998
2 0.452145 0.506395 0.04297000000000001 0.08955000000000007
2 0.544925 0.507995 0.04296999999999995 0.09061000000000002
2 0.6557649999999999 0.50853 0.04199000000000008 0.09382000000000007
2 0.7470699999999999 0.50746 0.04296 0.09168000000000004
2 0.45116999999999996 0.689235 0.04102 0.09914999999999996
2 0.541505 0.69083 0.04198999999999997 0.09808000000000006
2 0.653805 0.691365 0.04198999999999997 0.09701000000000004
2 0.746095 0.689765 0.04100999999999999 0.10021000000000002
2 0.65576 0.878465 0.04394000000000009 0.10660999999999998
2 0.54297 0.878465 0.04491999999999996 0.10660999999999998
2 0.45067999999999997 0.8774 0.045899999999999996 0.10448000000000002
2 0.31738500000000003 0.880065 0.07812999999999998 0.10766999999999993
2 0.8686499999999999 0.6924300000000001 0.028320000000000012 0.09702
2 0.90625 0.69296 0.02733999999999992 0.09807999999999995
2 0.908205 0.51066 0.03125 0.09382000000000001
2 0.867675 0.509595 0.03027000000000002 0.09381
2 0.90869 0.33262 0.032219999999999915 0.09168000000000004
2 0.869145 0.33155500000000004 0.03125 0.09169
2 0.337895 0.33155500000000004 0.03125 0.09169
2 0.299805 0.33155500000000004 0.03125 0.09169
2 0.33643 0.509595 0.03417999999999999 0.09381
2 0.297855 0.5101249999999999 0.03125 0.09275
2 0.33496000000000004 0.6924300000000001 0.027339999999999975 0.09702
2 0.297855 0.6924300000000001 0.025389999999999968 0.09702
2 0.1235335 0.16365000000000002 0.069333 0.09062
2 0.138185 0.34968 0.06739 0.09594000000000003
2 0.13965 0.52452 0.06836000000000002 0.08956000000000003
2 0.13867000000000002 0.696165 0.06836 0.08955000000000002
2 0.141115 0.872065 0.06543000000000002 0.08955000000000002
3 0.74463 0.897125 0.04590000000000005 0.14178999999999997
3 0.884765 0.90032 0.09375 0.14606000000000008
4 0.885745 0.44403000000000004 0.09375 0.02665999999999996
4 0.31787 0.444565 0.09082000000000001 0.02559
4 0.316405 0.6242 0.08399000000000001 0.03303999999999996
4 0.88672 0.625265 0.08008000000000004 0.030909999999999993
5 0.59326 0.22868 0.43262 0.0693
5 0.31787 0.40298500000000004 0.10058 0.05116999999999999
5 0.887695 0.40565 0.10936999999999997 0.054379999999999984
5 0.450685 0.39552 0.053710000000000035 0.034119999999999984
5 0.5429649999999999 0.394455 0.04883000000000004 0.029850000000000043
5 0.6542950000000001 0.394455 0.04687000000000008 0.029850000000000043
5 0.7456050000000001 0.39658499999999997 0.051750000000000074 0.029849999999999988
5 0.31689500000000004 0.758525 0.07129000000000002 0.033050000000000024
5 0.45116999999999996 0.758525 0.04687999999999998 0.033050000000000024
5 0.54199 0.757995 0.04688000000000003 0.03198999999999996
5 0.65527 0.7590600000000001 0.04492000000000007 0.03198000000000001
5 0.74707 0.7590600000000001 0.04492000000000007 0.03412000000000004
5 0.887695 0.759595 0.07227000000000006 0.033050000000000024
4 0.132325 0.628465 0.13965 0.028789999999999982
5 0.133789 0.5735600000000001 0.113282 0.027720000000000078
5 0.1318375 0.39872 0.101565 0.03198000000000001
5 0.133301 0.7467999999999999 0.108398 0.024519999999999986
6 0.59619 0.591685 0.20409999999999995 0.08528999999999998
6 0.31836 0.175905 0.14257999999999998 0.061829999999999996
6 0.878905 0.17484 0.15821000000000007 0.06396000000000002
5 0.44823999999999997 0.590615 0.08007999999999998 0.08529000000000009
5 0.7436499999999999 0.59275 0.07910000000000006 0.08528000000000002
4 0.437985 0.0644995 0.09472999999999998 0.07356099999999999
4 0.53906 0.0629 0.10156000000000004 0.07036200000000001
4 0.6425799999999999 0.0591685 0.10155999999999998 0.07569300000000001
4 0.74414 0.0607675 0.09765999999999997 0.072495
9 0.604 0.22227999999999998 0.70996 0.050100000000000006
9 0.60498 0.40352 0.71192 0.06930000000000003
9 0.603515 0.77079 0.70507 0.07250000000000001
