1 0.50048655 0.50163575 0.9970669 0.9967285
2 0.0698245 0.0763335 0.04980500000000001 0.078513
2 0.16748000000000002 0.074153 0.05176 0.078514
2 0.26807 0.070337 0.05176 0.07960600000000001
2 0.37158 0.068702 0.05175999999999997 0.078516
2 0.46631 0.0665215 0.05176000000000003 0.078517
2 0.57471 0.0681565 0.05175999999999992 0.079607
2 0.66162 0.0708825 0.05176000000000003 0.078515
2 0.753905 0.0725175 0.052730000000000055 0.07960500000000001
2 0.88916 0.079064 0.05175999999999992 0.079612
2 0.896485 0.22682999999999998 0.05079 0.08506
2 0.7587900000000001 0.22137 0.050779999999999936 0.08506000000000002
2 0.6679649999999999 0.22027999999999998 0.054690000000000016 0.08506
2 0.577635 0.21700999999999998 0.053709999999999924 0.08506
2 0.469725 0.21483 0.054690000000000016 0.08505999999999997
2 0.375 0.21483 0.05467999999999995 0.08505999999999997
2 0.268065 0.21700999999999998 0.05371000000000001 0.08506
2 0.166995 0.2181 0.054690000000000016 0.08505999999999997
2 0.067383 0.22137 0.05468800000000001 0.08506000000000002
2 0.067383 0.3675 0.05468800000000001 0.08506000000000002
2 0.166015 0.3675 0.054690000000000016 0.08506000000000002
2 0.269045 0.36641 0.05566999999999997 0.09160000000000001
2 0.375975 0.369135 0.054690000000000016 0.09050999999999998
2 0.47217 0.3675 0.05565999999999999 0.09160000000000001
2 0.580565 0.36968500000000004 0.05567 0.09161000000000002
2 0.669435 0.371865 0.05567 0.09160999999999997
2 0.757325 0.375135 0.05567 0.09160999999999997
2 0.89795 0.3795 0.05566000000000004 0.09160000000000001
2 0.90039 0.531625 0.05468000000000006 0.09050999999999992
2 0.763185 0.5294449999999999 0.05567 0.09050999999999998
2 0.671875 0.52781 0.054689999999999905 0.09159999999999996
2 0.58447 0.52454 0.05565999999999993 0.09159999999999996
2 0.47558500000000004 0.522355 0.05468999999999996 0.09161000000000002
2 0.37744 0.523445 0.05566000000000004 0.09161000000000002
2 0.270995 0.520175 0.05567 0.09161000000000002
2 0.16748000000000002 0.518535 0.055660000000000015 0.09051000000000003
2 0.0683595 0.51799 0.052735000000000004 0.09160000000000001
2 0.0698245 0.667395 0.04980500000000001 0.09160999999999997
2 0.16797 0.6706650000000001 0.05077999999999999 0.09161000000000008
2 0.27197499999999997 0.673395 0.049809999999999965 0.09050999999999998
2 0.37842 0.674485 0.05565999999999999 0.09268999999999994
2 0.47509999999999997 0.6766650000000001 0.05565999999999999 0.09269000000000005
2 0.583985 0.6793899999999999 0.054690000000000016 0.09814
2 0.672855 0.6793899999999999 0.054690000000000016 0.09814
2 0.76221 0.68157 0.05565999999999993 0.09814
2 0.898925 0.68157 0.05567 0.09814
2 0.0981445 0.821155 0.12207099999999999 0.09160999999999997
2 0.24463000000000001 0.828245 0.14356000000000002 0.09268999999999994
2 0.42676000000000003 0.8336950000000001 0.11327999999999999 0.09269000000000005
3 0.424805 0.9536549999999999 0.11132999999999998 0.08615000000000006
3 0.098631 0.940025 0.11913800000000001 0.11341000000000001
2 0.24463 0.940025 0.14745999999999998 0.10687000000000002
2 0.60889 0.947655 0.12597999999999998 0.10033000000000003
2 0.758785 0.94711 0.14452999999999994 0.10142000000000007
2 0.90918 0.946565 0.12890000000000001 0.10468999999999995
5 0.0688475 0.26772 0.061523 0.01200000000000001
5 0.166995 0.26663 0.06054999999999999 0.01200000000000001
5 0.26953 0.26445 0.06054000000000001 0.01200000000000001
5 0.375975 0.26227 0.06640999999999997 0.01417999999999997
5 0.473145 0.26227 0.06738999999999995 0.01417999999999997
5 0.5791 0.26554 0.0663999999999999 0.01417999999999997
5 0.671875 0.26771999999999996 0.06641000000000008 0.014180000000000026
5 0.7568349999999999 0.26881 0.06640999999999997 0.01417999999999997
5 0.90332 0.27481 0.06640000000000001 0.01307999999999998
5 0.8994150000000001 0.42584500000000003 0.06640999999999997 0.01416999999999996
5 0.76465 0.42147999999999997 0.0663999999999999 0.014180000000000026
5 0.67285 0.42147999999999997 0.0663999999999999 0.014180000000000026
5 0.58496 0.41820999999999997 0.06640000000000001 0.014180000000000026
5 0.47656499999999996 0.41820999999999997 0.06640999999999997 0.014180000000000026
5 0.37793 0.41385 0.06640000000000001 0.01417999999999997
5 0.26953 0.418755 0.06639999999999999 0.01308999999999999
5 0.166995 0.41603 0.06641 0.01417999999999997
5 0.071288 0.41494 0.06640399999999999 0.014180000000000026
5 0.067385 0.56761 0.06641 0.01417999999999997
5 0.168945 0.56761 0.06641 0.01417999999999997
5 0.273435 0.56979 0.06641000000000002 0.01417999999999997
5 0.37695500000000004 0.56979 0.06641000000000002 0.01417999999999997
5 0.472655 0.573065 0.06640999999999997 0.014170000000000016
5 0.58789 0.574155 0.06640000000000001 0.014170000000000016
5 0.67285 0.574155 0.0663999999999999 0.014170000000000016
5 0.76172 0.576335 0.06640000000000001 0.014170000000000016
5 0.90088 0.575245 0.06738 0.014170000000000016
9 0.50146455 0.747 0.9853509 0.07851999999999992
9 0.49707125 0.13304 0.9785175 0.034900000000000014
9 0.501951 0.0239913 0.982418 0.032715400000000006
10 0.515135 0.8904 0.024410000000000043 0.19301999999999997
10 0.35498 0.8860399999999999 0.024419999999999997 0.19302000000000008
10 0.0200194 0.8789549999999999 0.0302732 0.19847000000000004
10 0.53467 0.885495 0.012699999999999934 0.18103000000000002
10 0.324705 0.881135 0.012690000000000035 0.18103000000000002
10 0.324705 0.782985 0.01855000000000001 0.015270000000000006
10 0.35497999999999996 0.78135 0.03221999999999997 0.01635999999999993
10 0.516115 0.7857149999999999 0.03222999999999998 0.016349999999999976
10 0.538575 0.78626 0.012689999999999979 0.01525999999999994
10 0.0209961 0.7720849999999999 0.0341798 0.015270000000000006
10 0.5151399999999999 0.993455 0.028320000000000012 0.013090000000000046
11 0.61475 0.837515 0.14159999999999995 0.11122999999999994
11 0.76904 0.8396950000000001 0.15918 0.11123000000000005
11 0.9238299999999999 0.8396950000000001 0.14648000000000005 0.11123000000000005
