1 0.5486 0.5025773 0.73002 0.9948454
2 0.35421 0.435565 0.04751999999999995 0.13916999999999996
2 0.415765 0.435565 0.04966999999999999 0.13916999999999996
2 0.417925 0.7061850000000001 0.04966999999999999 0.16495000000000004
2 0.35637 0.7074750000000001 0.04752000000000001 0.16753000000000007
2 0.707345 0.68299 0.07559000000000005 0.15464
2 0.76566 0.47938000000000003 0.06695999999999991 0.1598
2 0.36177000000000004 0.20876499999999998 0.03672000000000003 0.10308999999999999
2 0.40929 0.20747500000000002 0.036719999999999975 0.10051000000000002
4 0.38553 0.570875 0.1663 0.06442999999999999
4 0.38553 0.329895 0.1663 0.06701000000000001
5 0.38229 0.5180450000000001 0.16414 0.04639000000000004
6 0.525915 0.762885 0.6673899999999999 0.12370999999999999
6 0.725705 0.536085 0.36285 0.10308999999999996
7 0.296975 0.436855 0.05398999999999998 0.14175
7 0.46975999999999996 0.435565 0.05399999999999999 0.13916999999999996
7 0.295895 0.70103 0.05182999999999999 0.17526000000000008
7 0.47192 0.7049000000000001 0.05399999999999999 0.17268000000000006
7 0.64471 0.680415 0.041039999999999965 0.15979
7 0.76782 0.6817 0.041040000000000076 0.15722000000000003
7 0.8174950000000001 0.478095 0.03239000000000003 0.16237000000000001
7 0.705185 0.476805 0.03670999999999991 0.15979
7 0.36177 0.20876 0.032399999999999984 0.09794000000000003
7 0.40820999999999996 0.20876 0.03455999999999998 0.09794000000000003
8 0.37149 0.054126 0.18574000000000002 0.092788
8 0.5216 0.195875 0.032399999999999984 0.08762999999999999
8 0.21814 0.19201000000000001 0.03455999999999998 0.08506
9 0.36177000000000004 0.5154650000000001 0.34774 0.05155000000000004
9 0.550755 0.36211499999999996 0.7170700000000001 0.06958999999999999
11 0.082074 0.907215 0.112312 0.17010999999999998
