1 0.50112865 0.49951328 0.9977427 0.99707344
2 0.593675 0.33447 0.07674999999999998 0.11426000000000003
2 0.7494350000000001 0.335935 0.07674999999999998 0.11523
2 0.58578 0.16748 0.06998000000000004 0.0791
2 0.41647999999999996 0.227535 0.05192000000000002 0.01953000000000002
2 0.41535 0.16455 0.07674000000000003 0.0791
2 0.250565 0.16357 0.07674999999999998 0.07909999999999999
2 0.0902945 0.16113 0.07675100000000001 0.08007999999999998
2 0.092553 0.33252000000000004 0.07675399999999999 0.11425999999999997
2 0.251695 0.333495 0.07448999999999997 0.11425000000000002
2 0.41535 0.333495 0.07674000000000003 0.11425000000000002
2 0.9074450000000001 0.34619 0.07674999999999998 0.11426000000000003
2 0.739275 0.16846 0.07901000000000002 0.0791
2 0.895035 0.16846 0.07901000000000002 0.0791
2 0.093678 0.5332 0.07900399999999999 0.11328000000000005
2 0.25282 0.533205 0.07223999999999997 0.10937000000000002
2 0.420995 0.53076 0.07901000000000002 0.11426000000000003
2 0.5914250000000001 0.535645 0.07674999999999998 0.11425000000000002
3 0.43228 0.78955 0.12866 0.15918
3 0.6117349999999999 0.7876000000000001 0.09480999999999995 0.14356000000000002
2 0.09932250000000001 0.78174 0.07223500000000001 0.12012
2 0.257335 0.782715 0.07222999999999999 0.12011000000000005
3 0.1884875 0.9394549999999999 0.23250500000000002 0.10937000000000008
4 0.0948085 0.10839950000000001 0.11738299999999999 0.017581
4 0.250565 0.1074215 0.11738999999999997 0.017576999999999995
4 0.410835 0.11035 0.11739 0.01758
4 0.5891649999999999 0.11719 0.11739 0.017580000000000012
4 0.74492 0.11621000000000001 0.11738000000000004 0.01758
4 0.89842 0.118165 0.11738000000000004 0.017570000000000002
4 0.42212 0.26465000000000005 0.12190000000000001 0.02148
4 0.5914200000000001 0.266115 0.12190000000000001 0.020510000000000028
4 0.75169 0.27002000000000004 0.12190000000000001 0.020500000000000018
4 0.258465 0.266115 0.11963000000000001 0.020510000000000028
4 0.100451 0.26416 0.119638 0.020499999999999963
4 0.09368 0.46582 0.11964 0.025399999999999978
4 0.25282 0.466305 0.12189999999999998 0.026370000000000005
4 0.41986500000000004 0.46582 0.12189 0.025399999999999978
4 0.597065 0.464355 0.11963000000000001 0.026370000000000005
5 0.422125 0.211915 0.11286999999999997 0.02149000000000001
5 0.5891649999999999 0.21631 0.11286999999999991 0.02245999999999998
5 0.5925549999999999 0.40136499999999997 0.11060999999999999 0.021489999999999954
5 0.420995 0.39990000000000003 0.11060999999999999 0.02245999999999998
5 0.419865 0.597655 0.11287000000000003 0.02149000000000001
6 0.224604 0.174805 0.395032 0.11522999999999999
6 0.2268625 0.37060499999999996 0.39503499999999997 0.11620999999999998
6 0.2516935 0.5810550000000001 0.431153 0.11329
6 0.836345 0.188965 0.31828999999999996 0.13378999999999996
8 0.23927500000000002 0.06543 0.12641000000000002 0.021484000000000003
8 0.395035 0.0668945 0.12640999999999997 0.020506999999999997
8 0.741535 0.069824 0.12866999999999995 0.020508
8 0.5948100000000001 0.0683595 0.09706000000000004 0.021485000000000004
8 0.09141949999999999 0.064453 0.097061 0.021483999999999996
8 0.18171500000000002 0.053711 0.05643000000000001 0.05859399999999999
8 0.33747499999999997 0.0644535 0.056430000000000036 0.076173
8 0.03611715 0.058105500000000004 0.05417569999999999 0.083007
8 0.49097 0.062014 0.056440000000000046 0.077152
8 0.547405 0.0634755 0.05642999999999998 0.076169
8 0.67946 0.066405 0.054180000000000006 0.07617
9 0.48758235 0.05175655 0.9661353 0.0996069
11 0.1997765 0.680175 0.28668699999999997 0.036129999999999995
