1 0.2519515 0.5255955 0.437497 0.945389
1 0.6650400000000001 0.5358345 0.38672000000000006 0.924911
2 0.0864245 0.20392500000000002 0.030270999999999992 0.10751000000000002
2 0.128905 0.20562999999999998 0.02929000000000001 0.11091999999999999
2 0.212405 0.20562999999999998 0.03223000000000001 0.11091999999999999
2 0.28955 0.20478000000000002 0.03221999999999997 0.10922000000000001
2 0.373535 0.20478000000000002 0.03222999999999998 0.10922000000000001
2 0.41552500000000003 0.20478000000000002 0.032230000000000036 0.10922000000000001
2 0.0864245 0.42406 0.030270999999999992 0.11434
2 0.21094000000000002 0.42235500000000004 0.03319999999999998 0.11774999999999997
2 0.128415 0.42235500000000004 0.030270000000000005 0.11432999999999999
2 0.28808500000000004 0.41979500000000003 0.03321000000000002 0.11605000000000004
2 0.37256 0.418945 0.030279999999999974 0.11775000000000002
2 0.413575 0.42065 0.030269999999999964 0.11434
2 0.0859395 0.640785 0.029300999999999994 0.12117
2 0.20996 0.64249 0.03320000000000001 0.12115999999999993
2 0.12695 0.64249 0.029300000000000007 0.12115999999999993
2 0.28808500000000004 0.640785 0.03321000000000002 0.12117
2 0.37256 0.63908 0.030279999999999974 0.12115999999999993
2 0.413575 0.638225 0.030269999999999964 0.12286999999999992
2 0.08740300000000001 0.86092 0.03027400000000001 0.12115999999999993
2 0.12744 0.859215 0.030280000000000015 0.12117
2 0.28857 0.86092 0.03417999999999999 0.12115999999999993
2 0.371585 0.86092 0.03027000000000002 0.12115999999999993
2 0.41552500000000003 0.859215 0.030269999999999964 0.12117
2 0.5166 0.239765 0.02734000000000003 0.10751
2 0.555665 0.23891 0.027349999999999985 0.10922000000000001
2 0.64551 0.23720000000000002 0.02734000000000003 0.10922000000000001
2 0.683595 0.23805500000000002 0.027349999999999985 0.10751000000000002
2 0.515625 0.453925 0.027349999999999985 0.10921000000000003
2 0.5546899999999999 0.45477500000000004 0.02734000000000003 0.10751000000000005
2 0.646485 0.45222 0.027349999999999985 0.10921999999999998
2 0.68555 0.45050999999999997 0.02733999999999992 0.10922000000000004
2 0.515625 0.663825 0.027349999999999985 0.10921000000000003
2 0.555665 0.6629700000000001 0.027349999999999985 0.10750000000000004
2 0.64551 0.662115 0.02734000000000003 0.10921000000000003
2 0.68555 0.6629700000000001 0.02733999999999992 0.10750000000000004
2 0.77539 0.449655 0.02734000000000003 0.10751000000000005
2 0.774415 0.23634500000000003 0.027349999999999985 0.10751000000000002
2 0.81445 0.23634500000000003 0.02733999999999992 0.10751000000000002
2 0.813475 0.448805 0.027350000000000096 0.10921000000000003
2 0.77539 0.66126 0.02734000000000003 0.11092000000000002
2 0.81445 0.658705 0.02733999999999992 0.10921000000000003
2 0.515135 0.875425 0.026370000000000005 0.10921000000000003
2 0.556155 0.874575 0.03027000000000002 0.10751
2 0.77295 0.875425 0.028320000000000012 0.10921000000000003
2 0.8144499999999999 0.875425 0.029299999999999993 0.10921000000000003
2 0.935055 0.19539 0.053710000000000035 0.12115999999999996
2 0.93457 0.41894 0.05078000000000005 0.12115999999999999
2 0.93457 0.646755 0.05274000000000001 0.11944999999999995
3 0.21191500000000002 0.89761 0.04883000000000001 0.20135999999999998
4 0.942385 0.33447000000000005 0.10936999999999997 0.058020000000000016
4 0.942385 0.543515 0.09960999999999998 0.06655
5 0.1093735 0.26792000000000005 0.09765300000000002 0.020479999999999998
5 0.214845 0.26792000000000005 0.06054999999999999 0.020479999999999998
5 0.1093735 0.487205 0.09765300000000002 0.018769999999999953
5 0.395995 0.48634999999999995 0.09863 0.020479999999999998
5 0.396485 0.270475 0.09961000000000003 0.01877000000000001
5 0.292485 0.269625 0.05957000000000001 0.020469999999999988
5 0.213865 0.487205 0.06054999999999999 0.018769999999999953
5 0.291015 0.485495 0.06054999999999999 0.01877000000000001
5 0.1084 0.7090449999999999 0.09766000000000001 0.018770000000000064
5 0.212405 0.7090449999999999 0.059569999999999984 0.018770000000000064
5 0.29052500000000003 0.707335 0.059569999999999956 0.018770000000000064
5 0.396485 0.706485 0.09764999999999996 0.020469999999999988
4 0.538085 0.36433000000000004 0.09765000000000007 0.0529
4 0.66797 0.36177499999999996 0.09765999999999997 0.05460999999999999
4 0.79834 0.359215 0.10449999999999993 0.05291000000000001
5 0.53613 0.30546 0.08593999999999996 0.02729999999999999
5 0.666015 0.303755 0.08593000000000006 0.02731
5 0.79541 0.30205 0.08692 0.02729999999999999
5 0.5376000000000001 0.5529 0.08496000000000004 0.09555999999999998
5 0.6674800000000001 0.551195 0.08496000000000004 0.09556999999999993
5 0.7973600000000001 0.548635 0.08496000000000004 0.09726999999999997
5 0.53662 0.7423200000000001 0.07909999999999995 0.05120000000000002
5 0.666505 0.74232 0.08301000000000003 0.05459999999999998
5 0.796875 0.741465 0.08203000000000005 0.05630999999999997
5 0.9379850000000001 0.49146999999999996 0.08300999999999992 0.030720000000000025
5 0.9370149999999999 0.72952 0.07714999999999994 0.05290000000000006
8 0.66211 0.819965 0.07811999999999997 0.09045000000000003
8 0.9375 0.089589 0.05468000000000006 0.022182000000000007
9 0.670895 0.78669 0.39453000000000005 0.04096000000000011
9 0.260255 0.073379 0.45215 0.047782
9 0.67285 0.106655 0.39844 0.029010000000000008
11 0.93701 0.7858350000000001 0.11426000000000003 0.03582999999999992
8 0.896 0.190275 0.016599999999999948 0.12799
8 0.979005 0.188565 0.014650000000000052 0.12799
3 0.665035 0.90785 0.042970000000000064 0.17406
