1 0.584185 0.50311525 0.70431 0.9937695
2 0.39425 0.33021500000000004 0.06569999999999998 0.13706999999999997
2 0.6663250000000001 0.333335 0.0636500000000001 0.13707000000000003
2 0.39425 0.573205 0.06159999999999999 0.13707000000000003
2 0.6663250000000001 0.568535 0.0636500000000001 0.13395
2 0.30698000000000003 0.36916000000000004 0.06366 0.12772
2 0.313145 0.5996900000000001 0.05954999999999999 0.12771999999999994
2 0.847025 0.378505 0.06364999999999998 0.12773
2 0.84805 0.604365 0.06569999999999998 0.12461
2 0.585215 0.621495 0.05748999999999993 0.15887000000000007
2 0.585215 0.392525 0.05748999999999993 0.13707000000000003
2 0.6663250000000001 0.09812900000000001 0.07186999999999999 0.115262
2 0.395275 0.091899 0.07186999999999999 0.115262
2 0.31622 0.161995 0.04927999999999999 0.08099
2 0.8470249999999999 0.168225 0.05132999999999999 0.08723
2 0.58419 0.123054 0.06366000000000005 0.05919200000000001
2 0.47639 0.099687 0.03695999999999999 0.099686
2 0.73614 0.1277275 0.026699999999999946 0.14330500000000002
2 0.47228 0.37227 0.024639999999999995 0.17134
2 0.47536 0.607475 0.0267 0.18691000000000002
2 0.7423 0.58411 0.022579999999999933 0.14642
2 0.741275 0.35981 0.020529999999999937 0.14642
2 0.17043 0.38317500000000004 0.04518 0.09969
2 0.10883100000000001 0.38162 0.04517800000000001 0.09658
2 0.047228 0.38162 0.045174000000000006 0.09658
2 0.1129345 0.548285 0.045171 0.09969000000000006
2 0.047228 0.554515 0.045174000000000006 0.09969000000000006
2 0.17043 0.5514049999999999 0.04518 0.09968999999999995
2 0.175565 0.71651 0.03491 0.08099999999999996
3 0.45585 0.9345749999999999 0.057499999999999996 0.12461
5 0.39014499999999996 0.428345 0.08212999999999998 0.07165000000000005
5 0.6611899999999999 0.434575 0.08213999999999999 0.07164999999999999
5 0.6642699999999999 0.6651050000000001 0.08008000000000004 0.0716500000000001
5 0.39219499999999996 0.668225 0.08212999999999998 0.07164999999999999
6 0.53491 0.42679 0.16632000000000002 0.08721999999999996
6 0.5307999999999999 0.6666650000000001 0.16631999999999997 0.08723000000000003
7 0.39527999999999996 0.0560745 0.06775999999999999 0.037383
7 0.8470249999999999 0.155765 0.047229999999999994 0.05606999999999998
7 0.25975000000000004 0.36916000000000004 0.030799999999999994 0.13396000000000002
7 0.26283 0.59813 0.03695999999999999 0.13083999999999996
7 0.89425 0.37539 0.026699999999999946 0.12772
7 0.79774 0.37383500000000003 0.026699999999999946 0.12461000000000005
7 0.89425 0.602805 0.026699999999999946 0.12773
7 0.799795 0.602805 0.02668999999999999 0.12773
5 0.30698000000000003 0.439255 0.06775999999999999 0.018689999999999984
5 0.306985 0.6682250000000001 0.07186999999999999 0.015569999999999973
5 0.84702 0.44704 0.07597999999999994 0.021799999999999986
5 0.84702 0.672895 0.07597999999999994 0.018689999999999984
9 0.583165 0.732085 0.68583 0.03115000000000001
3 0.7125250000000001 0.937695 0.05748999999999993 0.12461
11 0.34189 0.89408 0.13757999999999998 0.21184000000000003
11 0.827515 0.890965 0.12731000000000003 0.21182999999999996
11 0.5862400000000001 0.89408 0.15400000000000003 0.2056
11 0.43942499999999995 0.85514 0.04516999999999999 0.028040000000000065
11 0.905545 0.8099700000000001 0.028749999999999942 0.049839999999999995
