1 0.2285915 0.573825 0.40711699999999995 0.84787
2 0.46377 0.27964 0.03426000000000001 0.07606000000000002
2 0.5085649999999999 0.278525 0.03425 0.07383
2 0.5533600000000001 0.27964 0.03426000000000007 0.07606000000000002
2 0.5988150000000001 0.28412 0.03556999999999999 0.07605999999999999
2 0.6455850000000001 0.27964 0.03425 0.07606000000000002
2 0.6897249999999999 0.28300000000000003 0.03556999999999999 0.07382000000000002
2 0.732545 0.28300000000000003 0.03425 0.07382000000000002
2 0.7786550000000001 0.28412 0.03425 0.07605999999999999
2 0.82411 0.28412 0.035579999999999945 0.07605999999999999
2 0.86693 0.28412 0.03425999999999996 0.07605999999999999
2 0.9117249999999999 0.28412 0.03425 0.07605999999999999
2 0.9584950000000001 0.28412 0.03556999999999999 0.07605999999999999
2 0.461795 0.434005 0.03556999999999999 0.07607000000000003
2 0.509225 0.43177 0.03556999999999999 0.07606000000000002
2 0.5546800000000001 0.43177 0.03426000000000007 0.07606000000000002
2 0.599475 0.434005 0.03425 0.07607000000000003
2 0.6455850000000001 0.43624 0.03425 0.07606000000000002
2 0.69038 0.43177 0.03425999999999996 0.07606000000000002
2 0.733205 0.43177 0.0355700000000001 0.07606000000000002
2 0.7799750000000001 0.434005 0.03425 0.07607000000000003
2 0.8221350000000001 0.43624 0.03425 0.07606000000000002
2 0.87088 0.43177 0.03425999999999996 0.07606000000000002
2 0.9143600000000001 0.434005 0.03426000000000007 0.07607000000000003
2 0.959155 0.43624 0.03425 0.07606000000000002
2 0.46311 0.58389 0.03558 0.08054000000000006
2 0.50988 0.58613 0.03425999999999996 0.07606000000000002
2 0.55402 0.58277 0.03294000000000008 0.07830000000000004
2 0.598155 0.58277 0.03425 0.07830000000000004
2 0.64493 0.58277 0.03293999999999997 0.07830000000000004
2 0.689065 0.581655 0.03425 0.07606999999999997
2 0.7345200000000001 0.581655 0.03294000000000008 0.07606999999999997
2 0.7799750000000001 0.581655 0.03425 0.07606999999999997
2 0.82806 0.58277 0.03293999999999997 0.07830000000000004
2 0.8722 0.58613 0.03425999999999996 0.07606000000000002
2 0.9163399999999999 0.58277 0.03294000000000008 0.07830000000000004
2 0.96311 0.58389 0.03425999999999996 0.07606000000000002
2 0.542165 0.770695 0.059290000000000065 0.08277000000000001
2 0.47365 0.770695 0.05928 0.08277000000000001
2 0.6113299999999999 0.76846 0.055340000000000056 0.07830000000000004
2 0.6772050000000001 0.76846 0.05532999999999999 0.07830000000000004
2 0.743085 0.77069 0.0553300000000001 0.07830000000000004
2 0.81423 0.77293 0.055339999999999945 0.07830000000000004
2 0.8840600000000001 0.77293 0.055340000000000056 0.07830000000000004
2 0.9512499999999999 0.77293 0.055340000000000056 0.07830000000000004
2 0.46113499999999996 0.704695 0.036890000000000034 0.02237
2 0.5085649999999999 0.709175 0.03688999999999998 0.02237
2 0.552045 0.706935 0.03689000000000009 0.02237
2 0.599475 0.708055 0.03688999999999998 0.02461000000000002
2 0.6429549999999999 0.706935 0.03688999999999998 0.02237
2 0.687745 0.709175 0.03688999999999998 0.02237
2 0.736495 0.709175 0.03689000000000009 0.02237
2 0.7832650000000001 0.71141 0.03556999999999999 0.022380000000000067
2 0.827405 0.708055 0.03688999999999998 0.02461000000000002
2 0.8682449999999999 0.71141 0.03688999999999998 0.022380000000000067
2 0.917655 0.708055 0.0355700000000001 0.02461000000000002
2 0.963765 0.712525 0.03556999999999999 0.02461000000000002
2 0.29644000000000004 0.20246 0.06324000000000002 0.03355999999999998
2 0.1245085 0.191275 0.05402299999999999 0.04250999999999999
2 0.0540185 0.31879 0.036891 0.07382
2 0.0935445 0.32103 0.03689100000000001 0.07382
2 0.13966 0.31991 0.031619999999999995 0.07605999999999996
2 0.18577 0.31991 0.03162000000000001 0.07605999999999996
2 0.22793000000000002 0.32103 0.03162000000000001 0.07382
2 0.270095 0.32215 0.036890000000000034 0.07606000000000002
2 0.3195 0.31767 0.03558 0.07606000000000002
2 0.36495500000000003 0.31991 0.036890000000000034 0.07605999999999996
2 0.40777 0.322145 0.030299999999999994 0.07158999999999999
2 0.402505 0.45189999999999997 0.03556999999999999 0.07605999999999996
2 0.32016 0.45414 0.03425999999999996 0.07606000000000002
2 0.27141000000000004 0.44743 0.03426000000000001 0.07606000000000002
2 0.22793 0.456375 0.03426000000000001 0.07607000000000003
2 0.185115 0.449665 0.03556999999999999 0.07607000000000003
2 0.13702 0.45414 0.03426000000000001 0.07606000000000002
2 0.095522 0.449665 0.035575999999999997 0.07607000000000003
2 0.052701 0.45525499999999997 0.034256 0.07383
2 0.40315999999999996 0.590605 0.03426000000000001 0.07606999999999997
2 0.360345 0.449665 0.035570000000000046 0.07607000000000003
2 0.364295 0.58389 0.03556999999999999 0.07606000000000002
2 0.3195 0.58501 0.03558 0.07382
2 0.268775 0.581655 0.03425 0.07606999999999997
2 0.225295 0.58501 0.03425 0.07382
2 0.183135 0.58501 0.03425 0.07382
2 0.13702 0.58613 0.03426000000000001 0.07606000000000002
2 0.093543 0.58501 0.03425400000000001 0.07382
2 0.052701 0.581655 0.034256 0.07606999999999997
2 0.227935 0.7349 0.03688999999999998 0.11410000000000009
2 0.27075000000000005 0.7349 0.03558 0.11410000000000009
2 0.318845 0.737135 0.03688999999999998 0.11409000000000002
2 0.362315 0.73378 0.03688999999999998 0.11186000000000007
2 0.407115 0.7349 0.03688999999999998 0.11410000000000009
2 0.18445499999999998 0.73378 0.036890000000000006 0.11186000000000007
2 0.13307 0.73378 0.03689999999999999 0.11186000000000007
2 0.094863 0.73378 0.036893999999999996 0.11186000000000007
2 0.050725000000000006 0.7349 0.032938 0.11410000000000009
3 0.40249999999999997 0.91611 0.04348000000000002 0.12304000000000004
7 0.18511499999999997 0.318795 0.02767 0.06935000000000002
7 0.22727 0.321025 0.030299999999999994 0.06935000000000002
7 0.27009 0.32103 0.03425999999999996 0.07382
7 0.0948605 0.723715 0.03161900000000001 0.08277000000000001
9 0.2299065 0.536915 0.399207 0.02685000000000004
9 0.2305665 0.40492 0.389987 0.026839999999999975
9 0.22792900000000002 0.668905 0.400522 0.02685000000000004
9 0.22792900000000002 0.8322149999999999 0.400522 0.02684999999999993
1 0.71673 0.59955 0.5612600000000001 0.79642
10 0.16469 0.9217 0.013179999999999997 0.14317999999999997
10 0.29908 0.92282 0.01317999999999997 0.14542
10 0.0335965 0.92058 0.014492999999999999 0.14542
10 0.58037 0.92058 0.014500000000000068 0.14542
10 0.71871 0.92282 0.014500000000000068 0.14542
10 0.853755 0.92058 0.013170000000000015 0.14542
10 0.990775 0.92058 0.013170000000000015 0.14542
11 0.099474 0.923935 0.111992 0.14764999999999995
11 0.23122499999999999 0.923935 0.11198999999999998 0.14764999999999995
11 0.33663 0.92394 0.05402000000000001 0.14317999999999997
11 0.509225 0.92058 0.12253000000000003 0.14542
10 0.44137 0.92058 0.010539999999999994 0.14542
11 0.64888 0.89038 0.11197999999999997 0.08053999999999994
11 0.7865599999999999 0.89038 0.11330000000000007 0.08053999999999994
11 0.918315 0.8881399999999999 0.11331000000000002 0.08053999999999994
11 0.933465 0.36689000000000005 0.10145000000000004 0.0358
