1 0.50078615 0.508301 0.9984277 0.983398
2 0.757865 0.28467 0.07233 0.06348000000000004
2 0.296385 0.299315 0.09905 0.053710000000000035
2 0.32782999999999995 0.40527 0.10849999999999999 0.05663999999999997
2 0.68003 0.395995 0.11792000000000002 0.05957000000000001
2 0.263365 0.62207 0.09277000000000002 0.07617999999999991
2 0.752355 0.62109 0.09277000000000002 0.0625
2 0.477985 0.6254850000000001 0.09119000000000005 0.053710000000000035
2 0.74764 0.50488 0.12422 0.06835999999999998
2 0.425315 0.510255 0.12734999999999996 0.049809999999999965
2 0.271225 0.759765 0.18711 0.07227000000000006
2 0.7877350000000001 0.742185 0.16037 0.07617000000000007
2 0.6077049999999999 0.622555 0.06761000000000006 0.05957000000000001
2 0.5652550000000001 0.50781 0.06761000000000006 0.05077999999999999
2 0.23663499999999998 0.507815 0.08332999999999999 0.06444999999999995
2 0.52123 0.40381 0.061319999999999986 0.03613999999999995
2 0.564465 0.291995 0.07233 0.037109999999999976
2 0.859275 0.39404 0.039309999999999956 0.04590000000000005
2 0.199685 0.40723 0.03459000000000001 0.05077999999999999
2 0.46148 0.29834 0.045599999999999974 0.028320000000000012
2 0.527515 0.7543949999999999 0.04874999999999996 0.04981000000000002
2 0.43632499999999996 0.7543949999999999 0.06761 0.05957000000000001
2 0.6320749999999999 0.7456050000000001 0.08805000000000007 0.07518999999999998
2 0.37814499999999995 0.17968499999999998 0.029870000000000008 0.013669999999999988
2 0.23349 0.17285499999999998 0.029880000000000018 0.013669999999999988
2 0.601415 0.154785 0.029869999999999952 0.012690000000000007
2 0.7672950000000001 0.14697 0.03145000000000009 0.012700000000000017
2 0.7272 0.87891 0.16510000000000002 0.06835999999999998
3 0.48585 0.919925 0.24842000000000003 0.14453000000000005
6 0.52437 0.29296999999999995 0.32232 0.08007999999999998
6 0.504715 0.41308500000000004 0.19496999999999998 0.048829999999999985
6 0.49056500000000003 0.51953 0.33019000000000004 0.06640000000000007
6 0.511795 0.62988 0.37893 0.08007999999999993
7 0.328615 0.387205 0.10377000000000003 0.01855000000000001
7 0.86085 0.38037 0.03302000000000005 0.01856000000000002
7 0.295595 0.28076500000000004 0.09119 0.014649999999999996
7 0.75786 0.26366999999999996 0.06603999999999999 0.017579999999999985
7 0.68003 0.375975 0.11163999999999996 0.015630000000000033
7 0.746855 0.498535 0.11320999999999992 0.04981000000000002
7 0.42846 0.508785 0.11792000000000002 0.04297000000000001
7 0.56525 0.507325 0.048740000000000006 0.04589000000000004
7 0.23821 0.50537 0.07390000000000002 0.05175999999999997
7 0.264935 0.5991200000000001 0.08332999999999999 0.024419999999999997
7 0.7893049999999999 0.7417 0.15408999999999995 0.07323999999999997
7 0.631285 0.7446250000000001 0.08018999999999998 0.07128999999999996
7 0.5283 0.7553700000000001 0.037739999999999996 0.04393999999999998
7 0.43474999999999997 0.754885 0.05187999999999998 0.052730000000000055
8 0.25629 0.80176 0.30504 0.07421999999999995
8 0.78066 0.79736 0.29401999999999995 0.057620000000000005
8 0.5251600000000001 0.791015 0.17610000000000003 0.019530000000000047
8 0.515725 0.19873000000000002 0.047169999999999934 0.04394000000000001
8 0.6022000000000001 0.0727555 0.12263999999999997 0.10644900000000002
8 0.06210735 0.155275 0.1179253 0.06641000000000001
8 0.20518999999999998 0.121095 0.06132000000000001 0.03514999999999999
8 0.9457549999999999 0.157225 0.10221000000000002 0.04100999999999999
8 0.911165 0.12207499999999999 0.039309999999999956 0.031249999999999986
9 0.507078 0.6713899999999999 0.979564 0.05175999999999992
9 0.4976408 0.44140999999999997 0.9795583999999999 0.05077999999999999
9 0.5023595 0.32372999999999996 0.979561 0.05175999999999997
10 0.429245 0.747555 0.025150000000000006 0.08887
10 0.623425 0.74658 0.02672999999999992 0.09082000000000001
10 0.38365 0.75537 0.028299999999999992 0.057620000000000005
10 0.6934 0.746585 0.028299999999999992 0.05957000000000001
10 0.38129 0.7167950000000001 0.05187999999999998 0.019529999999999936
10 0.69811 0.707035 0.05346000000000006 0.019530000000000047
11 0.24056499999999997 0.882325 0.16036999999999998 0.07325000000000004
11 0.04717 0.883785 0.084906 0.08202999999999994
11 0.04323915 0.967775 0.0738997 0.05859000000000003
