1 0.37988500000000003 0.567225 0.33203000000000005 0.86555
1 0.71338 0.5436985 0.33299999999999996 0.902523
2 0.26416 0.279835 0.03028 0.07899
2 0.404785 0.5907549999999999 0.02246999999999999 0.08235000000000003
2 0.057617 0.341175 0.044922 0.07730999999999999
2 0.15380500000000003 0.342015 0.04199 0.07562999999999998
2 0.9311499999999999 0.312605 0.040039999999999965 0.08739000000000002
2 0.9311499999999999 0.47227 0.040039999999999965 0.08740000000000003
2 0.057617 0.491595 0.044922 0.07898999999999995
2 0.15332 0.49075500000000005 0.04491999999999999 0.07731000000000005
2 0.15380500000000003 0.6352949999999999 0.04199 0.0773100000000001
2 0.056641000000000004 0.637815 0.044922000000000004 0.07899
2 0.26367 0.434455 0.02930000000000002 0.07899
2 0.262205 0.5907549999999999 0.030269999999999964 0.08235000000000003
2 0.35009500000000005 0.277315 0.024409999999999987 0.07730999999999996
2 0.404785 0.27731 0.02246999999999999 0.08068
2 0.40527 0.433615 0.023440000000000016 0.08066999999999996
2 0.34961 0.432775 0.02343999999999996 0.08234999999999998
2 0.35009999999999997 0.589915 0.02245999999999998 0.08067000000000002
2 0.49365499999999995 0.434455 0.030269999999999964 0.07899
2 0.49365499999999995 0.279835 0.030269999999999964 0.07899
2 0.49365499999999995 0.589075 0.030269999999999964 0.08234999999999992
2 0.40381 0.75042 0.022460000000000035 0.08235999999999999
2 0.34912 0.75042 0.02245999999999998 0.08235999999999999
2 0.49414 0.75042 0.029299999999999937 0.08235999999999999
2 0.49413999999999997 0.909245 0.03515999999999997 0.08403000000000005
2 0.40869 0.906725 0.03417999999999999 0.07899
2 0.597165 0.394955 0.030269999999999908 0.08067000000000002
2 0.59717 0.554625 0.028320000000000012 0.08067000000000002
2 0.5966800000000001 0.237815 0.029299999999999993 0.07899
2 0.59814 0.715125 0.0283199999999999 0.08234999999999992
2 0.689455 0.394955 0.025390000000000024 0.07730999999999999
2 0.739255 0.394955 0.025390000000000024 0.07730999999999999
2 0.688965 0.23529500000000003 0.026370000000000005 0.07731000000000002
2 0.739255 0.23529500000000003 0.025390000000000024 0.07731000000000002
2 0.688475 0.553785 0.025389999999999913 0.08235000000000003
2 0.739255 0.5546249999999999 0.025390000000000024 0.08402999999999994
2 0.828615 0.395795 0.03027000000000002 0.07899
2 0.82959 0.553785 0.028320000000000012 0.08235000000000003
2 0.828615 0.23613499999999998 0.03027000000000002 0.07898999999999998
2 0.82959 0.715125 0.028320000000000012 0.08234999999999992
2 0.688475 0.715965 0.025389999999999913 0.08402999999999994
2 0.740235 0.715125 0.025390000000000024 0.08234999999999992
2 0.93213 0.6352949999999999 0.040040000000000076 0.08738999999999997
2 0.93213 0.7991600000000001 0.040040000000000076 0.09243999999999997
3 0.686525 0.90084 0.03125 0.13782000000000005
4 0.375975 0.19411499999999998 0.14649 0.035290000000000016
4 0.5957049999999999 0.179835 0.052730000000000055 0.01680999999999999
4 0.6879850000000001 0.17899500000000002 0.04785000000000006 0.01848999999999998
4 0.7387699999999999 0.17899500000000002 0.049799999999999955 0.01848999999999998
4 0.8276349999999999 0.17899500000000002 0.05567 0.01848999999999998
5 0.057129 0.533615 0.051758 0.011769999999999947
5 0.15283 0.533615 0.04980000000000001 0.011769999999999947
5 0.262205 0.32184999999999997 0.04394999999999999 0.011760000000000048
5 0.34961 0.32184999999999997 0.04102 0.011760000000000048
5 0.40381 0.32101 0.040039999999999965 0.010080000000000033
5 0.49560499999999996 0.32016999999999995 0.04198999999999997 0.008400000000000019
5 0.262695 0.47815 0.04296999999999998 0.011759999999999993
5 0.34912 0.47731 0.03808 0.010079999999999978
5 0.40332 0.47563 0.039059999999999984 0.010079999999999978
5 0.49365 0.47731 0.04393999999999998 0.010079999999999978
5 0.493165 0.80168 0.04883000000000004 0.020160000000000067
5 0.40234000000000003 0.803365 0.044920000000000015 0.02353000000000005
5 0.348145 0.8025249999999999 0.045889999999999986 0.021850000000000036
5 0.59668 0.3 0.041020000000000056 0.048740000000000006
5 0.597165 0.46974499999999997 0.03809000000000007 0.07227
5 0.597165 0.77479 0.04199000000000008 0.04034000000000004
5 0.688965 0.471425 0.03809000000000007 0.07227
5 0.739255 0.471425 0.037109999999999976 0.07227
5 0.827145 0.47226500000000005 0.037109999999999976 0.07395000000000002
5 0.8291 0.7739499999999999 0.041019999999999945 0.0353
5 0.688965 0.77563 0.036129999999999995 0.0353
5 0.739745 0.77563 0.036129999999999995 0.03866000000000003
5 0.687985 0.3 0.036129999999999995 0.048740000000000006
5 0.73926 0.29916 0.03515999999999997 0.04705999999999999
5 0.828125 0.29832000000000003 0.04100999999999999 0.04873999999999995
4 0.930175 0.234455 0.061529999999999974 0.028569999999999984
8 0.930175 0.55714 0.04198999999999997 0.05881999999999998
9 0.378905 0.6596599999999999 0.3281299999999999 0.055459999999999954
9 0.38086 0.8361350000000001 0.32811999999999997 0.015129999999999977
9 0.7133799999999999 0.82269 0.33106 0.011759999999999993
9 0.71338 0.142015 0.32909999999999995 0.031930000000000014
9 0.714845 0.62017 0.3281299999999999 0.05377999999999994
10 0.63623 0.408405 0.014639999999999986 0.38319
10 0.5581050000000001 0.40756499999999996 0.018549999999999955 0.38487
10 0.788085 0.40924499999999997 0.015630000000000033 0.38487
10 0.8667 0.408405 0.014639999999999986 0.38655
9 0.711915 0.21933 0.32813000000000003 0.011759999999999993
10 0.891115 0.5563 0.018550000000000066 0.24538
10 0.9707 0.5563 0.01757999999999993 0.24538
10 0.890135 0.41596500000000003 0.020510000000000028 0.03192999999999996
10 0.970215 0.41512499999999997 0.020509999999999917 0.03360999999999997
10 0.78809 0.6210100000000001 0.01758000000000004 0.04202000000000006
10 0.63672 0.61765 0.01758000000000004 0.04202000000000006
10 0.557615 0.6210100000000001 0.019530000000000047 0.04202000000000006
10 0.867675 0.6210100000000001 0.018549999999999955 0.04202000000000006
5 0.92969 0.694955 0.05078000000000005 0.015130000000000088
2 0.5898399999999999 0.912605 0.04491999999999996 0.08067000000000002
3 0.62451 0.92269 0.022459999999999924 0.09748000000000001
11 0.60205 0.856305 0.06933999999999996 0.031930000000000014
11 0.740235 0.8756299999999999 0.025390000000000024 0.08740000000000003
11 0.82715 0.805045 0.10155999999999998 0.02689000000000008
11 0.771 0.890755 0.016599999999999948 0.04032999999999998
11 0.79297 0.890755 0.015620000000000078 0.04032999999999998
11 0.86328 0.889915 0.015620000000000078 0.03865000000000007
11 0.828615 0.90168 0.036129999999999995 0.13950000000000007
5 0.5976600000000001 0.613445 0.04491999999999996 0.03025
5 0.68994 0.614285 0.04394000000000009 0.028569999999999984
5 0.73926 0.613445 0.041019999999999945 0.02688999999999997
5 0.8276399999999999 0.6151249999999999 0.04589999999999994 0.02688999999999997
5 0.49365 0.643695 0.040039999999999965 0.01680999999999999
5 0.402835 0.642855 0.036129999999999995 0.015129999999999977
5 0.34912 0.642015 0.036140000000000005 0.01680999999999999
5 0.26172 0.6445350000000001 0.04101999999999997 0.015129999999999977
