1 0.4541 0.5030125 0.5507799999999999 0.933735
1 0.8359399999999999 0.576055 0.21484000000000003 0.73043
2 0.280275 0.29292 0.04296999999999995 0.11898
2 0.41015500000000005 0.29292 0.04297000000000001 0.11898
2 0.574215 0.29443 0.04296999999999995 0.11898
2 0.671875 0.29443 0.04296999999999995 0.11898
2 0.6713849999999999 0.5256000000000001 0.05957000000000001 0.14458000000000004
2 0.573735 0.5241 0.0595699999999999 0.14458
2 0.409665 0.52259 0.05957000000000001 0.14458
2 0.281735 0.5241 0.05957000000000001 0.14458
2 0.407715 0.80271 0.04981000000000002 0.15661999999999998
2 0.28076 0.798195 0.04980000000000001 0.15663000000000005
3 0.61084 0.836595 0.10839999999999994 0.21235000000000004
3 0.832515 0.82304 0.11620999999999992 0.23042000000000007
2 0.070801 0.676205 0.047852000000000006 0.12348999999999999
2 0.02050778 0.6716850000000001 0.03906244 0.12348999999999999
2 0.02099605 0.894575 0.0380859 0.11746999999999996
2 0.0732425 0.894575 0.04296900000000001 0.11746999999999996
2 0.795895 0.336595 0.04296999999999995 0.11596999999999996
2 0.8779300000000001 0.33433999999999997 0.04296 0.11445999999999995
2 0.794925 0.554215 0.04296999999999995 0.11145000000000005
2 0.8769549999999999 0.551955 0.042970000000000064 0.11295000000000005
4 0.79248 0.464605 0.07713999999999999 0.052710000000000035
4 0.876465 0.461595 0.07714999999999994 0.05270999999999998
4 0.28027 0.43223 0.10741999999999999 0.07530000000000003
4 0.41015999999999997 0.43072 0.10742000000000002 0.07530000000000003
4 0.620605 0.431475 0.20801000000000003 0.07681000000000004
5 0.279785 0.36822 0.07714999999999997 0.034640000000000004
5 0.410155 0.368975 0.07813000000000003 0.036150000000000015
5 0.574705 0.36973 0.07715000000000005 0.034640000000000004
5 0.67041 0.37048000000000003 0.0771400000000001 0.036140000000000005
5 0.280275 0.62199 0.10936999999999997 0.06625999999999999
5 0.410645 0.623495 0.10838999999999999 0.06627000000000005
5 0.62305 0.625 0.20507999999999993 0.06625999999999999
5 0.794435 0.637045 0.0654300000000001 0.06325000000000003
5 0.876465 0.63554 0.061529999999999974 0.06024000000000007
9 0.45508 0.11445749999999999 0.54102 0.141565
9 0.45459 0.69051 0.5419999999999999 0.07982
9 0.83545 0.233435 0.20799999999999996 0.04217000000000001
9 0.83545 0.396085 0.20996000000000004 0.03914999999999996
9 0.83594 0.646085 0.20897999999999994 0.08433000000000002
10 0.742675 0.314005 0.014650000000000052 0.11896999999999996
10 0.931155 0.30798 0.01464999999999994 0.12499999999999997
10 0.742675 0.383285 0.018549999999999955 0.016569999999999974
10 0.9306650000000001 0.37800999999999996 0.017569999999999975 0.015060000000000018
10 0.7431650000000001 0.24473 0.017569999999999975 0.019580000000000014
10 0.9306650000000001 0.23644500000000002 0.017569999999999975 0.018070000000000003
11 0.519045 0.82455 0.04784999999999995 0.05571999999999999
11 0.469725 0.82455 0.04686999999999997 0.05571999999999999
11 0.470215 0.76205 0.03222999999999998 0.054219999999999935
11 0.5200199999999999 0.7793650000000001 0.032220000000000026 0.02259
11 0.69922 0.78916 0.03320000000000001 0.09036
