1 0.50000155 0.511995 0.9960969 0.70015
2 0.0766605 0.27586 0.036133000000000005 0.08396
2 0.14599499999999999 0.27436 0.03613000000000002 0.08396
2 0.21338000000000001 0.27511 0.03613999999999998 0.08246
2 0.280765 0.27436 0.036129999999999995 0.08396
2 0.368655 0.269865 0.036129999999999995 0.08995
2 0.42578 0.270615 0.03515999999999997 0.09145
2 0.49560499999999996 0.272865 0.03612999999999994 0.08995
2 0.562015 0.271365 0.036129999999999995 0.08995
2 0.629395 0.272865 0.036129999999999995 0.08995
2 0.705565 0.272865 0.036129999999999995 0.08995
2 0.771975 0.274365 0.036129999999999995 0.08995
2 0.84131 0.272865 0.03614000000000006 0.08995
2 0.906735 0.272865 0.036129999999999995 0.08995
2 0.078125 0.42203999999999997 0.035156 0.09446000000000004
2 0.14551 0.42203999999999997 0.035160000000000025 0.09446000000000004
2 0.21387 0.42129 0.03516 0.09596000000000005
2 0.28125 0.42129 0.03515999999999997 0.09596000000000005
2 0.077637 0.571215 0.03418000000000001 0.09594999999999998
2 0.14551 0.571215 0.035160000000000025 0.09594999999999998
2 0.21289000000000002 0.571215 0.03516 0.09594999999999998
2 0.28125 0.571215 0.03515999999999997 0.09594999999999998
2 0.078125 0.7346349999999999 0.035156 0.09894999999999998
2 0.14551 0.7346349999999999 0.035160000000000025 0.09894999999999998
2 0.21387 0.735385 0.03516 0.09744999999999993
2 0.28125 0.7346349999999999 0.03515999999999997 0.09894999999999998
2 0.42871000000000004 0.42278499999999997 0.035160000000000025 0.09595000000000004
2 0.49658 0.42278499999999997 0.03417999999999993 0.09595000000000004
2 0.5625 0.424285 0.03516000000000008 0.09595000000000004
2 0.628905 0.42578499999999997 0.035150000000000015 0.09595000000000004
2 0.42871000000000004 0.571215 0.035160000000000025 0.09594999999999998
2 0.49561 0.572715 0.034180000000000044 0.09594999999999998
2 0.5625 0.574215 0.03516000000000008 0.09594999999999998
2 0.62793 0.574215 0.03516000000000008 0.09594999999999998
2 0.7050799999999999 0.574215 0.03515999999999997 0.09594999999999998
2 0.771485 0.574215 0.035150000000000015 0.09594999999999998
2 0.42822 0.733135 0.03417999999999999 0.09594999999999998
2 0.49413999999999997 0.733885 0.03515999999999997 0.10044999999999993
2 0.561525 0.7346349999999999 0.035149999999999904 0.09894999999999998
2 0.62793 0.7346349999999999 0.03516000000000008 0.09894999999999998
2 0.7050799999999999 0.7346349999999999 0.03515999999999997 0.09894999999999998
2 0.77295 0.7346349999999999 0.03417999999999999 0.09894999999999998
2 0.839845 0.7346349999999999 0.035150000000000015 0.09894999999999998
2 0.9067400000000001 0.7346349999999999 0.03417999999999999 0.09894999999999998
2 0.907225 0.571215 0.03711000000000009 0.09294999999999998
2 0.838865 0.570465 0.037109999999999976 0.09145000000000003
2 0.84131 0.41979 0.03614000000000006 0.08696000000000004
2 0.772465 0.42129 0.037109999999999976 0.08696000000000004
2 0.706545 0.42054 0.036129999999999995 0.08546000000000004
2 0.353515 0.567465 0.03514999999999996 0.09145000000000003
2 0.353025 0.42129 0.036129999999999995 0.09596000000000005
3 0.35302500000000003 0.76162 0.03809000000000001 0.11394000000000004
2 0.14599499999999999 0.8380799999999999 0.026369999999999977 0.03598000000000001
2 0.214355 0.83733 0.026370000000000005 0.03747999999999996
2 0.0786135 0.83733 0.026367 0.03747999999999996
2 0.282715 0.8380799999999999 0.026370000000000005 0.03598000000000001
2 0.42822499999999997 0.84033 0.024409999999999987 0.02848000000000006
2 0.56104 0.83958 0.028320000000000012 0.029980000000000007
2 0.62842 0.83958 0.028320000000000012 0.026980000000000004
2 0.706055 0.8380799999999999 0.029290000000000038 0.029980000000000007
2 0.77295 0.8358300000000001 0.028320000000000012 0.034479999999999955
2 0.83936 0.83733 0.0283199999999999 0.034480000000000066
5 0.07714850000000001 0.31934 0.04101500000000001 0.006000000000000005
5 0.14551 0.31859000000000004 0.04102 0.007500000000000007
5 0.21289 0.31934 0.04102 0.006000000000000005
5 0.282225 0.31709 0.04100999999999999 0.007500000000000007
5 0.369625 0.31709 0.04199000000000003 0.007500000000000007
5 0.42676000000000003 0.31934 0.04102 0.006000000000000005
5 0.49658500000000005 0.31784 0.04199000000000003 0.006000000000000005
5 0.5629850000000001 0.31934 0.04199000000000008 0.006000000000000005
5 0.628905 0.32084 0.04100999999999999 0.006000000000000005
5 0.84082 0.46477 0.041020000000000056 0.006000000000000005
5 0.7724599999999999 0.46477 0.041019999999999945 0.006000000000000005
5 0.70801 0.46477 0.041019999999999945 0.006000000000000005
5 0.630375 0.47376 0.04198999999999997 0.006000000000000005
5 0.563965 0.471515 0.04199000000000008 0.007489999999999997
5 0.49560499999999996 0.471515 0.04198999999999997 0.007489999999999997
5 0.42969 0.471515 0.04102 0.007489999999999997
5 0.353515 0.470765 0.041010000000000046 0.005989999999999995
5 0.282715 0.470765 0.04198999999999997 0.005989999999999995
5 0.214845 0.470015 0.04100999999999999 0.007489999999999997
5 0.146485 0.470765 0.04100999999999999 0.005989999999999995
5 0.078613 0.47226500000000005 0.041992 0.005989999999999995
5 0.077637 0.61919 0.041992 0.006000000000000005
5 0.14551 0.6199399999999999 0.04102 0.007499999999999951
5 0.21387 0.6199399999999999 0.04102 0.007499999999999951
5 0.282225 0.62069 0.04100999999999999 0.006000000000000005
5 0.353515 0.61544 0.041010000000000046 0.007500000000000062
5 0.42871000000000004 0.62069 0.04102 0.006000000000000005
5 0.49609499999999995 0.62219 0.041009999999999935 0.006000000000000005
5 0.563475 0.62219 0.0410100000000001 0.006000000000000005
5 0.629395 0.62069 0.04198999999999997 0.006000000000000005
5 0.70703 0.62219 0.041019999999999945 0.006000000000000005
5 0.773925 0.62219 0.043950000000000045 0.006000000000000005
5 0.84082 0.62144 0.04492000000000007 0.007500000000000062
5 0.908205 0.62219 0.04100999999999999 0.006000000000000005
5 0.9106449999999999 0.787855 0.043950000000000045 0.007489999999999997
5 0.84131 0.786355 0.04394000000000009 0.007489999999999997
5 0.77344 0.786355 0.04492000000000007 0.007489999999999997
5 0.706055 0.786355 0.044929999999999914 0.007489999999999997
5 0.6293949999999999 0.786355 0.043950000000000045 0.007489999999999997
5 0.5625 0.785605 0.04492000000000007 0.008990000000000054
5 0.49463 0.7841100000000001 0.043939999999999924 0.009000000000000008
5 0.430175 0.78486 0.04394999999999999 0.007500000000000062
5 0.2832 0.786355 0.04491999999999996 0.007489999999999997
5 0.21338000000000001 0.786355 0.04394000000000001 0.007489999999999997
5 0.146485 0.786355 0.044929999999999984 0.007489999999999997
5 0.0786155 0.786355 0.043949 0.007489999999999997
8 0.35546999999999995 0.68591 0.07422000000000001 0.07345999999999997
9 0.4999981 0.350825 0.9921838000000001 0.01798999999999995
9 0.4995131 0.501495 0.9912138 0.019490000000000007
9 0.5004864 0.6634150000000001 0.9912072000000001 0.016490000000000005
9 0.49853485000000003 0.793855 0.9912103 0.016490000000000005
